0.710033 0.0411488 0.703068 0.0479419 0.630561 0.0245849
0.333336 0.531176 0.649132 0.112795 0.670876 0.0275428
0.518609 0.45903 0.611056 0.530527 0.712177 0.127488
0.535195 0.0804676 0.724913 0.0844313 0.719616 0.108438
0.405882 0.576949 0.0576414 0.661373 0.0740379 0.694715
0.345773 0.558901 0.672332 0.155129 0.668651 0.0845497
0.206556 0.556302 0.169029 0.70766 0.0379497 0.620172
0.603458 0.606573 0.658977 0.186615 0.687906 0.0407476
0.58026 0.42291 0.667119 0.08951 0.672099 0.103128
0.315392 0.611098 0.525942 0.376818 0.693633 0.123156
0.619458 0.317184 0.719526 0.120577 0.653318 0.0181993
0.16793 0.620266 0.145347 0.660344 0.0512568 0.63718
0.539004 0.163803 0.624672 0.0314989 0.656853 0.0837269
0.587219 0.389618 0.667148 0.156899 0.621932 0.0616213
0.536298 0.599242 0.702724 0.052645 0.701043 0.0295247
0.478249 0.398724 0.635183 0.119099 0.640877 0.0409909
0.728961 0.101584 0.642937 0.0702941 0.648844 0.0709692
0.626021 0.305208 0.643222 0.0785728 0.684852 0.027524
0.658233 0.223057 0.638913 0.0284181 0.66706 0.0818973
0.390428 0.387919 0.732094 0.0933684 0.61112 0.0206222
0.531538 0.36422 0.511302 0.305089 0.695525 0.0897149
0.313172 0.440536 0.356732 0.652622 0.247896 0.66317
0.562486 0.263021 0.686973 0.0258406 0.684835 0.0299906
0.659489 0.0978694 0.680036 0.0620255 0.660362 0.0836467
0.61796 0.169152 0.693541 0.0646217 0.685923 0.0621596
0.507635 0.598728 0.667413 0.147928 0.681691 0.0850521
0.168961 0.51092 0.0866116 0.686647 0.0871651 0.620315
0.206015 0.567353 0.0771765 0.676867 0.0986782 0.646445
0.519803 0.208708 0.634437 0.0597239 0.619082 0.0315085
0.624444 0.143269 0.625381 0.023392 0.663995 0.100812
0.446843 0.394178 0.646972 0.151517 0.691881 0.0680624
0.587955 0.191442 0.701702 0.158625 0.677961 0.0393458
0.0629654 0.623859 0.0502495 0.658724 0.0810094 0.61734
0.529842 0.505935 0.683793 0.100943 0.711107 0.046414
0.299107 0.641145 0.0768698 0.715588 0.107621 0.633754
0.520086 0.497111 0.577805 0.530982 0.675214 0.073029
0.398582 0.573202 0.368418 0.479638 0.692503 0.0372647
0.628145 0.0938007 0.673729 0.0471231 0.633012 0.0650159
0.623699 0.0925072 0.678896 0.0539635 0.690492 0.0389486
0.544076 0.539197 0.646477 0.208023 0.704603 0.122944
0.655723 0.0778159 0.677341 0.0391751 0.710548 0.0761642
0.252982 0.512375 0.0710705 0.681413 0.0428686 0.680944
0.581138 0.312177 0.635198 0.0534862 0.68936 0.059831
0.649399 0.071105 0.70839 0.112912 0.710527 0.0671053
0.127459 0.630816 0.118419 0.695871 0.0716576 0.545383
0.62009 0.158883 0.687053 0.0469697 0.720707 0.167795
0.415271 0.197224 0.677625 0.052619 0.671694 0.0506148
0.580194 0.532036 0.623866 0.0872918 0.698157 0.0579688
0.643425 0.0728616 0.624799 0.053643 0.633001 0.0691489
0.564792 0.451508 0.546609 0.40454 0.692186 0.0624242
0.470803 0.307321 0.676678 0.0950312 0.682774 0.0640311
0.662138 0.0914146 0.691337 0.0457505 0.612443 0.0409543
0.551814 0.506925 0.692296 0.296265 0.687796 0.0615096
0.644958 0.21309 0.642439 0.0516605 0.676914 0.087631
0.136225 0.597943 0.0564226 0.620983 0.109168 0.58929
0.445183 0.338447 0.629008 0.0447565 0.686945 0.0929657
0.0848374 0.408683 0.054713 0.647784 0.0841276 0.684415
0.616937 0.218945 0.698121 0.080929 0.633856 0.0557204
0.341046 0.318176 0.665925 0.041321 0.683784 0.12625
0.570869 0.530867 0.635127 0.111505 0.638017 0.0480612
0.610487 0.104557 0.667247 0.0657569 0.609807 0.0540584
0.452268 0.420827 0.615074 0.286608 0.711351 0.0843994
0.638541 0.260299 0.685532 0.145834 0.673511 0.0760969
0.0612074 0.671738 0.0942114 0.66518 0.0508062 0.673298
0.601433 0.162617 0.692755 0.0957096 0.695015 0.0582708
0.671328 0.102438 0.678085 0.0712775 0.667135 0.0516268
0.686104 0.154556 0.658995 0.0710335 0.646765 0.0726884
0.599091 0.367153 0.670895 0.0273414 0.680557 0.0963826
0.60347 0.107323 0.647307 0.0639546 0.686723 0.0774197
0.182799 0.631878 0.0662559 0.628934 0.0729624 0.63201
0.591313 0.155181 0.661387 0.0288336 0.712552 0.0558117
0.590197 0.424522 0.673784 0.114947 0.623199 0.0498346
0.653023 0.228987 0.720902 0.0937424 0.670711 0.110243
0.641161 0.0886861 0.695064 0.0559017 0.659768 0.0307424
0.664787 0.112163 0.659323 0.0618331 0.646169 0.051877
0.592997 0.50479 0.655441 0.063883 0.673485 0.128458
0.53608 0.163441 0.712147 0.0489353 0.719149 0.075218
0.457185 0.51354 0.504203 0.491662 0.700729 0.132414
0.62021 0.117422 0.663483 0.063407 0.674486 0.0702156
0.2252 0.565092 0.0747547 0.660299 0.0879182 0.647705
0.520098 0.491111 0.677377 0.0685861 0.696864 0.0377024
0.627361 0.288172 0.652309 0.0473239 0.658439 0.040889
0.574219 0.103345 0.719534 0.0594566 0.663746 0.0409925
0.591091 0.212476 0.666372 0.0531404 0.675259 0.0418061
0.64197 0.418998 0.638736 0.0856742 0.624058 0.060189
0.584679 0.159581 0.687597 0.0577241 0.700487 0.0776874
0.580667 0.376961 0.627908 0.449294 0.674867 0.0641524
0.51464 0.120165 0.683474 0.0574925 0.665521 0.0718946
0.60591 0.0964227 0.680259 0.132985 0.71908 0.0884366
0.565077 0.259812 0.67063 0.0558893 0.671028 0.0716414
0.678617 0.0936722 0.720011 0.073675 0.692001 0.0560333
0.684483 0.129716 0.598319 0.0587836 0.689037 0.0915668
0.641581 0.199664 0.698494 0.0401219 0.669342 0.0463854
0.611229 0.091814 0.702855 0.0629873 0.671016 0.0689968
0.71868 0.110999 0.665268 0.0576689 0.694389 0.0975243
0.202955 0.641719 0.0969875 0.686241 0.0524299 0.6523
0.647819 0.119042 0.683695 0.0407566 0.680947 0.134839
0.536339 0.177464 0.660517 0.0567239 0.708198 0.0429319
0.127077 0.669342 0.0806524 0.675594 0.10726 0.670822
0.68754 0.173689 0.639566 0.071313 0.606841 0.119959
0.598993 0.138117 0.66586 0.0445234 0.702769 0.0532872
0.15863 0.521324 0.162091 0.68149 0.114128 0.710186
0.657854 0.183445 0.684615 0.0684318 0.651921 0.0462374
0.667925 0.137599 0.725182 0.0561487 0.68047 0.0681628
0.600315 0.210139 0.697366 0.0704203 0.678828 0.0417973
0.633343 0.0607619 0.680339 0.105877 0.660835 0.0367113
0.0929973 0.577927 0.0873083 0.627298 0.0582487 0.611497
0.664684 0.145496 0.71831 0.0512477 0.677011 0.0645059
0.310343 0.612505 0.132681 0.665394 0.0428952 0.623826
0.674913 0.222936 0.67834 0.0631839 0.640545 0.0376254
0.11398 0.377113 0.0978665 0.673437 0.0718544 0.661697
0.439173 0.147393 0.635031 0.0548686 0.716619 0.0592166
0.659803 0.0949324 0.662295 0.0441742 0.656236 0.0892385
0.559 0.378589 0.71251 0.0807935 0.685171 0.0558546
0.665167 0.246803 0.667169 0.0436721 0.685243 0.029162
0.560315 0.269357 0.667665 0.0254861 0.672948 0.0498295
0.331637 0.479298 0.0712861 0.650727 0.0640645 0.679446
0.590208 0.097019 0.654639 0.119795 0.700918 0.0539366
0.615403 0.380007 0.704288 0.0756801 0.695663 0.0848391
0.436652 0.437815 0.709191 0.160167 0.679415 0.066195
0.643086 0.300006 0.656968 0.0341877 0.671259 0.0348783
0.618595 0.0372889 0.695589 0.0310704 0.652158 0.0755684
0.571906 0.424161 0.707839 0.0560213 0.682957 0.0589375
0.700036 0.210726 0.678477 0.0394534 0.640806 0.053184
0.473786 0.457363 0.658615 0.058131 0.660594 0.0872586
0.645156 0.10113 0.661639 0.0831683 0.685477 0.0894606
0.607675 0.11878 0.66634 0.115922 0.655024 0.153424
0.710489 0.160549 0.601141 0.0406089 0.6789 0.0360893
0.226753 0.600758 0.106718 0.70973 0.0817162 0.706779
0.61197 0.23272 0.681386 0.0892528 0.639403 0.0665694
0.288095 0.432498 0.0631489 0.677678 0.0536472 0.645796
0.610573 0.267835 0.728223 0.0692999 0.678935 0.0326899
0.529866 0.364309 0.484296 0.421846 0.319238 0.524542
0.639823 0.144095 0.675335 0.0352399 0.639111 0.0218302
0.569038 0.374706 0.654147 0.0562148 0.674204 0.0478532
0.517717 0.238181 0.697914 0.109159 0.68855 0.0415335
0.611135 0.111326 0.66625 0.046324 0.66506 0.115432
0.120271 0.686113 0.0941017 0.628572 0.0794261 0.659662
0.44733 0.528639 0.629309 0.185092 0.614337 0.0479913
0.472813 0.192038 0.677958 0.0483778 0.663459 0.0650753
0.599656 0.46731 0.593199 0.29426 0.676368 0.0596934
0.21155 0.379498 0.461027 0.43279 0.675377 0.0495719
0.682559 0.14464 0.643479 0.0292247 0.64931 0.0775056
0.314258 0.577676 0.0794437 0.687048 0.0986932 0.674903
0.647027 0.186115 0.692068 0.0437454 0.659951 0.0792311
0.306897 0.561213 0.0599736 0.639643 0.110051 0.645489
0.631009 0.361011 0.684418 0.0899038 0.672253 0.0514892
0.516696 0.543816 0.561085 0.411549 0.690194 0.0402451
0.525385 0.323326 0.680126 0.0410787 0.68938 0.0771635
0.368932 0.47565 0.0640988 0.679847 0.113071 0.703261
0.330316 0.269711 0.662893 0.0303029 0.686742 0.0820512
0.501666 0.406583 0.667422 0.123542 0.720517 0.139914
0.669136 0.162381 0.738957 0.0932011 0.705347 0.0593625
0.542146 0.141954 0.664009 0.0609174 0.68763 0.0596851
0.358466 0.605986 0.253656 0.609995 0.178618 0.660905
0.144562 0.661614 0.0572204 0.671713 0.0977327 0.6229
0.612436 0.359859 0.655282 0.0727716 0.619029 0.0772645
0.255151 0.640626 0.0698718 0.61566 0.0555258 0.615715
0.649511 0.102133 0.649528 0.0341998 0.741426 0.100888
0.457885 0.400894 0.565623 0.374725 0.654375 0.0495527
0.244466 0.609073 0.113818 0.679344 0.100871 0.639257
0.60244 0.171587 0.655702 0.0351968 0.690651 0.0436388
0.296686 0.579939 0.0735761 0.697522 0.0591649 0.644272
0.0816006 0.55602 0.0783882 0.679364 0.0693322 0.638336
0.147524 0.529883 0.0707442 0.688717 0.0565554 0.657715
0.628642 0.126328 0.690334 0.0624244 0.703459 0.0341534
0.53857 0.430993 0.583675 0.411506 0.700382 0.0648243
0.634522 0.402019 0.679566 0.055279 0.667352 0.0451668
0.556118 0.309276 0.70204 0.0446032 0.666402 0.0345024
0.688522 0.198494 0.722215 0.0554382 0.669366 0.0332228
0.214596 0.653041 0.0583518 0.647912 0.0744461 0.683995
0.634676 0.17104 0.632104 0.0581779 0.730814 0.109042
0.13115 0.667359 0.0640879 0.688604 0.0478569 0.58447
0.350032 0.501423 0.0646423 0.683668 0.136277 0.674693
0.0724901 0.638702 0.0380632 0.681963 0.0937298 0.620168
0.62967 0.251453 0.665059 0.0837011 0.702144 0.102603
0.620763 0.281799 0.677265 0.058289 0.729872 0.158225
0.479098 0.286942 0.661773 0.0559385 0.690124 0.0274165
0.66925 0.127452 0.641658 0.0607867 0.714819 0.0943878
0.433904 0.151742 0.658112 0.036766 0.715502 0.0460854
0.551924 0.147939 0.717192 0.0432646 0.673552 0.0641411
0.648188 0.123363 0.662226 0.0726721 0.623492 0.0428656
0.650789 0.199869 0.681553 0.0593788 0.685856 0.15179
0.393207 0.454017 0.471311 0.461231 0.146919 0.683537
0.186468 0.609667 0.0905674 0.698678 0.042752 0.663666
0.214986 0.390764 0.0412306 0.658504 0.111399 0.64591
0.656729 0.175588 0.737323 0.118961 0.622749 0.0424467
0.467513 0.611114 0.504339 0.623648 0.681679 0.0958406
0.0887981 0.668319 0.0820101 0.655371 0.15889 0.681392
0.671159 0.227182 0.645923 0.0443826 0.619469 0.0368064
0.636957 0.154041 0.661127 0.0694226 0.654114 0.0366659
0.263388 0.59955 0.0567196 0.649476 0.0936241 0.652383
0.646312 0.124708 0.665607 0.106657 0.683113 0.0763278
0.631628 0.163132 0.674469 0.0261697 0.660411 0.0675386
0.20718 0.467792 0.068828 0.681062 0.128112 0.669385
0.689491 0.257713 0.664659 0.0316186 0.711298 0.0759464
0.598201 0.254757 0.682346 0.0503537 0.70345 0.0701059
0.68346 0.247789 0.653394 0.0238669 0.645652 0.0630752
0.658745 0.279697 0.664745 0.0632785 0.73565 0.117178
0.659677 0.253261 0.656739 0.0580704 0.678282 0.0938346
0.224963 0.541254 0.0536579 0.653116 0.0611593 0.679378
0.67105 0.263462 0.651522 0.0700199 0.645248 0.0343992
0.502763 0.550493 0.0274238 0.629458 0.264226 0.615128
0.620585 0.457378 0.695677 0.141933 0.652653 0.0454065
0.295923 0.264047 0.655061 0.0345448 0.694855 0.0799423
0.599734 0.116775 0.650637 0.0551662 0.640234 0.0834508
0.574658 0.563408 0.536542 0.502558 0.688561 0.0871352
0.394677 0.546236 0.555211 0.416827 0.679613 0.0594862
0.51251 0.307712 0.717544 0.0549585 0.701661 0.0451098
0.113336 0.655938 0.0518038 0.636073 0.0381391 0.615998
0.223869 0.601102 0.0987733 0.648536 0.0731361 0.62851
0.652528 0.293969 0.670644 0.0388666 0.724341 0.0668542
0.151223 0.643534 0.121257 0.664708 0.0746263 0.621798
0.704609 0.0691015 0.644624 0.0563919 0.70121 0.043309
0.250125 0.536452 0.0745237 0.668209 0.212496 0.726547
0.293866 0.638194 0.581281 0.375701 0.674455 0.0186903
0.552137 0.145173 0.696469 0.207729 0.666089 0.0623118
0.547981 0.157457 0.714014 0.140921 0.633666 0.046959
0.653064 0.157419 0.687415 0.0770256 0.706822 0.129874
0.168996 0.507725 0.0623334 0.657779 0.0662377 0.681363
0.465471 0.490571 0.551836 0.484101 0.684801 0.0291751
0.667642 0.104197 0.69675 0.0951772 0.671653 0.0679587
0.185684 0.671982 0.0981347 0.695805 0.0663763 0.686294
0.447372 0.261085 0.689257 0.102501 0.710381 0.0580298
0.492997 0.413758 0.656134 0.171453 0.62924 0.0351122
0.619627 0.297346 0.656714 0.0735539 0.692046 0.0862159
0.592027 0.0644238 0.693531 0.130867 0.716965 0.0472196
0.442389 0.244776 0.586205 0.0153898 0.657514 0.0309816
0.414684 0.39657 0.666203 0.0496291 0.615881 0.0474456
0.0686168 0.635866 0.0978776 0.697382 0.0707785 0.652108
0.675176 0.240681 0.692893 0.0830039 0.631445 0.0639442
0.278387 0.543568 0.482909 0.505647 0.659227 0.408718
0.634371 0.299507 0.635773 0.11749 0.667386 0.0560774
0.614467 0.12522 0.591458 0.0651057 0.703102 0.0747804
0.545264 0.460273 0.636455 0.0584718 0.701216 0.0420676
0.335061 0.449394 0.047862 0.703852 0.0297548 0.650485
0.328122 0.290809 0.698198 0.15364 0.676589 0.0607716
0.659864 0.384389 0.67223 0.0517011 0.654223 0.0513759
0.56519 0.32467 0.664799 0.0444675 0.700685 0.0897509
0.513707 0.20606 0.644078 0.0221498 0.698285 0.0929006
0.573542 0.13584 0.67033 0.0920865 0.692785 0.124613
0.661527 0.115623 0.704561 0.089434 0.680577 0.0747036
0.676575 0.252882 0.66955 0.109058 0.653656 0.0580335
0.146033 0.635478 0.0305601 0.655989 0.0628884 0.654009
0.607179 0.268337 0.715555 0.0435722 0.692982 0.0622089
0.374875 0.365767 0.65365 0.218356 0.649799 0.0231115
0.572583 0.263066 0.645989 0.0675567 0.711355 0.121389
0.539483 0.301156 0.677202 0.0384598 0.686983 0.0423771
0.672339 0.14147 0.677208 0.0724818 0.670864 0.044451
0.497374 0.131812 0.669209 0.0350517 0.655774 0.0485063
0.62303 0.090071 0.685861 0.0654882 0.715509 0.198248
0.547157 0.345541 0.554089 0.250712 0.683216 0.0859724
0.663732 0.188985 0.599756 0.0264903 0.713679 0.0881164
0.660427 0.172409 0.677912 0.0537418 0.693763 0.0618668
0.552932 0.467078 0.671925 0.0543327 0.660902 0.0587564
0.121909 0.621728 0.109297 0.724028 0.0657409 0.680466
0.612945 0.0596743 0.686205 0.0732222 0.643316 0.0470178
0.402603 0.506991 0.518598 0.502337 0.612035 0.0581891
0.459808 0.247634 0.71017 0.0909699 0.620071 0.0561489
0.633 0.18226 0.674693 0.125317 0.575599 0.0327431
0.669705 0.133023 0.646939 0.0556908 0.669539 0.11894
0.18562 0.608682 0.0715968 0.676428 0.264399 0.688838
0.569969 0.302163 0.690907 0.0629913 0.684674 0.0465943
0.680537 0.386747 0.628914 0.154674 0.632678 0.0844653
0.657778 0.104312 0.683476 0.0685434 0.672443 0.0380609
0.681468 0.0799395 0.699671 0.0738855 0.681502 0.049283
0.180647 0.632071 0.0457459 0.609309 0.110726 0.668122
0.631575 0.133304 0.677814 0.0434306 0.645913 0.13676
0.62273 0.164234 0.723649 0.0759138 0.699571 0.149384
0.649267 0.148058 0.672037 0.0552708 0.691902 0.0804265
0.451884 0.45577 0.660576 0.187378 0.702209 0.102198
0.661925 0.0848575 0.705356 0.0348226 0.703348 0.0705983
0.675126 0.221121 0.683476 0.0702238 0.67144 0.0781396
0.669002 0.0681885 0.672015 0.0643849 0.682357 0.0446544
0.635979 0.129 0.734433 0.0496524 0.650733 0.0628521
0.116904 0.614315 0.0735587 0.698141 0.104311 0.602369
0.284009 0.306288 0.620014 0.397137 0.654487 0.0729547
0.482072 0.37225 0.690299 0.106299 0.659395 0.0725698
0.691855 0.0731764 0.663011 0.0530997 0.706277 0.0645134
0.626996 0.31564 0.684155 0.0429263 0.697061 0.116978
0.184383 0.649797 0.034543 0.633123 0.1269 0.68382
0.653462 0.222582 0.670684 0.0884802 0.671593 0.0350928
0.471282 0.473272 0.411747 0.55188 0.116272 0.63358
0.633044 0.292802 0.686136 0.0359432 0.680706 0.0454531
0.648261 0.102698 0.649726 0.0349235 0.641375 0.0509754
0.587655 0.133935 0.712909 0.0480631 0.634636 0.0416257
0.359442 0.315977 0.608097 0.427157 0.700928 0.0596322
0.514195 0.158943 0.718751 0.114185 0.701539 0.089673
0.482074 0.290845 0.68082 0.082032 0.649925 0.0264827
0.548174 0.279923 0.696745 0.0586851 0.666949 0.0598279
0.641452 0.258463 0.700793 0.0625378 0.648646 0.0420149
0.274154 0.485939 0.0973597 0.670461 0.159438 0.668558
0.277564 0.582037 0.112695 0.672297 0.0904708 0.667922
0.333032 0.594757 0.0897273 0.584185 0.164245 0.709423
0.570816 0.273818 0.643599 0.0223664 0.660172 0.0507916
0.674691 0.370142 0.650386 0.123697 0.685665 0.0851508
0.627839 0.0674772 0.697253 0.0947759 0.716406 0.0362314
0.690903 0.139808 0.640518 0.0353098 0.660484 0.0430827
0.543831 0.0704873 0.700829 0.113228 0.739271 0.0808994
0.632265 0.136054 0.723558 0.134621 0.700608 0.118013
0.0627531 0.600722 0.091436 0.625665 0.102544 0.621785
0.359249 0.534434 0.633583 0.273908 0.648221 0.0450865
0.718344 0.123194 0.696261 0.058075 0.668681 0.0469396
0.639115 0.107045 0.698444 0.0787401 0.700107 0.0736647
0.46931 0.394157 0.73653 0.13486 0.689599 0.0749361
0.606027 0.298683 0.604103 0.0578303 0.633986 0.0306941
0.548239 0.336938 0.633758 0.086522 0.658525 0.0266375
0.463366 0.0771393 0.642816 0.056384 0.699287 0.0598921
0.682999 0.0857858 0.668562 0.116617 0.665631 0.0352162
0.609597 0.268911 0.623775 0.0448947 0.659211 0.0538919
0.563347 0.0957889 0.666868 0.0571714 0.648752 0.0850639
0.11745 0.595357 0.105202 0.630655 0.0377749 0.691916
0.570781 0.399729 0.611833 0.189831 0.668201 0.0842649
0.567299 0.243093 0.711131 0.0473191 0.652851 0.032804
0.114911 0.559857 0.0708464 0.689624 0.0529759 0.630882
0.535449 0.657814 0.625916 0.143372 0.699321 0.112367
0.600467 0.252916 0.689786 0.0602651 0.702387 0.0962674
0.425455 0.295447 0.690369 0.111193 0.712222 0.0809942
0.702521 0.0783221 0.661028 0.0539453 0.663013 0.050901
0.688319 0.130575 0.726717 0.0880264 0.633976 0.0439364
0.137496 0.657364 0.0792591 0.710296 0.0868142 0.629917
0.291407 0.62706 0.0824615 0.70714 0.0552411 0.664857
0.166468 0.666382 0.123514 0.619534 0.0677723 0.620664
0.614469 0.0626228 0.651894 0.0456966 0.673174 0.0480824
0.696988 0.117509 0.682685 0.0541704 0.643768 0.130007
0.282475 0.351437 0.551265 0.547264 0.175323 0.665
0.56092 0.217088 0.698202 0.0697983 0.64622 0.0530512
0.60629 0.306931 0.7042 0.0318595 0.670069 0.0402731
0.227212 0.472694 0.139973 0.622309 0.135657 0.673763
0.646536 0.10924 0.644524 0.0583549 0.711167 0.074285
0.124381 0.573977 0.0822249 0.693141 0.15997 0.687868
0.549396 0.118903 0.623597 0.0791312 0.673577 0.0493755
0.421541 0.571796 0.570352 0.403473 0.710601 0.0554807
0.396249 0.225488 0.693143 0.0717139 0.701895 0.0690002
0.652288 0.376012 0.701823 0.093827 0.630756 0.0424532
0.678034 0.108001 0.652775 0.0621714 0.668494 0.0479623
0.626257 0.109671 0.637605 0.0374828 0.672361 0.0415454
0.649182 0.345829 0.632554 0.0823125 0.657328 0.0358405
0.44153 0.0860807 0.671092 0.0707012 0.66843 0.0421884
0.458437 0.481435 0.56395 0.377369 0.659692 0.0617331
0.637129 0.16359 0.60618 0.038384 0.71715 0.0868175
0.432807 0.163333 0.697865 0.0732054 0.693752 0.0467123
0.156966 0.346173 0.0682931 0.676017 0.0737494 0.658744
0.658127 0.156721 0.699757 0.102658 0.617221 0.0345826
0.596472 0.535786 0.664345 0.0792323 0.69392 0.0798901
0.382978 0.515533 0.631806 0.306785 0.639149 0.0423647
0.684796 0.137411 0.603507 0.0503169 0.643671 0.0535819
0.670868 0.27368 0.667509 0.0526992 0.719808 0.0616559
0.57173 0.310031 0.631012 0.135524 0.708784 0.0684646
0.292934 0.646066 0.594701 0.189406 0.697689 0.031339
0.11056 0.607134 0.0933572 0.682751 0.0901683 0.640103
0.48126 0.265469 0.626733 0.060262 0.652143 0.0277644
0.517163 0.381656 0.65816 0.200576 0.680547 0.0768601
0.327009 0.283683 0.719712 0.187877 0.686889 0.0900036
0.495223 0.162605 0.677862 0.0508964 0.652617 0.0219167
0.636841 0.0896884 0.688987 0.107921 0.711717 0.0463625
0.6123 0.36542 0.707244 0.0550117 0.654794 0.0760173
0.66095 0.130323 0.689247 0.0910552 0.642533 0.0652303
0.607196 0.420782 0.626342 0.0545284 0.591101 0.0329991
0.368784 0.546356 0.0845182 0.691712 0.0426509 0.604073
0.631218 0.0769886 0.66011 0.0466398 0.690312 0.0662246
0.456317 0.221624 0.700806 0.126445 0.696243 0.103477
0.635602 0.138797 0.654213 0.0285729 0.71395 0.0494307
0.102639 0.651284 0.109233 0.629733 0.0812925 0.664695
0.238316 0.546904 0.0543652 0.640021 0.0364032 0.596418
0.66551 0.159671 0.654359 0.0624701 0.64672 0.038064
0.195055 0.646096 0.0669961 0.659111 0.0570588 0.676641
0.409508 0.136105 0.696302 0.0778261 0.676368 0.0529324
0.316443 0.507019 0.139561 0.673719 0.0933403 0.62596
0.619059 0.130173 0.701895 0.0452062 0.684518 0.061546
0.156905 0.656662 0.137067 0.704132 0.071589 0.699177
0.656098 0.34416 0.702898 0.0899518 0.710567 0.0586805
0.669848 0.3287 0.66653 0.118799 0.65212 0.0666848
0.523382 0.075929 0.643458 0.0296701 0.658793 0.034017
0.581416 0.178992 0.668565 0.126627 0.690818 0.0554347
0.235027 0.205076 0.673836 0.0840298 0.683007 0.0479255
0.597544 0.429181 0.673974 0.051554 0.672081 0.119035
0.293502 0.590294 0.11854 0.603195 0.0733054 0.654829
0.655039 0.0980519 0.664959 0.0518854 0.676069 0.0468239
0.45928 0.300434 0.637756 0.0357306 0.645251 0.0280204
0.589722 0.21296 0.667303 0.0690009 0.67652 0.0851517
0.269289 0.553647 0.0629168 0.658952 0.116012 0.650161
0.42239 0.326874 0.662773 0.0789735 0.641388 0.0327547
0.617797 0.321807 0.670365 0.0750621 0.704736 0.0994925
0.494342 0.163016 0.677048 0.103931 0.684147 0.0616959
0.569619 0.371593 0.664983 0.0578821 0.646733 0.0419784
0.122687 0.536911 0.12573 0.722921 0.127211 0.671972
0.64293 0.0935155 0.679523 0.0393711 0.664905 0.0371022
0.519791 0.631798 0.67264 0.138822 0.676333 0.07344
0.658215 0.105201 0.630736 0.0701994 0.691695 0.0882156
0.652122 0.0782687 0.666785 0.0234938 0.65046 0.0620985
0.648335 0.203852 0.636073 0.0309961 0.69545 0.102873
0.608596 0.286324 0.739991 0.0422374 0.667135 0.0688405
0.565865 0.476296 0.662042 0.0494952 0.700882 0.0516559
0.616677 0.101686 0.693368 0.0731616 0.601267 0.0418623
0.65692 0.372974 0.682101 0.0587496 0.696933 0.107299
0.453549 0.3022 0.611999 0.0641156 0.621776 0.076486
0.610667 0.285058 0.708246 0.0733274 0.668141 0.0435572
0.652204 0.162957 0.653159 0.0785334 0.706364 0.121012
0.457464 0.465671 0.633647 0.0763414 0.646122 0.0367638
0.713863 0.0902324 0.674013 0.0608088 0.654439 0.103311
0.613369 0.638646 0.669712 0.258514 0.689523 0.101961
0.590279 0.305353 0.612902 0.0381859 0.701445 0.0918302
0.604633 0.0914461 0.658411 0.0566591 0.666418 0.0437416
0.271543 0.439767 0.0915317 0.66998 0.0718285 0.60405
0.520744 0.126549 0.661151 0.0295464 0.622053 0.079107
0.331518 0.641745 0.143699 0.645424 0.0805808 0.654845
0.533192 0.527031 0.560824 0.572428 0.639529 0.0547516
0.345454 0.583809 0.0620595 0.652179 0.0825102 0.635903
0.690295 0.0867559 0.71136 0.19517 0.671118 0.100386
0.38795 0.553778 0.130483 0.604098 0.0541265 0.647197
0.48508 0.59072 0.610343 0.489353 0.673946 0.0822493
0.407623 0.453965 0.713372 0.104858 0.654429 0.0637373
0.646456 0.382392 0.652352 0.0477482 0.63213 0.0316272
0.56904 0.131809 0.675751 0.0231375 0.695495 0.0615184
0.610101 0.129362 0.709554 0.0663886 0.672169 0.074867
0.660207 0.168348 0.653614 0.0706261 0.667679 0.0789026
0.628166 0.217365 0.668048 0.0384976 0.678247 0.0545903
0.587488 0.326052 0.680418 0.0983587 0.691336 0.0716377
0.607906 0.107681 0.708934 0.0325531 0.596242 0.0440622
0.26071 0.596869 0.071299 0.619846 0.0843486 0.672955
0.667084 0.211298 0.661724 0.0484101 0.664987 0.155094
0.682823 0.181774 0.621159 0.0292431 0.655579 0.128769
0.111439 0.623729 0.0542676 0.667706 0.100287 0.672313
0.570844 0.137713 0.690444 0.0644843 0.664507 0.0330156
0.545732 0.369471 0.617282 0.0760984 0.608028 0.0351903
0.65841 0.0926341 0.71714 0.0772789 0.659456 0.0756358
0.449333 0.355352 0.54492 0.527868 0.673993 0.0758827
0.686819 0.33817 0.684327 0.0911387 0.649185 0.0531489
0.0777797 0.601755 0.247932 0.634494 0.0526815 0.553909
0.612558 0.295412 0.661347 0.0749868 0.635148 0.0345719
0.691728 0.17247 0.666809 0.0362952 0.685817 0.0335424
0.266112 0.639101 0.570045 0.575185 0.695133 0.351021
0.495626 0.205809 0.692823 0.0960437 0.66849 0.109522
0.157613 0.550362 0.122888 0.708923 0.0890079 0.676223
0.550667 0.529116 0.670904 0.0626616 0.72012 0.122413
0.610555 0.167878 0.636705 0.0607925 0.671165 0.0380983
0.568238 0.415331 0.622114 0.243734 0.640518 0.0364734
0.289485 0.650792 0.0487209 0.624155 0.0543948 0.665122
0.276665 0.377429 0.670073 0.145328 0.646594 0.0461995
0.590343 0.47711 0.576249 0.151533 0.66645 0.0665893
0.194091 0.572151 0.0633359 0.598416 0.0798821 0.652354
0.655074 0.141304 0.675648 0.0638133 0.689413 0.07005
0.345931 0.375864 0.717362 0.0924227 0.671755 0.0360549
0.597536 0.0828629 0.692794 0.0395779 0.695191 0.0604675
0.343971 0.449039 0.476207 0.431672 0.665387 0.0473226
0.571876 0.191466 0.666659 0.0590812 0.641172 0.0790248
0.0912042 0.572061 0.0310911 0.636501 0.118304 0.641356
0.579377 0.259365 0.699394 0.0937363 0.666058 0.0476782
0.596797 0.208537 0.65972 0.0679283 0.619881 0.0623251
0.233215 0.591441 0.115776 0.720133 0.0749191 0.646991
0.595778 0.435383 0.668594 0.0694519 0.655276 0.119558
0.649562 0.177199 0.677224 0.0893389 0.681709 0.0513662
0.492027 0.374245 0.639561 0.283852 0.640796 0.0546416
0.282378 0.34116 0.566274 0.217212 0.642271 0.0688478
0.494032 0.423477 0.654247 0.101979 0.695983 0.0557358
0.673649 0.0460237 0.646315 0.065555 0.683046 0.0416453
0.621224 0.0611526 0.622676 0.0605687 0.676737 0.0190685
0.321456 0.566997 0.628146 0.24866 0.675528 0.0259098
0.332956 0.448058 0.22618 0.576094 0.116722 0.620383
0.642576 0.237297 0.711075 0.0871077 0.62136 0.0609813
0.408512 0.313779 0.684446 0.0622604 0.659241 0.0488598
0.126252 0.585715 0.0282535 0.663836 0.106225 0.668875
0.133878 0.615835 0.114289 0.667372 0.0871695 0.603981
0.608907 0.326196 0.683116 0.0694808 0.678348 0.0364588
0.667608 0.10195 0.682681 0.0627779 0.715189 0.157466
0.441944 0.201835 0.653619 0.0661859 0.687718 0.0748313
0.534014 0.160139 0.70526 0.0601081 0.6515 0.0693798
0.35158 0.423625 0.126017 0.662928 0.0849719 0.675457
0.686121 0.19776 0.676814 0.124627 0.708851 0.052018
0.110313 0.641265 0.0734215 0.71017 0.0527717 0.64094
0.652619 0.122004 0.660054 0.0713939 0.642465 0.0495083
0.553633 0.393182 0.672017 0.191929 0.690619 0.0892177
0.275023 0.439345 0.0934944 0.647411 0.0678964 0.623883
0.169982 0.518763 0.148018 0.684658 0.184617 0.67254
0.316176 0.425324 0.105041 0.673841 0.0835864 0.660888
0.60082 0.374071 0.641236 0.110026 0.694436 0.0980563
0.579895 0.107188 0.684492 0.0407402 0.703251 0.0927113
0.194213 0.607405 0.117184 0.697723 0.194423 0.615653
0.593236 0.123269 0.631102 0.100066 0.63351 0.039119
0.694391 0.276837 0.673787 0.0454047 0.703331 0.173736
0.664319 0.133094 0.689952 0.11909 0.688166 0.0667588
0.646591 0.472265 0.684227 0.0875413 0.697124 0.0861417
0.603555 0.25914 0.649795 0.0518982 0.727396 0.104857
0.623263 0.165175 0.67631 0.0533641 0.643184 0.0281487
0.263055 0.579013 0.0932276 0.653403 0.0573212 0.656147
0.291093 0.450434 0.0668196 0.666166 0.116206 0.72018
0.0872914 0.615702 0.0886061 0.657197 0.0790455 0.685258
0.514119 0.325937 0.669437 0.0450441 0.659249 0.0643637
0.441187 0.579202 0.142197 0.611235 0.0241247 0.685916
0.181637 0.432183 0.0715106 0.690868 0.0619377 0.642554
0.599979 0.0607429 0.667068 0.0542008 0.732281 0.115514
0.606209 0.140541 0.661938 0.0597191 0.691305 0.118307
0.621776 0.168092 0.621339 0.0334232 0.702491 0.0891257
0.155289 0.652569 0.0867268 0.624638 0.0878034 0.641992
0.639881 0.0700248 0.67625 0.0629655 0.665534 0.0300147
0.529042 0.239448 0.684295 0.0573644 0.596835 0.0556563
0.430851 0.18721 0.654817 0.0375655 0.724794 0.0677485
0.599193 0.153199 0.681867 0.0580945 0.673503 0.0424003
0.626607 0.101522 0.679879 0.0551863 0.64254 0.0298458
0.63239 0.129859 0.615709 0.0510477 0.690065 0.0493415
0.696062 0.0853735 0.700807 0.117497 0.666329 0.0416477
0.37945 0.508821 0.43223 0.402575 0.731568 0.12872
0.676542 0.126885 0.673058 0.0675595 0.670816 0.0569027
0.222935 0.655517 0.102488 0.644724 0.117572 0.701289
0.377443 0.575882 0.557489 0.451566 0.661041 0.0559738
0.608476 0.193876 0.643251 0.0586224 0.67603 0.0703537
0.521202 0.255209 0.569812 0.0351504 0.67144 0.0973107
0.391727 0.506116 0.102862 0.661554 0.12425 0.672583
0.691391 0.0744243 0.711845 0.0564024 0.695271 0.0355868
0.62637 0.20992 0.676664 0.0619435 0.675047 0.0633902
0.696614 0.187845 0.653935 0.0342345 0.659463 0.0377226
0.551975 0.354944 0.723637 0.0643167 0.696672 0.0691129
0.624471 0.281127 0.689423 0.0237603 0.676528 0.102908
0.686607 0.113544 0.683354 0.057684 0.666342 0.0778167
0.384811 0.257816 0.726533 0.166509 0.716053 0.0527476
0.690623 0.140453 0.674344 0.0737481 0.674076 0.0508739
0.105737 0.669185 0.0734786 0.670707 0.168973 0.723718
0.289011 0.600073 0.0947655 0.682721 0.107297 0.687736
0.47237 0.149665 0.71296 0.0526587 0.667608 0.109244
0.433914 0.239574 0.652327 0.0783055 0.73798 0.0589779
0.30625 0.531328 0.0874663 0.644539 0.206561 0.580945
0.477541 0.423896 0.677542 0.0394612 0.685982 0.0518138
0.26693 0.510204 0.317122 0.671015 0.697214 0.153616
0.423122 0.619983 0.668362 0.24227 0.710309 0.171652
0.502122 0.240575 0.689999 0.0779989 0.673877 0.0743888
0.659866 0.159889 0.713291 0.137282 0.6865 0.0634794
0.618988 0.121017 0.680148 0.061519 0.659331 0.0651166
0.547457 0.172738 0.692462 0.0756641 0.689892 0.0295867
0.32782 0.659782 0.285078 0.576868 0.0872986 0.711407
0.670526 0.0914221 0.724603 0.114042 0.685958 0.0812804
0.69553 0.135826 0.660213 0.038298 0.65589 0.0419404
0.218424 0.644674 0.101732 0.592779 0.0656517 0.701467
0.0853444 0.551006 0.0744127 0.622921 0.0603088 0.619003
0.677336 0.198539 0.668088 0.075271 0.643486 0.0750448
0.642819 0.147043 0.681401 0.0728709 0.686764 0.0460916
0.535958 0.373929 0.691157 0.102006 0.653979 0.103085
0.5551 0.350592 0.647886 0.265427 0.607602 0.038177
0.381732 0.352158 0.721722 0.0478097 0.673179 0.0694286
0.688028 0.235577 0.685443 0.0748405 0.627735 0.0737577
0.353666 0.645652 0.599993 0.623928 0.681654 0.0697458
0.629065 0.0527744 0.687213 0.120542 0.695264 0.0597947
0.138962 0.656953 0.071878 0.682792 0.114714 0.704947
0.635441 0.323776 0.68678 0.215181 0.667846 0.0767563
0.534597 0.0942179 0.686079 0.0610273 0.625458 0.036148
0.674317 0.181792 0.689117 0.0578652 0.69507 0.0903396
0.550768 0.241053 0.684418 0.0392342 0.682419 0.0645053
0.618421 0.237029 0.692415 0.0412115 0.676694 0.0467362
0.291928 0.581647 0.133595 0.688657 0.138611 0.575065
0.380816 0.692613 0.597891 0.575489 0.677643 0.118535
0.551159 0.545094 0.509254 0.243767 0.692334 0.0634844
0.596475 0.0655447 0.643283 0.038567 0.684594 0.0604617
0.626776 0.120586 0.671506 0.0745664 0.650298 0.0632368
0.616782 0.10465 0.664319 0.0767874 0.660888 0.0360816
0.372163 0.380765 0.425329 0.320677 0.54284 0.437183
0.54315 0.228865 0.657797 0.0246091 0.658857 0.0368671
0.2326 0.340358 0.577882 0.517562 0.683842 0.086996
0.606322 0.102089 0.718944 0.0752851 0.674504 0.0606533
0.673094 0.148856 0.66789 0.0494803 0.649139 0.045593
0.65747 0.0817828 0.666975 0.0518305 0.701043 0.0444329
0.627983 0.220035 0.688634 0.0581934 0.672246 0.0416215
0.0845566 0.669358 0.123815 0.66868 0.155609 0.695785
0.685371 0.191278 0.639976 0.0594349 0.692575 0.0332809
0.186445 0.521378 0.0937584 0.643947 0.0826773 0.680135
0.679979 0.100926 0.683795 0.0471501 0.708154 0.0487516
0.644528 0.18702 0.6505 0.0561007 0.675861 0.0514065
0.619273 0.0909048 0.681864 0.0680981 0.675568 0.0310186
0.118278 0.308657 0.11309 0.684378 0.111804 0.658001
0.646404 0.374663 0.660026 0.0708482 0.648409 0.0500849
0.397604 0.514065 0.0504916 0.651874 0.0617497 0.63172
0.6337 0.230686 0.705705 0.134591 0.712058 0.0666767
0.626398 0.0789004 0.697633 0.0501655 0.690463 0.0451994
0.67918 0.0689081 0.687795 0.0620659 0.686465 0.0697051
0.533692 0.560153 0.641139 0.11489 0.720055 0.055996
0.669954 0.273414 0.648763 0.0371871 0.682005 0.0495835
0.436751 0.123167 0.705456 0.0558117 0.679411 0.0709419
0.573667 0.22625 0.649732 0.0327989 0.701317 0.0575338
0.649235 0.0515758 0.699243 0.0773101 0.672039 0.077527
0.59001 0.106325 0.697557 0.0323233 0.707481 0.101222
0.376486 0.249624 0.673497 0.0325326 0.640002 0.0286182
0.120832 0.611684 0.147741 0.672421 0.0425179 0.605138
0.585836 0.427941 0.716861 0.0340054 0.665271 0.03463
0.550123 0.517257 0.595484 0.49064 0.631142 0.0395504
0.647616 0.0919478 0.641204 0.0466371 0.632373 0.0533489
0.384104 0.371196 0.663292 0.0478153 0.679886 0.0721457
0.581401 0.167397 0.669432 0.0778106 0.677291 0.0574027
0.486279 0.334763 0.671547 0.08058 0.67794 0.0607705
0.440465 0.231087 0.663756 0.0409886 0.679426 0.0513261
0.650599 0.210722 0.642164 0.0440378 0.715946 0.0664653
0.292505 0.391543 0.521869 0.590523 0.677905 0.0596844
0.633469 0.211737 0.699047 0.123064 0.682745 0.0375094
0.570202 0.439234 0.663732 0.0531589 0.640378 0.0343863
0.282334 0.57312 0.13081 0.643374 0.118977 0.648628
0.449089 0.456275 0.588414 0.538067 0.64488 0.0540983
0.700198 0.104587 0.701791 0.0478352 0.678993 0.0633484
0.612714 0.203359 0.659229 0.0590758 0.666693 0.0445871
0.484965 0.372558 0.639135 0.0355472 0.624503 0.0484434
0.372925 0.584517 0.590671 0.236046 0.660685 0.0485232
0.092655 0.693691 0.0924759 0.665129 0.0658239 0.677339
0.663544 0.111391 0.640744 0.0375185 0.679606 0.0695313
0.520296 0.513597 0.469863 0.420935 0.590531 0.44689
0.164223 0.549771 0.0585263 0.642406 0.0878061 0.636001
0.62765 0.13924 0.678995 0.0402904 0.658091 0.0722558
0.162649 0.605727 0.117714 0.719211 0.0930917 0.67228
0.550254 0.107548 0.678587 0.0346407 0.645167 0.0293052
0.370556 0.188781 0.60929 0.167217 0.612892 0.0458107
0.5448 0.326228 0.672749 0.160371 0.71218 0.0635721
0.58128 0.142144 0.679864 0.0799829 0.656464 0.0219834
0.638356 0.142867 0.658317 0.0564416 0.609951 0.0827477
0.621114 0.60293 0.642424 0.549656 0.637379 0.0606302
0.280783 0.578514 0.115004 0.637411 0.0933911 0.633616
0.32499 0.475155 0.660062 0.0598518 0.639721 0.0816058
0.285048 0.645885 0.0501172 0.575021 0.0342975 0.676802
0.575495 0.133945 0.669872 0.0398027 0.689464 0.0820408
0.631432 0.107995 0.674426 0.0363281 0.707376 0.082343
0.579845 0.521278 0.634099 0.192341 0.718791 0.0687398
0.529075 0.325042 0.689727 0.0599656 0.656555 0.0530146
0.182757 0.627812 0.0733871 0.697923 0.061143 0.630435
0.256218 0.576061 0.113396 0.646668 0.12619 0.688896
0.478343 0.565283 0.588042 0.167813 0.656631 0.0462456
0.667957 0.210049 0.690298 0.0509835 0.662381 0.0523498
0.373993 0.492419 0.0834364 0.670199 0.148953 0.689055
0.65889 0.297568 0.713466 0.028752 0.685234 0.0483342
0.667154 0.36041 0.632118 0.0525415 0.651753 0.0414932
0.346048 0.536236 0.615068 0.103286 0.565478 0.0383956
0.694998 0.122783 0.712512 0.0964103 0.691212 0.0521748
0.263271 0.605746 0.0400874 0.640701 0.0848344 0.615092
0.577178 0.261914 0.669494 0.0566515 0.656019 0.0336966
0.43257 0.509482 0.697514 0.0552388 0.673668 0.0303554
0.50082 0.433244 0.640885 0.162778 0.652489 0.0224381
0.672035 0.174881 0.72171 0.0512673 0.695383 0.0557007
0.535614 0.537348 0.684759 0.0597894 0.648312 0.0410277
0.558468 0.502018 0.587575 0.29791 0.690954 0.0270132
0.564165 0.469953 0.676451 0.0537682 0.689922 0.0983664
0.0733236 0.633322 0.134754 0.670918 0.0735524 0.663279
0.636219 0.0808069 0.66964 0.0175412 0.682831 0.061445
0.275052 0.278446 0.690894 0.0511747 0.69526 0.0254862
0.661238 0.0587825 0.644043 0.0585863 0.666055 0.0497547
0.588904 0.217723 0.639153 0.0254366 0.638061 0.0308061
0.515652 0.447567 0.665587 0.0243127 0.730422 0.109442
0.343204 0.422708 0.498931 0.37646 0.671718 0.032648
0.301106 0.184747 0.632815 0.183457 0.64785 0.113235
0.530657 0.356032 0.657404 0.0803035 0.707557 0.100071
0.667364 0.403912 0.672897 0.107644 0.625149 0.0609095
0.375319 0.5758 0.570271 0.360352 0.634889 0.0296667
0.595438 0.156442 0.661586 0.100792 0.633547 0.0559669
0.552219 0.12177 0.659124 0.0543141 0.69594 0.0406152
0.584568 0.319735 0.678467 0.0608199 0.710969 0.0277838
0.558285 0.257503 0.690063 0.0874601 0.681212 0.0569487
0.547337 0.197582 0.719873 0.10349 0.669512 0.053495
0.123072 0.620485 0.146954 0.722359 0.105534 0.667189
0.55943 0.410398 0.634428 0.216697 0.668618 0.0506832
0.407423 0.61623 0.528256 0.0850503 0.675041 0.0777101
0.622804 0.132235 0.700813 0.0982093 0.697067 0.0512679
0.21456 0.574932 0.0838594 0.684667 0.103806 0.65979
0.503559 0.414617 0.646596 0.10687 0.699507 0.0899296
0.450982 0.385042 0.662772 0.120532 0.666762 0.0841969
0.62794 0.204782 0.696445 0.0760577 0.699284 0.0844969
0.617645 0.11863 0.668241 0.115907 0.693542 0.0866471
0.621177 0.125896 0.676145 0.0436119 0.667887 0.0637701
0.671845 0.181953 0.648461 0.0597982 0.681317 0.0527618
0.425916 0.512409 0.515345 0.254538 0.663616 0.0654367
0.313672 0.578595 0.0442261 0.673699 0.0593213 0.594346
0.595854 0.268838 0.665948 0.0327574 0.669729 0.04452
0.225927 0.565438 0.0377944 0.674243 0.149926 0.634341
0.522237 0.325595 0.690524 0.0766857 0.705887 0.0307987
0.141747 0.638445 0.169454 0.683463 0.0547276 0.657375
0.596158 0.410705 0.705242 0.0691588 0.639594 0.0436281
0.392116 0.519607 0.701849 0.0810343 0.682859 0.0623326
0.308668 0.400915 0.105895 0.612486 0.134746 0.715276
0.47707 0.639205 0.498226 0.34954 0.682343 0.0246499
0.0629746 0.682876 0.0758969 0.690805 0.0899928 0.674032
0.663789 0.150832 0.679407 0.0366267 0.645122 0.0568025
0.658935 0.0891283 0.636095 0.0939096 0.690886 0.0824185
0.537156 0.604855 0.629721 0.569035 0.661251 0.0377485
0.344344 0.470398 0.0968676 0.603128 0.129277 0.677028
0.550924 0.121475 0.668754 0.0615642 0.665958 0.0666142
0.541211 0.543646 0.485497 0.533393 0.658123 0.0884343
0.468605 0.430329 0.590349 0.491146 0.717453 0.072619
0.262337 0.510867 0.0951525 0.65348 0.0788732 0.653993
0.679579 0.144117 0.679531 0.104603 0.640687 0.118517
0.53862 0.389171 0.694724 0.048976 0.66843 0.0460093
0.64774 0.182918 0.660501 0.0214403 0.660718 0.0529124
0.122116 0.596594 0.0658405 0.68077 0.0865225 0.646723
0.0942704 0.663586 0.0642145 0.599558 0.0589874 0.675922
0.675008 0.116919 0.645761 0.0424292 0.674976 0.051546
0.689333 0.1332 0.663375 0.0582018 0.724169 0.126143
0.633343 0.0603951 0.676577 0.0790017 0.671001 0.0611422
0.385083 0.568242 0.111018 0.657834 0.0847561 0.674194
0.428057 0.489009 0.556343 0.487677 0.733344 0.0886603
0.499113 0.375913 0.663318 0.212689 0.741387 0.179838
0.604243 0.123142 0.710765 0.0751603 0.689387 0.0446615
0.390389 0.574976 0.0745039 0.666576 0.0445301 0.617336
0.406411 0.377744 0.265717 0.716622 0.0908974 0.660251
0.405236 0.495102 0.350002 0.510334 0.679598 0.0475596
0.533097 0.126504 0.677108 0.0592838 0.655359 0.0459379
0.304569 0.334452 0.657564 0.265335 0.632143 0.0482764
0.436226 0.277187 0.681384 0.0436703 0.688762 0.123397
0.510959 0.29384 0.680487 0.0731475 0.701665 0.0729565
0.168261 0.350577 0.0636725 0.624461 0.0366773 0.679059
0.560523 0.216139 0.712588 0.0892916 0.593106 0.0572676
0.611364 0.147751 0.67525 0.0655131 0.639653 0.0346212
0.56343 0.354221 0.657049 0.0739359 0.709709 0.0374038
0.295163 0.523941 0.0758537 0.635812 0.0636736 0.672251
0.379751 0.557952 0.084428 0.703837 0.0837638 0.643027
0.443823 0.385878 0.593898 0.0530888 0.662917 0.0822327
0.549096 0.641685 0.612737 0.529814 0.681093 0.0841687
0.603596 0.090439 0.693331 0.050633 0.734097 0.129555
0.702956 0.111855 0.658794 0.0625459 0.637323 0.0619804
0.557003 0.599396 0.651602 0.269227 0.677533 0.0688733
0.3788 0.357554 0.52985 0.513394 0.509829 0.269093
0.64308 0.283259 0.715229 0.0796549 0.704974 0.0506841
0.506587 0.471465 0.684692 0.229393 0.65862 0.0770892
0.63026 0.431849 0.699394 0.122109 0.702306 0.0757145
0.595106 0.248887 0.654812 0.0843302 0.680994 0.0507191
0.528875 0.365039 0.672097 0.0422989 0.687482 0.0475591
0.650253 0.119457 0.676502 0.109114 0.655012 0.0607358
0.102264 0.517907 0.0464848 0.662655 0.146653 0.665951
0.420792 0.596016 0.487958 0.544387 0.690333 0.0353255
0.153017 0.551708 0.0985077 0.690395 0.0560674 0.655768
0.454496 0.557972 0.536033 0.4702 0.67954 0.0559882
0.445477 0.541484 0.679438 0.055824 0.681976 0.105394
0.177041 0.654032 0.0837117 0.701042 0.0629957 0.663868
0.449102 0.508108 0.681536 0.151061 0.677179 0.0611946
0.581546 0.128301 0.709043 0.0662852 0.647722 0.0563395
0.631724 0.0909375 0.66565 0.0550186 0.675493 0.0458027
0.108352 0.577469 0.0734479 0.626117 0.0169646 0.612206
0.652672 0.0444879 0.664746 0.0696705 0.671222 0.0464042
0.586917 0.134907 0.684883 0.0624043 0.713157 0.0552872
0.696781 0.128818 0.686684 0.0594763 0.635402 0.0809094
0.698928 0.137107 0.6901 0.0956617 0.681495 0.0539821
0.67058 0.0977818 0.652236 0.126879 0.696499 0.0865959
0.675788 0.259134 0.677802 0.0520577 0.692651 0.0642286
0.310407 0.594048 0.0440797 0.66577 0.0890201 0.618049
0.586178 0.271957 0.641532 0.0737832 0.671118 0.0379847
0.568589 0.255983 0.696322 0.0746701 0.647362 0.0606969
0.251009 0.455892 0.139897 0.640512 0.0464263 0.629677
0.683406 0.17817 0.656983 0.0932409 0.679297 0.0748567
0.575177 0.287282 0.64159 0.0480575 0.649219 0.0205853
0.607683 0.126018 0.673831 0.0366805 0.634051 0.0284226
0.70382 0.314909 0.698847 0.0973175 0.66771 0.0510844
0.575873 0.058449 0.715804 0.129907 0.683671 0.0514857
0.672357 0.144674 0.677881 0.0451902 0.685797 0.0313296
0.611436 0.120534 0.637867 0.0349944 0.687102 0.0427246
0.588239 0.246333 0.684711 0.0500117 0.673001 0.077734
0.61052 0.0678423 0.662396 0.0538164 0.667675 0.0797054
0.628732 0.36082 0.685842 0.0639481 0.693249 0.027296
0.694676 0.193756 0.671611 0.0804956 0.675226 0.0706612
0.62635 0.103545 0.676757 0.111111 0.717563 0.0590412
0.604036 0.433157 0.675883 0.110442 0.667489 0.0847665
0.691056 0.167373 0.694565 0.0597011 0.599699 0.061058
0.635987 0.120736 0.680961 0.0468197 0.693745 0.0923948
0.612496 0.291413 0.666152 0.0343758 0.619572 0.0464103
0.608251 0.235182 0.656448 0.0440093 0.623673 0.0633859
0.620293 0.0921282 0.655701 0.0362209 0.629636 0.0498557
0.598319 0.170864 0.705218 0.0493546 0.681691 0.208339
0.361357 0.649664 0.545665 0.466629 0.620101 0.0358501
0.661188 0.11436 0.635636 0.0569286 0.673725 0.0786554
0.562609 0.121699 0.695003 0.105431 0.703372 0.0590807
0.625514 0.108271 0.708727 0.0710043 0.726529 0.0373798
0.656121 0.182835 0.701791 0.0613493 0.674994 0.038611
0.632911 0.102173 0.663722 0.0647324 0.711929 0.040739
0.651549 0.0912095 0.694932 0.0710579 0.700629 0.0482365
0.638273 0.36376 0.668888 0.042649 0.664102 0.0293233
0.701426 0.0886414 0.67199 0.0784096 0.684809 0.106853
0.169299 0.597993 0.094799 0.690493 0.054399 0.654211
0.623957 0.437661 0.601885 0.211469 0.606879 0.0406229
0.646066 0.0718656 0.679213 0.114078 0.602714 0.0688033
0.629598 0.144227 0.62449 0.0688379 0.648491 0.113404
0.15054 0.669132 0.109081 0.681859 0.057318 0.616605
0.683393 0.0744783 0.677011 0.0462751 0.671001 0.0696653
0.627783 0.170096 0.682166 0.0248582 0.655715 0.060787
0.658699 0.180846 0.660163 0.0571389 0.654487 0.0437068
0.591334 0.265119 0.647653 0.0556662 0.67923 0.047386
0.153501 0.575051 0.0991931 0.640499 0.114743 0.717382
0.63521 0.250813 0.681352 0.0582693 0.698759 0.0610961
0.412781 0.213938 0.733053 0.152027 0.693606 0.172259
0.593197 0.0946082 0.682597 0.0500227 0.699054 0.0372062
0.709689 0.12252 0.70396 0.0614909 0.661759 0.0699604
0.655787 0.166675 0.708956 0.0450783 0.618149 0.0414093
0.623513 0.267004 0.632321 0.035888 0.68944 0.141829
0.187447 0.562291 0.120199 0.696738 0.0968994 0.644151
0.601263 0.109757 0.602308 0.0278923 0.665616 0.0516572
0.603691 0.524045 0.687802 0.215929 0.692651 0.110195
0.311125 0.423874 0.612942 0.595126 0.701821 0.0329117
0.0911008 0.632872 0.038062 0.57923 0.107882 0.666428
0.62416 0.261263 0.662643 0.0515322 0.689346 0.0819024
0.546082 0.616494 0.67407 0.0677894 0.677644 0.0563345
0.652483 0.13396 0.707212 0.0473501 0.643603 0.0488347
0.477041 0.400791 0.687879 0.0546314 0.688555 0.0417299
0.556341 0.28642 0.680082 0.0735498 0.734186 0.0562474
0.508141 0.332473 0.661983 0.0278655 0.679198 0.0453155
0.590164 0.212264 0.684918 0.0691959 0.713005 0.0993839
0.642977 0.0976653 0.711719 0.042307 0.692808 0.121045
0.0856857 0.574086 0.0619732 0.644369 0.106317 0.650302
0.38744 0.300802 0.418083 0.406314 0.608517 0.0498331
0.592396 0.397992 0.680238 0.0455938 0.71331 0.0874486
0.3904 0.547477 0.548766 0.544556 0.617527 0.17091
0.583194 0.342492 0.662613 0.0598227 0.699512 0.0770718
0.53908 0.238494 0.66707 0.0330128 0.667175 0.0476445
0.63154 0.0852347 0.684249 0.0687343 0.647317 0.034826
0.623815 0.371995 0.667939 0.0449753 0.645141 0.0752115
0.186051 0.63228 0.596735 0.47074 0.69744 0.133567
0.667194 0.235553 0.662552 0.0387633 0.71553 0.0738088
0.632437 0.22801 0.730164 0.197111 0.670581 0.114808
0.249378 0.382261 0.158517 0.680432 0.0875786 0.611605
0.276039 0.596779 0.0447464 0.607406 0.0893941 0.714189
0.478855 0.346134 0.686098 0.0764603 0.637133 0.0814553
0.68246 0.16672 0.699139 0.101926 0.58031 0.0391683
0.562476 0.400621 0.668518 0.13888 0.650043 0.0572689
0.498377 0.447009 0.625786 0.168304 0.695382 0.0979673
0.392377 0.612384 0.682751 0.329559 0.599405 0.0391953
0.624821 0.312323 0.652803 0.127246 0.697195 0.0569922
0.641957 0.399749 0.704122 0.05291 0.700982 0.0783823
0.464117 0.287492 0.68911 0.0492191 0.69011 0.0818507
0.546733 0.203867 0.689037 0.0589727 0.65054 0.0881084
0.518427 0.152686 0.671295 0.0690605 0.677794 0.0704487
0.563933 0.470693 0.656821 0.0812286 0.678411 0.067779
0.594009 0.266544 0.645382 0.014889 0.674272 0.0368868
0.465017 0.340789 0.665351 0.0436517 0.672694 0.049216
0.415677 0.608538 0.683693 0.0954463 0.743297 0.0517076
0.477609 0.480143 0.473342 0.0964213 0.67353 0.0482144
0.279685 0.544232 0.0682244 0.654693 0.0628653 0.666804
0.437231 0.221921 0.645015 0.0441791 0.693749 0.0886486
0.510081 0.441096 0.650796 0.0528102 0.679835 0.0578073
0.620634 0.257243 0.664797 0.058832 0.588108 0.0394253
0.592509 0.199068 0.610227 0.0251496 0.682453 0.0747477
0.0812919 0.600918 0.0894604 0.679313 0.121186 0.677137
0.647262 0.26249 0.662492 0.0706684 0.667516 0.0304309
0.671162 0.0351855 0.728551 0.154971 0.664051 0.148797
0.583166 0.564302 0.650322 0.251348 0.679141 0.0660354
0.564922 0.382513 0.673209 0.0583413 0.663966 0.0313783
0.671119 0.141651 0.652413 0.0462354 0.698695 0.052658
0.600679 0.0791999 0.712202 0.0855587 0.654665 0.0309483
0.719645 0.200155 0.656753 0.0639572 0.68255 0.0547108
0.614638 0.389979 0.684617 0.0594977 0.649107 0.0388061
0.650508 0.115334 0.68559 0.026726 0.687919 0.0271436
0.284436 0.596753 0.173005 0.610554 0.09852 0.684126
0.540065 0.583886 0.399792 0.533166 0.661228 0.0733533
0.552853 0.228059 0.68524 0.0955148 0.668522 0.0412297
0.656924 0.0720049 0.697457 0.0777294 0.626006 0.0718147
0.659819 0.134113 0.664493 0.0556655 0.671914 0.0612775
0.636995 0.184635 0.630405 0.103111 0.697535 0.0725954
0.694667 0.125904 0.661255 0.0420888 0.688617 0.0813782
0.592022 0.178297 0.65552 0.0339105 0.681941 0.0460829
0.602659 0.220182 0.628635 0.0366848 0.717495 0.052102
0.268437 0.566171 0.0751307 0.704659 0.0691167 0.666412
0.059577 0.565587 0.0575671 0.655578 0.0454791 0.645112
0.422908 0.304088 0.698309 0.113323 0.660118 0.0458404
0.640226 0.277833 0.647009 0.0377518 0.711141 0.0713219
0.576213 0.282631 0.710306 0.0618198 0.640741 0.0426793
0.495278 0.480522 0.420393 0.47496 0.562394 0.406355
0.618051 0.0875664 0.667588 0.0646312 0.651136 0.0570871
0.547676 0.366124 0.698967 0.0940428 0.695289 0.0695554
0.508947 0.288569 0.71154 0.067884 0.639862 0.0509684
0.680353 0.202315 0.703505 0.050448 0.681996 0.0711316
0.302068 0.643257 0.173986 0.676691 0.0684784 0.691877
0.668022 0.115962 0.624019 0.0804447 0.702959 0.0793671
0.465487 0.400743 0.556598 0.13118 0.682185 0.0590446
0.683752 0.0911409 0.595276 0.0673002 0.67984 0.0539383
0.25089 0.523995 0.0591757 0.710348 0.167336 0.586041
0.297142 0.499219 0.0723387 0.62266 0.188215 0.687736
0.606781 0.251802 0.682801 0.0352838 0.663253 0.0496416
0.329794 0.648917 0.202134 0.658215 0.0679715 0.65222
0.592886 0.266763 0.670889 0.0390397 0.684512 0.0478093
0.550043 0.122107 0.646265 0.044356 0.574722 0.0379594
0.625572 0.126158 0.697853 0.0654809 0.651175 0.0705709
0.604016 0.341506 0.656805 0.0535808 0.678926 0.0481689
0.605816 0.343632 0.691337 0.0576868 0.676844 0.0478638
0.310811 0.235814 0.65644 0.0443549 0.672391 0.161026
0.42379 0.595204 0.573889 0.413866 0.657697 0.257904
0.661685 0.236573 0.653694 0.0252263 0.695443 0.115
0.37693 0.543289 0.629042 0.312527 0.637806 0.0617601
0.130608 0.616899 0.141392 0.675658 0.0918079 0.674487
0.378696 0.337148 0.652653 0.0768976 0.658835 0.0466362
0.141378 0.710157 0.0508006 0.645707 0.0338179 0.651506
0.121992 0.635176 0.0755924 0.640881 0.0328008 0.645899
0.384224 0.494709 0.333864 0.603605 0.10842 0.678881
0.573585 0.5339 0.67503 0.0537582 0.719035 0.0660075
0.153371 0.406517 0.112435 0.658399 0.0630534 0.688441
0.557619 0.532178 0.667033 0.0761578 0.721474 0.0684975
0.530827 0.180053 0.696251 0.0642175 0.69901 0.102514
0.58639 0.144775 0.718925 0.0609041 0.682341 0.0611391
0.103695 0.593848 0.124102 0.661017 0.0924399 0.658689
0.332205 0.43387 0.544942 0.423853 0.633833 0.0509345
0.613368 0.195334 0.696633 0.102196 0.694754 0.0299582
0.670525 0.129132 0.695196 0.0643716 0.690053 0.0576981
0.649249 0.0765522 0.68665 0.0352208 0.665394 0.0443767
0.665438 0.166332 0.652763 0.0396611 0.696147 0.0513382
0.360554 0.563667 0.067457 0.562271 0.110702 0.715441
0.52297 0.637998 0.612938 0.105344 0.715985 0.0449025
0.302127 0.577593 0.392168 0.605921 0.0456898 0.668284
0.512411 0.187639 0.723775 0.0594725 0.692399 0.0753215
0.590984 0.343263 0.641696 0.0885431 0.646533 0.0370637
0.562616 0.274312 0.618494 0.0629081 0.670488 0.101657
0.539291 0.261645 0.692686 0.0913651 0.729517 0.0945747
0.532452 0.46397 0.702488 0.047214 0.673887 0.0792039
0.137929 0.581616 0.103407 0.660673 0.0651328 0.605784
0.623602 0.0824087 0.679292 0.045577 0.655898 0.0479842
0.332635 0.562533 0.113999 0.657117 0.092078 0.604467
0.639041 0.309539 0.702508 0.133198 0.688946 0.0564169
0.495308 0.554017 0.613683 0.076229 0.680078 0.0421714
0.194521 0.530764 0.080352 0.65553 0.10217 0.672544
0.68627 0.151124 0.728521 0.141943 0.650871 0.064009
0.567978 0.503635 0.722342 0.12894 0.69594 0.0592309
0.462925 0.476132 0.672892 0.169019 0.705578 0.0451957
0.577962 0.428641 0.653832 0.0607305 0.660763 0.0932526
0.249208 0.567509 0.0697197 0.668974 0.10737 0.668216
0.535688 0.243024 0.711797 0.0753712 0.656199 0.0483188
0.595771 0.110749 0.680299 0.0796585 0.65343 0.0385834
0.390555 0.580065 0.0679638 0.673608 0.0302957 0.681115
0.495236 0.453407 0.682017 0.132272 0.679066 0.0878441
0.615492 0.116823 0.701508 0.0525937 0.683357 0.0424996
0.304722 0.535089 0.0723255 0.698269 0.0837989 0.598494
0.142194 0.592982 0.0958244 0.671686 0.0922304 0.672159
0.677711 0.384967 0.674186 0.0347573 0.716072 0.0904154
0.342498 0.5845 0.125114 0.695985 0.0829464 0.694938
0.179645 0.644693 0.126763 0.66558 0.0480998 0.703594
0.350798 0.482413 0.503065 0.473198 0.680532 0.10971
0.544964 0.232035 0.671796 0.0300236 0.676735 0.0444731
0.530041 0.277034 0.654306 0.02479 0.633791 0.0434056
0.432279 0.485635 0.541913 0.550781 0.251856 0.538378
0.510845 0.31939 0.601118 0.113035 0.676488 0.121791
0.547652 0.24091 0.687192 0.0456536 0.668577 0.077106
0.702401 0.108488 0.638482 0.0337802 0.653843 0.0415166
0.64322 0.0958021 0.685839 0.0792106 0.697487 0.0542572
0.660251 0.157297 0.666067 0.0540132 0.639638 0.0462444
0.693818 0.132093 0.708317 0.0482908 0.676694 0.0554567
0.692548 0.296651 0.702499 0.105788 0.645424 0.043974
0.530585 0.670259 0.689729 0.263651 0.614495 0.0457939
0.560582 0.0787176 0.69266 0.0936164 0.656661 0.0726645
0.67429 0.116931 0.658537 0.0344194 0.677251 0.0596249
0.68166 0.203689 0.644336 0.0601948 0.619891 0.0595319
0.656747 0.0658854 0.72791 0.103414 0.682388 0.0689452
0.204339 0.555827 0.0693966 0.652783 0.0758679 0.688239
0.582964 0.0986112 0.71813 0.0655679 0.720056 0.0786704
0.459179 0.295278 0.666064 0.0637343 0.689528 0.0563599
0.612401 0.104714 0.661004 0.0273494 0.691273 0.0729629
0.406987 0.291141 0.647144 0.0356552 0.638972 0.0381016
0.290856 0.643866 0.0780983 0.708939 0.0792063 0.712745
0.621211 0.161024 0.693368 0.0590185 0.720307 0.0524761
0.32926 0.583985 0.0570407 0.635697 0.128622 0.706309
0.580417 0.214533 0.677499 0.043192 0.692792 0.0573542
0.654803 0.380512 0.678795 0.0572776 0.667629 0.047475
0.50029 0.277766 0.613983 0.279043 0.699361 0.125923
0.14778 0.650849 0.123563 0.661671 0.11069 0.682155
0.635228 0.0868892 0.637792 0.0596455 0.671178 0.0988385
0.702834 0.133604 0.644134 0.0763044 0.632036 0.0380945
0.678492 0.0782723 0.723169 0.0882809 0.673549 0.0833381
0.320184 0.290678 0.664161 0.153007 0.670891 0.0329069
0.427128 0.436816 0.503441 0.491399 0.558889 0.304249
0.635346 0.106069 0.683094 0.0552799 0.659863 0.026554
0.609546 0.313124 0.617634 0.0738021 0.598851 0.0227319
0.202564 0.662 0.0440748 0.592604 0.0785204 0.67394
0.217755 0.501167 0.479585 0.463821 0.698867 0.0790272
0.672715 0.159113 0.61735 0.0464047 0.672552 0.0378884
0.658794 0.102506 0.680332 0.105813 0.632837 0.0543654
0.421201 0.344302 0.549334 0.397241 0.689642 0.0401166
0.507163 0.500292 0.657775 0.0769796 0.6934 0.0672332
0.672931 0.0849747 0.710597 0.109975 0.679495 0.0896135
0.504366 0.113003 0.697077 0.076913 0.652805 0.0348294
0.666559 0.0843395 0.608488 0.0812113 0.648934 0.0360878
0.325544 0.559944 0.0882051 0.63182 0.0874468 0.69788
0.452663 0.363452 0.653634 0.164389 0.69952 0.063881
0.580869 0.140413 0.647791 0.0706967 0.651637 0.0640736
0.658891 0.124332 0.692496 0.106273 0.726534 0.0666428
0.71341 0.139379 0.72192 0.0521064 0.728509 0.0537621
0.648025 0.133889 0.60789 0.051137 0.689604 0.0807804
0.613124 0.438578 0.614418 0.246663 0.641976 0.0345669
0.455555 0.129766 0.680123 0.057432 0.677558 0.10344
0.284016 0.49783 0.0736064 0.64351 0.0668157 0.705241
0.679565 0.18275 0.66585 0.0356572 0.681374 0.0497665
0.595882 0.376857 0.701177 0.0912063 0.600762 0.112671
0.366074 0.4013 0.328617 0.572158 0.134483 0.716418
0.575364 0.158017 0.719365 0.0376155 0.694088 0.0433194
0.501124 0.631927 0.686813 0.396172 0.664534 0.0400008
0.680592 0.123578 0.686527 0.0637891 0.61875 0.0502054
0.298163 0.521799 0.163079 0.604525 0.152178 0.66044
0.671655 0.0797585 0.670056 0.0617148 0.680604 0.0455053
0.180786 0.499279 0.551216 0.538074 0.594089 0.276925
0.189777 0.616862 0.104433 0.669648 0.0521236 0.600245
0.531719 0.222841 0.720321 0.104996 0.662315 0.0376559
0.191584 0.582157 0.13191 0.685523 0.0821389 0.665932
0.527972 0.26752 0.64634 0.0239103 0.661053 0.0896717
0.197195 0.503067 0.0500354 0.607188 0.143899 0.616533
0.255497 0.603707 0.0535619 0.658864 0.111304 0.64019
0.658429 0.106511 0.665907 0.0294909 0.690141 0.0975097
0.649102 0.111996 0.750305 0.080054 0.642686 0.0104641
0.68672 0.234754 0.600836 0.0687025 0.675906 0.0564664
0.668235 0.270075 0.652783 0.0423299 0.673062 0.0748782
0.725292 0.161274 0.634848 0.0738204 0.637669 0.0601865
0.544332 0.148664 0.644233 0.0655155 0.643891 0.0763091
0.605571 0.115145 0.70218 0.0448175 0.648009 0.0527365
0.588785 0.333247 0.677003 0.0408913 0.69486 0.0764021
0.678769 0.130724 0.666623 0.0885012 0.685682 0.0580585
0.221131 0.588404 0.0606636 0.645587 0.0635076 0.634926
0.558029 0.172748 0.658286 0.0456247 0.712004 0.0579097
0.617034 0.359554 0.699984 0.0433555 0.709462 0.156323
0.711102 0.118389 0.669618 0.0442011 0.653692 0.064547
0.191269 0.602649 0.071748 0.652463 0.148463 0.587749
