0.548963 0.146095 0.698136 0.0829486 0.689939 0.0489398
0.685375 0.156946 0.661486 0.0682852 0.648396 0.0431301
0.1925 0.628549 0.0682297 0.675131 0.0988449 0.663066
0.650669 0.329502 0.683774 0.0407316 0.683529 0.081442
0.494728 0.0722177 0.676206 0.145264 0.662454 0.0867831
0.661293 0.121609 0.707664 0.1119 0.663676 0.0978112
0.6891 0.158022 0.623227 0.0547072 0.65384 0.0572164
0.0912904 0.698961 0.111179 0.657587 0.0738692 0.653309
0.465238 0.420616 0.651648 0.0681702 0.65781 0.0846391
0.326886 0.626669 0.535898 0.445571 0.642881 0.0357602
0.266712 0.514865 0.0870539 0.666047 0.0816507 0.624691
0.430254 0.167861 0.721949 0.10087 0.676004 0.0674223
0.568946 0.35531 0.696841 0.0954155 0.665478 0.0773754
0.659966 0.081658 0.65875 0.0616277 0.677694 0.0799334
0.494962 0.211744 0.668218 0.0916762 0.658681 0.0798751
0.530667 0.522622 0.679684 0.151482 0.703222 0.0576204
0.592248 0.423465 0.682816 0.074959 0.631264 0.117651
0.290041 0.302024 0.556308 0.598421 0.0736013 0.682446
0.523353 0.456608 0.6631 0.0579251 0.687311 0.124174
0.447983 0.404473 0.151526 0.635838 0.0965298 0.651899
0.336391 0.486508 0.598309 0.31204 0.68304 0.085289
0.621516 0.16205 0.681078 0.057741 0.644173 0.0516207
0.317104 0.326362 0.62244 0.221063 0.669339 0.034747
0.646727 0.138751 0.697931 0.0462798 0.630394 0.0792021
0.631767 0.170399 0.719033 0.100114 0.702824 0.0855606
0.547596 0.299937 0.669899 0.0592022 0.642842 0.0624406
0.666874 0.259652 0.650263 0.0458253 0.701542 0.0764174
0.624544 0.479071 0.642563 0.0594399 0.641003 0.0345551
0.564142 0.405041 0.681786 0.133728 0.645853 0.0234968
0.175155 0.60481 0.0823899 0.687073 0.0679613 0.650854
0.60996 0.203078 0.657867 0.0703862 0.642684 0.0825706
0.555489 0.322902 0.669969 0.0394873 0.639246 0.053204
0.647777 0.255151 0.598207 0.130935 0.677025 0.0798449
0.202381 0.470977 0.0474894 0.609988 0.075924 0.671784
0.231487 0.498921 0.195857 0.694036 0.0225024 0.627599
0.558078 0.216038 0.656744 0.0430051 0.715243 0.0533091
0.672458 0.131502 0.678188 0.0709312 0.700674 0.101365
0.603513 0.211454 0.69046 0.0732081 0.669874 0.0581231
0.667491 0.056245 0.71017 0.0539599 0.676041 0.0519964
0.483325 0.162749 0.664688 0.0486947 0.63499 0.0486506
0.695938 0.0885622 0.653053 0.0585423 0.64563 0.0484738
0.664807 0.126005 0.66434 0.0993847 0.658989 0.0333054
0.601913 0.155465 0.679477 0.0618267 0.684679 0.0723547
0.5974 0.0646822 0.678282 0.111708 0.703422 0.0885279
0.651071 0.169059 0.656811 0.0726823 0.669166 0.0500506
0.624542 0.239928 0.684853 0.0349985 0.668975 0.0497254
0.520688 0.39766 0.486674 0.494565 0.487172 0.379948
0.162329 0.647083 0.233034 0.724986 0.0583705 0.616775
0.394269 0.529701 0.65599 0.0791879 0.591254 0.0553194
0.681156 0.106191 0.70383 0.0807789 0.66292 0.0983158
0.635545 0.108663 0.657223 0.0529021 0.729709 0.0560654
0.497726 0.466943 0.554507 0.516105 0.672908 0.0609404
0.647269 0.170411 0.684623 0.0743146 0.673399 0.0631123
0.64131 0.272129 0.682491 0.0954298 0.708815 0.148302
0.610328 0.179181 0.612853 0.0336124 0.663236 0.0497541
0.187688 0.601623 0.158728 0.67167 0.0445125 0.639456
0.22551 0.596261 0.100526 0.699456 0.105824 0.68439
0.407382 0.591668 0.465305 0.384865 0.643481 0.0297314
0.671837 0.108916 0.664742 0.0925847 0.637117 0.0476892
0.426464 0.584462 0.547068 0.349024 0.680131 0.103499
0.330045 0.433103 0.321906 0.598269 0.113953 0.629107
0.363305 0.329454 0.593063 0.412616 0.629974 0.044849
0.0669017 0.646741 0.0852392 0.694954 0.0415968 0.679792
0.58819 0.0734364 0.66324 0.0627342 0.67346 0.0687364
0.671863 0.151179 0.715141 0.0293493 0.68187 0.0557147
0.315843 0.423617 0.164122 0.677283 0.0448863 0.638499
0.335697 0.465281 0.180837 0.680313 0.0584355 0.649338
0.622322 0.0666986 0.706318 0.0625824 0.671954 0.0716711
0.285255 0.406425 0.630651 0.429446 0.6458 0.0515775
0.187053 0.363509 0.618972 0.593007 0.669722 0.0603995
0.615677 0.16363 0.678351 0.0568756 0.64682 0.0687126
0.545553 0.293412 0.699375 0.0220938 0.702675 0.0486499
0.630508 0.406659 0.578932 0.0551948 0.699095 0.0533706
0.635132 0.137471 0.700894 0.0572532 0.64626 0.124589
0.24962 0.632881 0.0839382 0.661573 0.151003 0.662826
0.237765 0.549402 0.080923 0.659604 0.0510409 0.627812
0.594764 0.299609 0.633623 0.0272215 0.633194 0.045235
0.479924 0.364239 0.679781 0.0417244 0.705638 0.0787763
0.236185 0.509259 0.0687795 0.68283 0.0834248 0.691511
0.453092 0.37625 0.67677 0.0787799 0.654193 0.0451921
0.674705 0.378442 0.694712 0.0484426 0.643467 0.0644083
0.166977 0.458648 0.0752092 0.677931 0.06795 0.689958
0.61252 0.103232 0.670418 0.150913 0.680532 0.0354098
0.599621 0.196816 0.683911 0.0605451 0.647148 0.0410227
0.672041 0.150235 0.687531 0.0886892 0.687781 0.075514
0.597284 0.188916 0.660946 0.0455695 0.703368 0.0753508
0.705946 0.115353 0.677798 0.08935 0.675683 0.0662295
0.328863 0.118579 0.7058 0.0618896 0.680702 0.0464505
0.0717331 0.565627 0.0920075 0.664103 0.0776377 0.601287
0.392574 0.606304 0.637831 0.0956132 0.637658 0.0985839
0.662079 0.206147 0.629262 0.0303002 0.658378 0.0811591
0.452243 0.564089 0.655316 0.0856787 0.674438 0.0953041
0.205166 0.621936 0.128562 0.667174 0.113892 0.703182
0.567528 0.442172 0.684352 0.0976084 0.675305 0.106056
0.520848 0.202568 0.69546 0.0416649 0.68643 0.0363479
0.643688 0.21041 0.665586 0.0567944 0.697303 0.040449
0.665659 0.106018 0.696131 0.0549003 0.703254 0.0621373
0.437184 0.499998 0.650968 0.0244955 0.680571 0.052581
0.526989 0.0720092 0.714788 0.108729 0.677935 0.0485519
0.535094 0.297756 0.690802 0.054942 0.666521 0.0220897
0.529912 0.252869 0.663995 0.0538613 0.675449 0.0278726
0.561655 0.161578 0.692675 0.0493221 0.714049 0.127815
0.212773 0.595523 0.094878 0.63159 0.100686 0.645911
0.554047 0.175549 0.683295 0.113607 0.690807 0.0359268
0.453188 0.409534 0.714239 0.051699 0.681507 0.0928776
0.57103 0.581336 0.658798 0.418798 0.693127 0.0578835
0.325859 0.550592 0.0905736 0.591503 0.0524473 0.648598
0.692701 0.100376 0.684233 0.0747973 0.680115 0.0882152
0.557179 0.0821286 0.717178 0.0662431 0.677905 0.0416436
0.576449 0.469988 0.677766 0.11383 0.706223 0.0726336
0.703175 0.164304 0.682274 0.0779303 0.686801 0.0393905
0.485211 0.308971 0.670602 0.0246557 0.68109 0.107121
0.236814 0.579808 0.0572135 0.657663 0.0468986 0.59611
0.638818 0.118642 0.684339 0.039202 0.705983 0.0543427
0.534084 0.298436 0.68 0.0540103 0.707906 0.09854
0.436001 0.455858 0.58514 0.452792 0.661803 0.0575143
0.661096 0.263925 0.632833 0.0552054 0.682398 0.0678443
0.629685 0.246919 0.694236 0.0805003 0.7072 0.0432354
0.645604 0.244072 0.651081 0.0434726 0.668778 0.0718546
0.279189 0.30399 0.667995 0.131453 0.670469 0.0765289
0.6791 0.0716626 0.7017 0.0458475 0.713764 0.0364849
0.307758 0.585013 0.0551697 0.64053 0.0683214 0.635895
0.620906 0.185491 0.690025 0.0377851 0.660285 0.0634267
0.628156 0.252934 0.646616 0.054832 0.718039 0.0651432
0.598981 0.178771 0.692195 0.0996523 0.671038 0.0415182
0.379566 0.652507 0.0533759 0.574255 0.0430659 0.600648
0.229844 0.440325 0.0846795 0.682073 0.0763421 0.7045
0.44924 0.225811 0.683602 0.0816618 0.684124 0.057241
0.326622 0.620184 0.295325 0.61405 0.0772256 0.64631
0.0882923 0.665064 0.210925 0.688734 0.0796794 0.673116
0.43091 0.43381 0.615911 0.135116 0.6484 0.0404448
0.626095 0.185591 0.684563 0.0710877 0.684821 0.0779851
0.642012 0.246243 0.630773 0.0719921 0.658428 0.0396977
0.596567 0.147798 0.699845 0.0639205 0.672985 0.0936096
0.684152 0.116307 0.679122 0.0964119 0.731358 0.109827
0.463766 0.496593 0.678724 0.0693134 0.653764 0.0342104
0.599292 0.264728 0.60436 0.0484107 0.682059 0.0606262
0.134128 0.552822 0.102398 0.612476 0.056201 0.703126
0.266389 0.643755 0.0424532 0.7089 0.0281406 0.677307
0.633342 0.186345 0.707838 0.0505344 0.648653 0.0704748
0.432349 0.521771 0.380141 0.575996 0.713909 0.0293326
0.373372 0.467776 0.382328 0.573005 0.437965 0.428551
0.185763 0.621414 0.116169 0.676919 0.143226 0.606071
0.627104 0.148808 0.668822 0.0742551 0.627084 0.0840989
0.390523 0.547621 0.112298 0.628786 0.0844095 0.632617
0.24675 0.596679 0.659909 0.0526466 0.65618 0.0587943
0.708282 0.080672 0.694404 0.046442 0.708177 0.108901
0.568394 0.27359 0.633788 0.0943218 0.703544 0.076784
0.121425 0.665821 0.0687919 0.64964 0.0440251 0.666292
0.610863 0.330237 0.688425 0.0979932 0.704457 0.0650428
0.507625 0.441085 0.690064 0.0242143 0.646844 0.0436766
0.547917 0.236699 0.7015 0.123577 0.635989 0.0700957
0.504952 0.611565 0.549033 0.359993 0.696058 0.106897
0.546545 0.384687 0.658974 0.0426613 0.640374 0.0455771
0.415002 0.305762 0.663458 0.0497958 0.729955 0.0775317
0.448618 0.515861 0.707991 0.0836418 0.705489 0.0479049
0.397939 0.347879 0.665179 0.041684 0.662959 0.110133
0.371951 0.562141 0.106457 0.687387 0.0840677 0.637719
0.529933 0.587283 0.67917 0.237099 0.628547 0.103628
0.365663 0.629224 0.07532 0.64859 0.105427 0.640653
0.681821 0.107513 0.685669 0.0524801 0.667709 0.124201
0.481285 0.336505 0.623966 0.0500062 0.715551 0.052341
0.696156 0.069395 0.651731 0.0391412 0.666961 0.067149
0.679118 0.0880819 0.686919 0.0461858 0.739211 0.149751
0.677968 0.0718536 0.651677 0.0279691 0.684836 0.0658292
0.671653 0.122132 0.713665 0.0433993 0.676689 0.0830638
0.348273 0.591401 0.0593178 0.687391 0.118207 0.679609
0.630414 0.210084 0.651019 0.0793937 0.692806 0.0396947
0.161727 0.585938 0.156981 0.677925 0.0746478 0.671966
0.704781 0.123992 0.631641 0.121387 0.647249 0.0560208
0.273802 0.583749 0.15096 0.684644 0.0735624 0.661064
0.623607 0.198643 0.703488 0.0787876 0.687896 0.070493
0.410371 0.0796263 0.647675 0.0584641 0.711808 0.0529411
0.608361 0.287583 0.649671 0.0416974 0.710321 0.0841682
0.401961 0.306318 0.601893 0.0704296 0.701353 0.184364
0.657526 0.370848 0.667137 0.0720142 0.661706 0.0627277
0.612721 0.247141 0.637557 0.0260101 0.706402 0.0901154
0.579643 0.180491 0.599086 0.0889444 0.720952 0.0424633
0.655003 0.229423 0.648475 0.0274013 0.70246 0.0735124
0.6086 0.0779329 0.640876 0.0669753 0.690072 0.0595133
0.673473 0.10252 0.656598 0.0467379 0.650537 0.0429711
0.644838 0.4459 0.709145 0.13124 0.666041 0.0940594
0.666357 0.17742 0.704101 0.142168 0.669167 0.0680375
0.619897 0.136598 0.683867 0.135433 0.692936 0.0533252
0.610135 0.454117 0.684249 0.0737658 0.637634 0.0402286
0.469677 0.428659 0.616699 0.059175 0.636744 0.0659209
0.432611 0.540521 0.0635543 0.669108 0.0254437 0.661276
0.462397 0.371474 0.607116 0.131398 0.676588 0.038865
0.314269 0.512489 0.661609 0.292293 0.694483 0.0472757
0.622951 0.0868565 0.683355 0.112464 0.689871 0.0927635
0.580706 0.219062 0.685349 0.0361982 0.582713 0.0198706
0.681597 0.244247 0.640855 0.0604195 0.660464 0.0337799
0.294788 0.501441 0.441915 0.531744 0.0355332 0.650746
0.688413 0.0955966 0.687276 0.0639453 0.72922 0.0622818
0.19822 0.570675 0.0726037 0.604991 0.0880685 0.633792
0.567406 0.120383 0.702663 0.0743919 0.680612 0.0659589
0.515573 0.362103 0.682222 0.173457 0.653094 0.0653306
0.350938 0.500909 0.07011 0.712497 0.0972 0.686228
0.677217 0.113634 0.641644 0.037735 0.636922 0.0460812
0.616584 0.206988 0.687764 0.0920741 0.683728 0.02672
0.639035 0.17493 0.691658 0.0356871 0.671596 0.0548011
0.601128 0.192528 0.660809 0.0522534 0.615099 0.0800128
0.507347 0.32097 0.685898 0.0710315 0.646987 0.0398295
0.128132 0.622394 0.0381085 0.591463 0.0931321 0.68476
0.604298 0.129527 0.711305 0.0929905 0.649914 0.0401994
0.658209 0.0666989 0.691105 0.087092 0.624281 0.0312237
0.654602 0.409389 0.682747 0.0533444 0.650456 0.029651
0.662886 0.104125 0.670435 0.0497722 0.657671 0.108147
0.578079 0.283455 0.721546 0.0533451 0.715932 0.0853468
0.222492 0.639754 0.111007 0.660405 0.0873774 0.671255
0.440319 0.478221 0.507887 0.485092 0.696627 0.0512132
0.246305 0.399996 0.399057 0.550672 0.679673 0.105311
0.20225 0.5652 0.146366 0.650459 0.0958603 0.643375
0.611176 0.0896777 0.703751 0.0685055 0.637708 0.028985
0.0917633 0.577567 0.0731665 0.651743 0.0690704 0.577211
0.65391 0.170284 0.679475 0.0968182 0.675112 0.051814
0.628737 0.461105 0.62379 0.245463 0.643949 0.0349119
0.50144 0.571786 0.478837 0.535273 0.641279 0.051316
0.553542 0.44137 0.639608 0.0352349 0.658921 0.0403031
0.544974 0.468072 0.675807 0.0821913 0.672409 0.0753387
0.195881 0.581738 0.0688132 0.615731 0.100339 0.635229
0.670752 0.138892 0.683903 0.211356 0.613363 0.0466855
0.647308 0.106071 0.686839 0.066921 0.683159 0.0651954
0.68183 0.134742 0.684452 0.0338502 0.654881 0.0368
0.598086 0.121313 0.673 0.121535 0.716868 0.108564
0.509339 0.146009 0.732164 0.0564337 0.697086 0.037607
0.472326 0.55139 0.623551 0.0527704 0.692616 0.128575
0.413166 0.239732 0.674894 0.0653724 0.681564 0.0782573
0.665109 0.0741524 0.705065 0.0692835 0.687354 0.0499065
0.693345 0.0414191 0.641298 0.0277172 0.670597 0.0473183
0.587057 0.187189 0.676008 0.0611518 0.697975 0.109945
0.222344 0.377541 0.665288 0.191121 0.632069 0.0498283
0.401453 0.344237 0.658082 0.0418827 0.671852 0.0442387
0.604327 0.335301 0.678694 0.0613931 0.656113 0.0512538
0.609674 0.184504 0.572372 0.0643608 0.659089 0.0417664
0.186062 0.575735 0.0555612 0.691301 0.132857 0.706057
0.468183 0.400663 0.684405 0.16119 0.686 0.0520441
0.134038 0.66566 0.15988 0.688652 0.0670431 0.650629
0.270455 0.58789 0.114168 0.609136 0.0641937 0.600886
0.226136 0.617713 0.0564433 0.687583 0.0635383 0.619955
0.657143 0.134576 0.656109 0.0680531 0.688494 0.0464172
0.25785 0.429044 0.0769818 0.664409 0.0801228 0.691591
0.482779 0.274607 0.689698 0.0510831 0.646082 0.050383
0.602788 0.11936 0.735352 0.111977 0.656055 0.0311925
0.632359 0.311537 0.658082 0.104724 0.705753 0.0801249
0.663198 0.154143 0.689589 0.0205855 0.728277 0.145291
0.584849 0.13118 0.643252 0.0474068 0.653886 0.0334957
0.699219 0.117984 0.688176 0.0513583 0.693258 0.0879321
0.506896 0.249748 0.688006 0.056657 0.702814 0.0604716
0.142844 0.487654 0.0439159 0.650543 0.0804029 0.721233
0.532795 0.399267 0.597947 0.313453 0.697397 0.0640471
0.118663 0.664816 0.0934362 0.676022 0.139911 0.546981
0.375511 0.624391 0.0957563 0.666284 0.164879 0.647184
0.704146 0.114539 0.715315 0.0760242 0.66099 0.0628814
0.613307 0.276509 0.694115 0.0430048 0.690947 0.0972863
0.567544 0.348125 0.613193 0.0834699 0.675332 0.0616702
0.203798 0.479118 0.0468931 0.638028 0.111993 0.621847
0.578066 0.0541739 0.61893 0.0584048 0.705961 0.0722983
0.579545 0.199099 0.637045 0.0305307 0.65521 0.0554808
0.174057 0.621139 0.0706875 0.665335 0.0507447 0.619317
0.613253 0.141912 0.669694 0.0774826 0.70953 0.189168
0.0478209 0.605795 0.0457263 0.662024 0.115884 0.629589
0.629122 0.22188 0.617111 0.134622 0.699807 0.0556103
0.528378 0.262027 0.658063 0.10173 0.6607 0.0672209
0.551562 0.251961 0.678825 0.0523805 0.658205 0.0325148
0.234591 0.546908 0.0553063 0.66754 0.0945914 0.661821
0.122221 0.638223 0.0744186 0.701062 0.0929789 0.684404
0.638367 0.248851 0.623249 0.0569216 0.674542 0.129673
0.663295 0.144993 0.706543 0.110067 0.72199 0.115091
0.65621 0.135988 0.643773 0.0689686 0.680066 0.0512062
0.647556 0.0593937 0.689316 0.0418497 0.704525 0.0517017
0.216557 0.530406 0.0607274 0.648954 0.059511 0.621977
0.600997 0.364965 0.68966 0.0858448 0.687417 0.0551607
0.588872 0.233641 0.688052 0.0597393 0.728867 0.0633634
0.250301 0.648141 0.0374162 0.623309 0.0719885 0.622879
0.648023 0.306277 0.682991 0.0277726 0.664176 0.0575618
0.664986 0.0745709 0.72659 0.0687006 0.661069 0.0994528
0.128749 0.643714 0.0663351 0.637974 0.0757043 0.622118
0.555223 0.518372 0.685235 0.0549017 0.684399 0.131902
0.4495 0.336898 0.689642 0.048773 0.693143 0.0620555
0.581721 0.429588 0.63707 0.0607504 0.673025 0.0974704
0.125154 0.629251 0.205706 0.639537 0.158172 0.629845
0.099314 0.595475 0.0572226 0.654833 0.0978474 0.678435
0.223799 0.625747 0.155851 0.683639 0.106165 0.686542
0.571705 0.190406 0.657831 0.0414342 0.714354 0.0658532
0.663296 0.186387 0.685822 0.0448728 0.671123 0.052671
0.629331 0.126021 0.732231 0.142676 0.653214 0.0220988
0.574478 0.407889 0.562258 0.541747 0.635313 0.0978535
0.514275 0.191513 0.647791 0.0487005 0.685185 0.0676902
0.60495 0.536034 0.638067 0.119036 0.675653 0.0990205
0.606599 0.228911 0.683504 0.0788948 0.676452 0.0846634
0.512321 0.460735 0.609524 0.219982 0.686735 0.0366159
0.0789542 0.601512 0.0966059 0.645909 0.0345148 0.589495
0.438344 0.212212 0.677855 0.050154 0.673948 0.0645749
0.675339 0.0790196 0.721951 0.0435004 0.627311 0.063823
0.321187 0.404782 0.68158 0.144542 0.66349 0.0531767
0.20779 0.56902 0.110587 0.663709 0.0615658 0.675113
0.660493 0.192195 0.640502 0.0623284 0.61199 0.0335146
0.0701449 0.592599 0.0588149 0.651242 0.124736 0.694653
0.669775 0.176566 0.687251 0.0801157 0.699358 0.0687069
0.581666 0.381583 0.683722 0.104236 0.661446 0.0415391
0.511283 0.123287 0.68946 0.0661168 0.63733 0.0279341
0.516809 0.313815 0.666585 0.0198168 0.70326 0.0417739
0.618581 0.262453 0.688579 0.101021 0.672114 0.0442317
0.329404 0.61563 0.0827765 0.590256 0.0454435 0.655128
0.248748 0.673301 0.171137 0.685266 0.0761124 0.608732
0.256662 0.458288 0.0391391 0.597364 0.0835719 0.683067
0.478553 0.379151 0.602344 0.0861854 0.661613 0.0513697
0.586202 0.199556 0.679397 0.0890301 0.666528 0.0421605
0.636193 0.202298 0.642556 0.0551286 0.692706 0.0312208
0.643995 0.256805 0.625001 0.0506717 0.640024 0.0356658
0.638315 0.0971878 0.65071 0.0511196 0.66013 0.0573054
0.142306 0.703219 0.137495 0.66537 0.0505932 0.609142
0.573118 0.409928 0.517287 0.408168 0.615632 0.0580889
0.654148 0.103434 0.635759 0.0605827 0.677514 0.104782
0.146966 0.69466 0.07711 0.630639 0.116539 0.61901
0.476054 0.239466 0.672377 0.0494818 0.661726 0.0493556
0.642893 0.0932149 0.694279 0.0694736 0.682031 0.0312544
0.391209 0.601337 0.569534 0.493764 0.662929 0.138233
0.156645 0.578134 0.0810309 0.656366 0.07242 0.657939
0.188576 0.500445 0.0744814 0.653254 0.10856 0.687184
0.37557 0.221845 0.685265 0.057857 0.648259 0.0656773
0.420142 0.282956 0.548011 0.185248 0.650277 0.0395299
0.339024 0.518591 0.0760823 0.676416 0.10421 0.691905
0.469927 0.411338 0.664209 0.0400067 0.685769 0.0802491
0.152835 0.663744 0.0673607 0.591117 0.102933 0.655104
0.496788 0.191802 0.705621 0.0436094 0.671368 0.0485475
0.202741 0.5882 0.0912344 0.670038 0.0828274 0.668394
0.513099 0.383744 0.661234 0.0456653 0.659556 0.152231
0.666282 0.171327 0.686041 0.0491377 0.685156 0.0993486
0.520828 0.494735 0.383187 0.50231 0.0634863 0.691198
0.584412 0.231127 0.691119 0.086159 0.68582 0.02423
0.12927 0.569853 0.158071 0.626307 0.0805365 0.685131
0.357791 0.490646 0.692154 0.209332 0.670724 0.106671
0.661942 0.194783 0.645985 0.0299815 0.669427 0.0778232
0.66546 0.143316 0.661233 0.0437753 0.665405 0.0757577
0.574091 0.444021 0.564649 0.408208 0.680623 0.0784067
0.52146 0.420841 0.670148 0.0413261 0.713869 0.100118
0.226043 0.584673 0.0466304 0.631536 0.0808575 0.721765
0.355728 0.424093 0.0736069 0.643422 0.134779 0.719184
0.444722 0.37 0.693254 0.27542 0.682937 0.0750504
0.339666 0.425628 0.140889 0.623391 0.0583846 0.641598
0.648695 0.20822 0.631089 0.015242 0.625794 0.0314046
0.593165 0.270253 0.656627 0.0613307 0.636077 0.0315402
0.641395 0.132626 0.720015 0.103642 0.65811 0.113934
0.356809 0.334416 0.462259 0.373177 0.663056 0.0890734
0.478834 0.240058 0.640269 0.0342382 0.665343 0.0786804
0.54664 0.317922 0.679276 0.0654078 0.67586 0.0816843
0.535187 0.553944 0.578372 0.284882 0.651763 0.0361568
0.170255 0.494954 0.0613873 0.550068 0.0515943 0.658398
0.496048 0.638737 0.643495 0.354526 0.690388 0.137173
0.70549 0.185873 0.614261 0.0993481 0.631744 0.0473896
0.563544 0.351555 0.70355 0.048899 0.610525 0.0308081
0.6217 0.150259 0.658572 0.0633135 0.688263 0.0856035
0.590723 0.453308 0.646614 0.0390401 0.656394 0.0389804
0.582952 0.27487 0.658352 0.108784 0.677883 0.0345432
0.542059 0.372559 0.619371 0.0546345 0.678387 0.0755889
0.3645 0.540477 0.0807199 0.656871 0.168793 0.648608
0.557637 0.101567 0.660183 0.0581669 0.66117 0.0637444
0.534583 0.488265 0.630146 0.545267 0.612474 0.0375966
0.309981 0.559448 0.0589266 0.645416 0.0884575 0.652938
0.564939 0.560216 0.404059 0.364642 0.697045 0.0741352
0.630378 0.05341 0.687156 0.0674171 0.684529 0.0987901
0.576152 0.191475 0.692282 0.0653235 0.718203 0.0359234
0.106885 0.619498 0.0905208 0.690298 0.0516428 0.652822
0.691472 0.139495 0.699457 0.0604308 0.666372 0.0272749
0.19105 0.586551 0.0893099 0.633483 0.0703677 0.614124
0.18117 0.561941 0.0595029 0.619531 0.152217 0.601024
0.589803 0.110036 0.698329 0.124886 0.679839 0.0583885
0.582973 0.259119 0.669352 0.0676412 0.65838 0.0520002
0.56582 0.161698 0.699728 0.0622531 0.690564 0.0598062
0.317421 0.387282 0.597359 0.426106 0.665209 0.0422209
0.277268 0.320946 0.683531 0.0666464 0.664588 0.0593737
0.643974 0.152052 0.688694 0.0379538 0.662873 0.0832974
0.672331 0.146846 0.683796 0.0959015 0.643292 0.0262594
0.641286 0.22711 0.656532 0.214451 0.6827 0.081016
0.506584 0.222297 0.634853 0.0447717 0.659823 0.0534519
0.374806 0.437174 0.602551 0.587526 0.696328 0.0735553
0.605717 0.201332 0.613629 0.0530826 0.659225 0.0511241
0.51009 0.269007 0.668859 0.0777373 0.567501 0.0379833
0.667287 0.308487 0.644519 0.0793277 0.693377 0.0417546
0.33526 0.413794 0.641708 0.0926537 0.729647 0.0673968
0.0729805 0.599907 0.0721009 0.635405 0.048829 0.588476
0.595171 0.110675 0.669708 0.0342256 0.64443 0.0597208
0.244344 0.442982 0.196007 0.691033 0.157308 0.663705
0.42394 0.451864 0.535335 0.392501 0.683457 0.0611206
0.379739 0.270148 0.645522 0.0409927 0.652056 0.0625198
0.316525 0.418162 0.592415 0.535555 0.698381 0.0371402
0.465887 0.474515 0.633724 0.405187 0.701784 0.0712255
0.408347 0.381112 0.686925 0.064899 0.708049 0.0829353
0.669856 0.0746751 0.682769 0.0631007 0.648483 0.0543057
0.544381 0.23682 0.63668 0.0487073 0.611738 0.0362775
0.250963 0.553127 0.111138 0.645701 0.0683081 0.678109
0.485362 0.116189 0.659702 0.0600533 0.643487 0.0432068
0.524131 0.414867 0.711301 0.086396 0.703822 0.0429588
0.281202 0.603638 0.0475883 0.683303 0.0584425 0.671384
0.18947 0.523403 0.117389 0.642597 0.0643736 0.666356
0.619967 0.198424 0.697164 0.0582242 0.69163 0.0495304
0.606205 0.135219 0.643007 0.102677 0.655094 0.0572688
0.567991 0.244533 0.670997 0.0645663 0.689828 0.0700108
0.596232 0.390146 0.703708 0.0852752 0.693351 0.0425372
0.539655 0.151177 0.66568 0.0309995 0.629234 0.0318496
0.564066 0.525373 0.685351 0.0723665 0.661086 0.26854
0.657054 0.111767 0.715133 0.0664092 0.688621 0.0856042
0.20639 0.604011 0.0814852 0.652085 0.0820083 0.65982
0.381344 0.355537 0.42678 0.408709 0.543024 0.333954
0.593594 0.325045 0.6288 0.0677918 0.713937 0.0650056
0.0556033 0.656299 0.0926766 0.680441 0.0684457 0.64053
0.250598 0.692559 0.0348909 0.675095 0.0812716 0.643744
0.208187 0.668069 0.140118 0.627406 0.0474064 0.647781
0.197328 0.55754 0.0429802 0.659407 0.0955783 0.703676
0.658686 0.106177 0.712825 0.0833692 0.687312 0.0767688
0.641342 0.200849 0.619539 0.0430971 0.691995 0.0624158
0.637869 0.0877784 0.725466 0.0544295 0.698613 0.119931
0.61744 0.0910148 0.606486 0.0318213 0.671152 0.0465405
0.683107 0.175646 0.673524 0.0399418 0.685466 0.0678785
0.357023 0.635145 0.448628 0.578433 0.632555 0.202165
0.635818 0.156537 0.656608 0.0510768 0.692605 0.0833712
0.277386 0.572195 0.0655748 0.643709 0.0850742 0.658059
0.584629 0.277861 0.652346 0.0585152 0.656678 0.142098
0.612237 0.152683 0.655176 0.0892533 0.687785 0.0695592
0.556817 0.0509061 0.643099 0.042405 0.657779 0.0558317
0.687953 0.101525 0.685911 0.0542167 0.670589 0.0329279
0.403929 0.585943 0.103964 0.634933 0.0504477 0.627825
0.0844274 0.513848 0.249815 0.654433 0.06981 0.616456
0.272021 0.671895 0.0848299 0.634684 0.0612011 0.682884
0.312643 0.485724 0.673412 0.0970094 0.682244 0.0725271
0.412892 0.549811 0.0995801 0.652307 0.127303 0.67465
0.638267 0.0875857 0.653736 0.112867 0.615268 0.0846037
0.0323346 0.614379 0.0320071 0.647169 0.113008 0.696461
0.614092 0.0938544 0.685571 0.069767 0.644302 0.0570094
0.679743 0.205798 0.660833 0.0760816 0.669837 0.0218943
0.237596 0.622186 0.151562 0.685503 0.0729271 0.661819
0.322667 0.619615 0.0495929 0.655929 0.139763 0.620805
0.605242 0.534262 0.63128 0.549159 0.654824 0.0372765
0.619755 0.381195 0.677696 0.057678 0.719816 0.0816873
0.237731 0.560389 0.0871637 0.696834 0.0580511 0.663021
0.593903 0.189051 0.71735 0.0726777 0.688294 0.0707534
0.407028 0.390164 0.644427 0.114222 0.678464 0.0729904
0.559618 0.261014 0.678801 0.0552054 0.665988 0.0638298
0.45975 0.486672 0.447349 0.273555 0.667476 0.0996716
0.64591 0.134211 0.645716 0.0337023 0.69018 0.062736
0.452648 0.139421 0.656748 0.055802 0.701279 0.115165
0.227445 0.595649 0.064549 0.666499 0.0701902 0.646071
0.351346 0.47996 0.545751 0.379866 0.653724 0.0548883
0.610174 0.222763 0.619881 0.0709572 0.68539 0.0627965
0.647302 0.0214103 0.724739 0.0628813 0.697374 0.101652
0.107447 0.600356 0.17073 0.705915 0.117405 0.645245
0.50318 0.595404 0.375079 0.59861 0.0819116 0.694455
0.333458 0.581618 0.442443 0.46148 0.532721 0.515658
0.648164 0.144509 0.678275 0.0763185 0.6844 0.0438793
0.646803 0.144921 0.666737 0.0339956 0.652668 0.0514995
0.579277 0.363104 0.712379 0.0576042 0.65105 0.0251667
0.505512 0.407248 0.679481 0.0935023 0.651714 0.0456727
0.372167 0.493313 0.0949924 0.63368 0.076181 0.675921
0.310046 0.62737 0.0736191 0.647168 0.0264725 0.706249
0.185056 0.61465 0.0845455 0.659592 0.0800026 0.617112
0.46366 0.149302 0.63429 0.0255592 0.67669 0.124272
0.225011 0.502177 0.063758 0.654827 0.0626076 0.641479
0.600563 0.327885 0.677678 0.0839885 0.686048 0.0824431
0.677182 0.435911 0.605426 0.51956 0.693175 0.0643321
0.693127 0.157155 0.644456 0.0577484 0.674229 0.071595
0.59214 0.149574 0.684205 0.0718824 0.679378 0.121711
0.645986 0.122125 0.631167 0.0561895 0.644183 0.0654752
0.251155 0.123507 0.636916 0.0287429 0.66465 0.0324004
0.444954 0.181243 0.659049 0.0628968 0.689528 0.0750607
0.597766 0.226497 0.653038 0.0683628 0.627125 0.0630789
0.0777266 0.601531 0.067182 0.628376 0.13606 0.702258
0.302396 0.314002 0.0464915 0.673891 0.196101 0.652736
0.543195 0.446197 0.639007 0.273868 0.703584 0.118071
0.13036 0.570591 0.079177 0.634582 0.0463367 0.630032
0.616689 0.152749 0.672869 0.0315504 0.662752 0.079796
0.528779 0.283224 0.692872 0.0261696 0.664523 0.0270315
0.640905 0.0842541 0.664866 0.0319041 0.636531 0.05084
0.602885 0.0793532 0.709673 0.0477721 0.700822 0.0486865
0.574691 0.439243 0.675942 0.0516907 0.706597 0.0561171
0.639474 0.387297 0.65875 0.0633368 0.690196 0.0715434
0.373281 0.0903088 0.675682 0.0637348 0.664766 0.0710788
0.0929136 0.66625 0.26071 0.562982 0.109966 0.645547
0.577727 0.395525 0.728664 0.0801786 0.626774 0.0495563
0.336756 0.31881 0.611108 0.217602 0.674413 0.0844491
0.617733 0.131357 0.658018 0.0671023 0.704216 0.0598263
0.565996 0.480855 0.691348 0.151006 0.680204 0.0492299
0.664286 0.248059 0.641555 0.0327772 0.678157 0.0509487
0.656775 0.124229 0.686213 0.100541 0.667558 0.0366696
0.184107 0.582908 0.106728 0.668687 0.0353981 0.655785
0.228042 0.565006 0.0435985 0.66878 0.0759414 0.668926
0.563992 0.369936 0.691229 0.0670801 0.617147 0.0437125
0.233979 0.621585 0.1327 0.652236 0.0620118 0.685999
0.686933 0.0890341 0.683697 0.0554895 0.672082 0.0707191
0.152343 0.560718 0.175138 0.688468 0.0798476 0.648928
0.587066 0.297864 0.681955 0.076633 0.665517 0.0535856
0.336009 0.563857 0.0580275 0.67235 0.0498427 0.655462
0.651798 0.371541 0.700789 0.106747 0.691249 0.0464356
0.637117 0.0607312 0.665003 0.0707947 0.676441 0.0331767
0.651656 0.405632 0.64866 0.0348361 0.650005 0.061923
0.375736 0.434065 0.170853 0.68451 0.0863853 0.61557
0.50621 0.288603 0.683183 0.102545 0.670536 0.0408251
0.193577 0.382592 0.582221 0.372144 0.657578 0.075849
0.623577 0.0605152 0.618609 0.0346584 0.667272 0.0305833
0.550223 0.49596 0.545159 0.356444 0.720261 0.113479
0.570828 0.290917 0.672874 0.0502089 0.721888 0.0658942
0.646777 0.202281 0.694593 0.164454 0.704506 0.0373003
0.670709 0.213591 0.70042 0.0390964 0.695809 0.078753
0.552098 0.249772 0.664846 0.0492975 0.712167 0.129967
0.693051 0.0774363 0.656417 0.0513624 0.696918 0.0375971
0.543732 0.187196 0.673923 0.0432289 0.698253 0.0541569
0.463712 0.0573966 0.676181 0.0730484 0.665174 0.0792944
0.68104 0.143667 0.694551 0.0322696 0.658244 0.0931896
0.118019 0.557338 0.122103 0.675177 0.0577785 0.660504
0.644862 0.294764 0.681226 0.067252 0.686063 0.0884536
0.227245 0.647905 0.0693986 0.641548 0.0978149 0.668627
0.159509 0.488433 0.0384578 0.583638 0.0695622 0.688179
0.607894 0.37106 0.720284 0.033774 0.720862 0.0618676
0.364928 0.400273 0.643277 0.27197 0.680254 0.064835
0.470793 0.167309 0.694191 0.0632245 0.633782 0.055596
0.147688 0.666401 0.0425269 0.679745 0.0573267 0.699444
0.498623 0.27482 0.668964 0.0413637 0.676086 0.0476287
0.321289 0.498864 0.103431 0.655015 0.0269021 0.599367
0.679684 0.102367 0.670515 0.0480282 0.701166 0.0983893
0.277946 0.456667 0.123451 0.672982 0.0994113 0.634142
0.448931 0.50988 0.673026 0.0650207 0.660893 0.0667516
0.318877 0.406663 0.651151 0.194247 0.63349 0.039632
0.398622 0.398328 0.673544 0.100402 0.657392 0.0447734
0.542807 0.562672 0.559677 0.468936 0.368133 0.502912
0.598488 0.329158 0.629509 0.0218599 0.674132 0.0755334
0.3327 0.546312 0.112715 0.642002 0.03931 0.661357
0.273304 0.542706 0.0670933 0.628129 0.080729 0.622798
0.209291 0.589893 0.104467 0.664167 0.107377 0.685498
0.0784007 0.625031 0.0943448 0.66007 0.0653616 0.677494
0.38856 0.433305 0.216405 0.512328 0.202291 0.61022
0.477101 0.504577 0.713116 0.212011 0.661753 0.0383216
0.262869 0.545389 0.140483 0.655571 0.0742958 0.665469
0.355988 0.63809 0.504807 0.660294 0.644715 0.0587247
0.650381 0.134964 0.626229 0.0717911 0.681326 0.0416734
0.480013 0.333642 0.65535 0.0322256 0.643042 0.0396228
0.0958508 0.63521 0.118686 0.681868 0.0858375 0.645498
0.715848 0.1663 0.666486 0.0603633 0.66744 0.046092
0.574997 0.269588 0.640994 0.0569461 0.702292 0.0867276
0.606949 0.358855 0.659556 0.0591355 0.658918 0.0901614
0.528451 0.445221 0.635001 0.0668944 0.626037 0.0417083
0.682496 0.077901 0.691927 0.0374901 0.669478 0.0357961
0.693257 0.142624 0.6444 0.0955632 0.699446 0.112989
0.528533 0.195284 0.604321 0.0632824 0.650461 0.0400245
0.571618 0.596503 0.654688 0.0439125 0.631328 0.0641836
0.525607 0.364867 0.70162 0.0878399 0.653706 0.0719939
0.126643 0.612451 0.175705 0.689127 0.101733 0.737775
0.503958 0.192401 0.704946 0.0656636 0.648028 0.0540578
0.353161 0.57103 0.616587 0.56275 0.670963 0.101616
0.430479 0.550189 0.492134 0.459241 0.668357 0.0494732
0.59569 0.401031 0.698851 0.0833204 0.659131 0.0612776
0.671228 0.136809 0.699814 0.0945538 0.653982 0.0341699
0.196175 0.576499 0.0926781 0.638213 0.179146 0.620088
0.425201 0.443075 0.566369 0.396181 0.649999 0.0687582
0.632337 0.104429 0.694065 0.0295709 0.687716 0.03967
0.62396 0.265837 0.650341 0.0359903 0.687023 0.0634559
0.133641 0.65768 0.0771922 0.609488 0.12176 0.70512
0.487317 0.519193 0.665908 0.0737419 0.666814 0.0326281
0.396275 0.470747 0.356178 0.522542 0.519001 0.542326
0.57416 0.418166 0.688165 0.0583387 0.614782 0.0551735
0.612364 0.412226 0.668395 0.0244259 0.615207 0.0276622
0.671274 0.160523 0.588839 0.016253 0.729061 0.152518
0.658198 0.212237 0.696485 0.0307378 0.67165 0.08957
0.288645 0.515262 0.0522741 0.652736 0.110673 0.686223
0.337296 0.525973 0.100333 0.623826 0.0407472 0.682257
0.42197 0.55821 0.683355 0.157549 0.686567 0.100383
0.668229 0.0935227 0.698099 0.0930782 0.662963 0.0600348
0.638606 0.160208 0.697121 0.0792125 0.697565 0.0817019
0.337328 0.174251 0.668607 0.057761 0.701993 0.168014
0.22393 0.642864 0.0669586 0.658591 0.0492686 0.636475
0.658487 0.0680338 0.637862 0.0484501 0.65414 0.0393313
0.632191 0.493714 0.676632 0.0762029 0.675845 0.0625167
0.596261 0.0769095 0.623219 0.0359626 0.665069 0.049344
0.0937322 0.590343 0.135621 0.660622 0.217044 0.668606
0.440419 0.376029 0.702111 0.0582129 0.698091 0.0555377
0.445052 0.453036 0.689059 0.081599 0.723543 0.135845
0.1383 0.63835 0.0452252 0.672176 0.0739109 0.671248
0.23617 0.448467 0.199773 0.597827 0.0966201 0.684533
0.620967 0.102322 0.681629 0.104689 0.657005 0.0357878
0.555197 0.244056 0.703955 0.0648009 0.669344 0.0481929
0.682045 0.0812618 0.679688 0.0653238 0.68775 0.0315969
0.391008 0.167496 0.651439 0.0527355 0.693245 0.0545443
0.296129 0.305505 0.57848 0.446069 0.609393 0.488562
0.127771 0.560727 0.0738827 0.712662 0.12601 0.624084
0.637936 0.189025 0.654793 0.0407669 0.666587 0.104709
0.466051 0.564247 0.10595 0.575883 0.082013 0.636648
0.337047 0.477984 0.0921143 0.644796 0.0569791 0.677722
0.51036 0.288039 0.64242 0.0544813 0.638035 0.0190904
0.579661 0.127515 0.632138 0.0608136 0.676345 0.0481812
0.169486 0.645166 0.0641189 0.685534 0.0616557 0.674744
0.639235 0.0772081 0.675756 0.0625665 0.710728 0.0694238
0.343103 0.679868 0.0781677 0.66722 0.0636262 0.577063
0.609835 0.510571 0.560898 0.328772 0.669941 0.0943734
0.0809726 0.641989 0.057988 0.583929 0.0749325 0.651153
0.69874 0.1318 0.647521 0.0355077 0.641989 0.0632152
0.488948 0.165271 0.630884 0.0395688 0.669107 0.153498
0.130065 0.601116 0.114886 0.628105 0.128756 0.669853
0.642014 0.364393 0.693219 0.0964473 0.642914 0.0847573
0.372793 0.329143 0.651046 0.470003 0.635019 0.0239093
0.504593 0.26439 0.680157 0.0414422 0.700991 0.0766385
0.663482 0.10878 0.680533 0.0619099 0.709074 0.104901
0.672713 0.127764 0.689888 0.0450145 0.637744 0.0547751
0.655091 0.0853037 0.697368 0.0584089 0.659712 0.0662744
0.600746 0.200414 0.637062 0.0425756 0.653244 0.0381565
0.652044 0.178113 0.733789 0.117691 0.713762 0.0703581
0.599378 0.472662 0.72046 0.075175 0.682033 0.0751926
0.660764 0.392908 0.688687 0.0928965 0.682464 0.0882554
0.394861 0.129968 0.712779 0.0840452 0.66407 0.0817498
0.649882 0.0706166 0.713962 0.0397035 0.678251 0.152815
0.49543 0.457974 0.656971 0.108392 0.690196 0.0588178
0.5852 0.249051 0.633875 0.0460244 0.670843 0.058401
0.586017 0.255103 0.660215 0.047336 0.71821 0.109241
0.672279 0.132774 0.665133 0.0846808 0.606366 0.0829706
0.0560531 0.666693 0.0799504 0.703025 0.1347 0.676921
0.530413 0.157979 0.705506 0.0960344 0.686734 0.103239
0.400784 0.126591 0.694065 0.0825627 0.715777 0.109264
0.701362 0.176284 0.683666 0.053412 0.611097 0.106705
0.550991 0.252216 0.670607 0.100001 0.658658 0.0667385
0.674476 0.149584 0.632728 0.053353 0.648101 0.0548287
0.435213 0.342284 0.726767 0.0546709 0.658356 0.0544463
0.249484 0.680153 0.120169 0.640966 0.0807187 0.637811
0.154699 0.650255 0.102687 0.668294 0.10406 0.711204
0.648184 0.176576 0.652202 0.0713435 0.687634 0.101492
0.521832 0.604971 0.644947 0.416928 0.664187 0.0500109
0.300681 0.405433 0.466035 0.469733 0.656059 0.0831293
0.712463 0.142927 0.677293 0.0541578 0.650447 0.0305021
0.386671 0.593955 0.129946 0.622084 0.111854 0.65669
0.618379 0.136276 0.694048 0.0966093 0.722838 0.0685249
0.359351 0.585749 0.122265 0.702929 0.0770481 0.646052
0.58186 0.373966 0.603778 0.166983 0.715036 0.0580278
0.694919 0.309476 0.665561 0.0870034 0.685795 0.0425433
0.633146 0.176924 0.676312 0.0695673 0.624386 0.0607691
0.426379 0.148865 0.553076 0.0500668 0.66722 0.0724918
0.615373 0.14792 0.689966 0.0572846 0.669386 0.06651
0.307692 0.242825 0.71018 0.162639 0.679601 0.0336572
0.325723 0.463862 0.347569 0.523116 0.0560785 0.695038
0.623908 0.171796 0.66237 0.0390265 0.661529 0.112233
0.631438 0.476341 0.649661 0.0777405 0.669379 0.0440904
0.188267 0.603943 0.0649729 0.672129 0.0556464 0.627899
0.626981 0.214936 0.732497 0.10764 0.65925 0.0525609
0.571619 0.523755 0.544105 0.394117 0.659184 0.0414104
0.243014 0.549875 0.0680909 0.604713 0.0536448 0.673358
0.470301 0.192797 0.694911 0.0831204 0.673764 0.031234
0.464227 0.487586 0.66271 0.0816398 0.640429 0.0373477
0.375333 0.389856 0.646819 0.0452106 0.61436 0.0398103
0.3957 0.586973 0.672212 0.10969 0.666253 0.0482087
0.217171 0.567963 0.0325063 0.638123 0.0579409 0.619695
0.136098 0.607097 0.124155 0.684599 0.0693928 0.686592
0.407295 0.530427 0.15063 0.602309 0.12635 0.712487
0.335721 0.589425 0.113149 0.676898 0.0810012 0.70774
0.476496 0.548936 0.479521 0.447435 0.564062 0.364045
0.706484 0.140601 0.688201 0.076418 0.667681 0.0558628
0.541841 0.111888 0.683549 0.100495 0.702888 0.0540416
0.417346 0.237707 0.707065 0.111177 0.674366 0.0818243
0.616581 0.0678164 0.657386 0.0441759 0.666003 0.0648375
0.662322 0.0945784 0.676574 0.151074 0.662716 0.0785338
0.551335 0.129978 0.672003 0.0306554 0.688619 0.051713
0.558397 0.166276 0.662385 0.0404478 0.668999 0.105183
0.385254 0.475395 0.578871 0.559555 0.631473 0.174172
0.499486 0.277713 0.680751 0.0570413 0.740908 0.0838737
0.645911 0.327288 0.646848 0.0731065 0.724606 0.104113
0.571983 0.142258 0.67379 0.0613032 0.682175 0.0996165
0.161186 0.648321 0.131665 0.632281 0.104196 0.652979
0.560188 0.115608 0.704651 0.0451678 0.656738 0.0299412
0.60767 0.322743 0.730445 0.0797327 0.702378 0.0337122
0.615313 0.384909 0.720797 0.103756 0.662493 0.0521309
0.702549 0.234156 0.698737 0.0704062 0.673161 0.0897096
0.577745 0.307227 0.680913 0.0771112 0.567308 0.0439803
0.613524 0.118959 0.722118 0.0631944 0.620328 0.0731026
0.604979 0.484478 0.664817 0.122933 0.618264 0.0122547
0.714478 0.390503 0.640145 0.0546528 0.68452 0.0880037
0.37192 0.636972 0.166124 0.61683 0.064393 0.635218
0.524635 0.402501 0.65744 0.0636908 0.687106 0.0473915
0.525358 0.195812 0.608045 0.0912519 0.648501 0.0269064
0.577986 0.0562327 0.657805 0.069029 0.690009 0.0616595
0.609526 0.393254 0.609793 0.0440378 0.679895 0.0594316
0.177526 0.4803 0.109839 0.650386 0.14239 0.640537
0.0899177 0.65531 0.0862817 0.624916 0.0864369 0.644989
0.131138 0.658926 0.0646017 0.646185 0.0528224 0.624537
0.573064 0.403924 0.712705 0.0342202 0.667161 0.169087
0.531718 0.329052 0.704465 0.104547 0.625803 0.0315691
0.65254 0.482751 0.668632 0.0711118 0.694489 0.0269742
0.588782 0.268 0.643159 0.0451934 0.675779 0.0264065
0.678892 0.0691425 0.710329 0.125936 0.669225 0.0536149
0.548178 0.337152 0.638779 0.0435563 0.660831 0.026333
0.638524 0.224288 0.677974 0.0248364 0.715188 0.0782673
0.651484 0.121763 0.624094 0.0408771 0.62451 0.044769
0.240081 0.49029 0.249583 0.658203 0.0986174 0.653168
0.389741 0.442988 0.684825 0.0493243 0.677499 0.0896366
0.619087 0.446658 0.581872 0.124557 0.69282 0.0841205
0.612774 0.133969 0.686213 0.0757616 0.656059 0.0398687
0.391778 0.602484 0.674839 0.0676023 0.670817 0.0659416
0.637212 0.288567 0.634156 0.046068 0.704121 0.0900265
0.599993 0.301228 0.68954 0.154912 0.712921 0.0956921
0.726242 0.09382 0.675157 0.0295994 0.660615 0.0578432
0.620858 0.308132 0.689097 0.046871 0.692066 0.0536739
0.68542 0.0809936 0.692033 0.0290755 0.604168 0.0357608
0.449403 0.466845 0.584524 0.549224 0.60955 0.0465364
0.464648 0.154226 0.670869 0.0272987 0.669206 0.0606975
0.644993 0.206121 0.667235 0.0477852 0.693995 0.0536965
0.356633 0.579182 0.474352 0.513468 0.649771 0.217758
0.67511 0.23063 0.607617 0.0206937 0.696397 0.0602606
0.527253 0.285544 0.68732 0.0940648 0.647614 0.0233626
0.65637 0.0410755 0.634849 0.0469627 0.68667 0.0746488
0.675052 0.348856 0.686538 0.049892 0.676554 0.0453371
0.555287 0.279703 0.603429 0.0248764 0.607222 0.0816636
0.405666 0.506706 0.643632 0.552311 0.606524 0.12414
0.602865 0.13563 0.668472 0.0396464 0.64533 0.0489535
0.380512 0.587801 0.194947 0.524887 0.0754869 0.65481
0.561668 0.244398 0.660022 0.0567637 0.670691 0.0407652
0.583193 0.425156 0.686405 0.0697213 0.721219 0.0437866
0.134551 0.563682 0.0727353 0.62975 0.0773599 0.729301
0.608084 0.3227 0.726971 0.152492 0.694997 0.0613545
0.128443 0.645509 0.0558672 0.661594 0.0533535 0.684206
0.505593 0.239102 0.667046 0.0540493 0.688749 0.0782874
0.656889 0.173464 0.683758 0.0633493 0.66658 0.0812157
0.66929 0.115984 0.646179 0.0326573 0.671857 0.0761227
0.608933 0.225245 0.680942 0.054313 0.686424 0.081925
0.393755 0.502628 0.618632 0.470248 0.633368 0.200805
0.437714 0.476515 0.510247 0.540281 0.631549 0.459078
0.513764 0.583399 0.658179 0.100994 0.690216 0.0321565
0.561061 0.0741861 0.661542 0.06679 0.661227 0.0505667
0.605169 0.233934 0.689371 0.0518356 0.675839 0.0621008
0.44781 0.421223 0.453851 0.582328 0.559815 0.462565
0.186326 0.605876 0.193728 0.667286 0.0481182 0.667106
0.619291 0.127973 0.706702 0.0976016 0.683263 0.0993876
0.656262 0.212401 0.660191 0.0505776 0.711921 0.128968
0.656254 0.0710417 0.699958 0.0903753 0.6637 0.0676424
0.65439 0.0752188 0.702301 0.0466651 0.690062 0.153483
0.565766 0.247466 0.640238 0.0279139 0.635422 0.0369561
0.230422 0.618905 0.057424 0.559364 0.0575938 0.61702
0.619888 0.343217 0.710085 0.095198 0.659378 0.0949918
0.610209 0.0909772 0.62517 0.047222 0.705976 0.08206
0.589706 0.333485 0.693488 0.0564337 0.693986 0.0780117
0.646982 0.0623853 0.706118 0.0396511 0.675302 0.0621801
0.656991 0.219049 0.679086 0.0590639 0.668872 0.074245
0.614552 0.318607 0.690714 0.0430255 0.651469 0.101466
0.663506 0.186781 0.656699 0.0335964 0.654081 0.0619547
0.202365 0.541238 0.0625056 0.663429 0.0667823 0.630722
0.653853 0.0828914 0.698596 0.062312 0.691293 0.0636863
0.212947 0.572676 0.0930063 0.67893 0.123564 0.690805
0.505545 0.564873 0.647937 0.112893 0.688962 0.0615077
0.102709 0.431466 0.123504 0.679286 0.127162 0.571779
0.143663 0.636049 0.0450005 0.639987 0.102617 0.69208
0.505698 0.500973 0.683557 0.0271755 0.670077 0.0728435
0.519744 0.458643 0.64614 0.308928 0.596925 0.0365746
0.691117 0.106626 0.701645 0.0404962 0.65544 0.0544985
0.65607 0.307538 0.646535 0.0704225 0.629259 0.0454073
0.466956 0.340811 0.700019 0.11314 0.679037 0.0367697
0.626084 0.23364 0.673196 0.0455055 0.628354 0.058685
0.574777 0.149963 0.728914 0.074151 0.63424 0.05305
0.107657 0.658842 0.0684293 0.632925 0.0511759 0.687275
0.476161 0.560156 0.694226 0.088917 0.692013 0.0909125
0.709447 0.165697 0.669907 0.0899002 0.685426 0.0487697
0.286006 0.535822 0.0991509 0.670201 0.107948 0.611661
0.543919 0.325231 0.525247 0.617588 0.630393 0.0492244
0.215333 0.517519 0.0616055 0.621181 0.0964912 0.67566
0.608247 0.143685 0.648036 0.0654008 0.699663 0.0865032
0.233806 0.370814 0.0593466 0.613504 0.0915248 0.655201
0.58715 0.24673 0.644743 0.0636497 0.663044 0.071207
0.630028 0.127329 0.696697 0.0747139 0.678507 0.0756873
0.713161 0.222036 0.678324 0.0657135 0.709464 0.0367934
0.644126 0.0772391 0.639568 0.0244573 0.681983 0.0240566
0.666132 0.268366 0.671201 0.0919032 0.685052 0.0912377
0.650231 0.156689 0.645342 0.0297513 0.663823 0.0435338
0.661824 0.104368 0.688037 0.121466 0.666539 0.0378034
0.543838 0.419395 0.67994 0.078035 0.701832 0.0616544
0.575377 0.160644 0.714188 0.0551769 0.642095 0.062925
0.557214 0.118687 0.668868 0.0510095 0.719299 0.0767259
0.657917 0.168301 0.602495 0.0356329 0.680928 0.0611785
0.44324 0.412649 0.61516 0.200024 0.609876 0.026819
0.592803 0.216742 0.627286 0.0540749 0.704251 0.0419449
0.679818 0.292795 0.619705 0.0505533 0.655789 0.0890883
0.676164 0.393972 0.667273 0.0823555 0.64459 0.0499898
0.307324 0.685057 0.103477 0.586238 0.0826994 0.657439
0.128058 0.620375 0.160359 0.664765 0.0932605 0.676186
0.153369 0.670164 0.0427977 0.676677 0.114963 0.657055
0.390646 0.666166 0.0824521 0.661526 0.0527838 0.688555
0.631036 0.30761 0.692771 0.0362917 0.70271 0.121823
0.515777 0.218095 0.712902 0.0919271 0.697741 0.0392349
0.128675 0.628951 0.0581599 0.69278 0.0783285 0.68997
0.716596 0.0870276 0.617662 0.0418888 0.662228 0.0769498
0.645371 0.0957777 0.69627 0.0603484 0.701329 0.101108
0.601776 0.0925115 0.681401 0.0459906 0.666427 0.0524813
0.682652 0.422291 0.641356 0.0625147 0.658642 0.0757228
0.483705 0.525918 0.606867 0.602528 0.640172 0.0394993
0.678046 0.0922938 0.71195 0.0925261 0.643185 0.0683837
0.651982 0.0622834 0.653133 0.0246451 0.7001 0.0336984
0.456897 0.164665 0.686908 0.138964 0.665973 0.0684496
0.191361 0.439796 0.0859895 0.665607 0.0499016 0.632248
0.661144 0.0720088 0.690837 0.0402936 0.718531 0.0485657
0.648744 0.209134 0.6878 0.0972429 0.645558 0.0499383
0.152808 0.716129 0.0878701 0.659328 0.0440961 0.627928
0.529108 0.224565 0.680342 0.0720809 0.682897 0.0591551
0.598811 0.158913 0.642466 0.108131 0.691223 0.0988034
0.568026 0.14406 0.701063 0.0540983 0.719353 0.07954
0.642931 0.118112 0.720012 0.0466871 0.620431 0.0406421
0.57847 0.136757 0.641731 0.0337265 0.6219 0.0403905
0.592027 0.219416 0.676186 0.0888548 0.621073 0.0608225
0.275242 0.487682 0.0566958 0.635414 0.0897424 0.635821
0.165123 0.482609 0.0629219 0.665174 0.0460049 0.62016
0.426575 0.161269 0.658155 0.0518118 0.676693 0.0763726
0.630351 0.210987 0.65575 0.0354277 0.604455 0.0216602
0.402737 0.273581 0.663748 0.0303357 0.706791 0.055021
0.600085 0.338748 0.675964 0.0527921 0.640009 0.0219054
0.491231 0.490828 0.537188 0.169778 0.644116 0.0340844
0.640361 0.165086 0.70156 0.116996 0.652324 0.0788661
0.355669 0.573868 0.603146 0.368671 0.692158 0.0714675
0.659761 0.211856 0.668327 0.0121462 0.670852 0.0496139
0.494586 0.147675 0.632161 0.0754725 0.659061 0.0578059
0.630176 0.086221 0.688362 0.103654 0.678447 0.0593677
0.624742 0.102645 0.674424 0.0923307 0.72486 0.153342
0.564193 0.60918 0.534599 0.533688 0.698169 0.0676707
0.217884 0.461889 0.049908 0.647447 0.0449899 0.686275
0.142082 0.653941 0.1516 0.631054 0.0488585 0.647961
0.418644 0.267116 0.670269 0.104539 0.628947 0.149328
0.61268 0.143248 0.702444 0.063056 0.660925 0.0485509
0.664548 0.0397459 0.643581 0.045539 0.738406 0.129423
0.245103 0.518475 0.0575837 0.664531 0.0750632 0.629635
0.643936 0.239699 0.683151 0.0815159 0.663821 0.0576621
0.26024 0.593127 0.100871 0.665932 0.0691696 0.669639
0.381259 0.415771 0.58857 0.542429 0.635361 0.242798
0.515679 0.194111 0.613991 0.0514549 0.698761 0.0502271
0.31264 0.266009 0.701793 0.06575 0.667678 0.114372
0.580122 0.047569 0.652322 0.0428475 0.655737 0.0384
0.50755 0.368529 0.686893 0.0990656 0.638975 0.0603416
0.306063 0.497625 0.108686 0.677285 0.12747 0.661548
0.642977 0.44603 0.67598 0.0826938 0.694832 0.134698
0.531624 0.541987 0.609565 0.456305 0.625177 0.340918
0.461915 0.5621 0.390107 0.574828 0.64811 0.0309416
0.478905 0.245817 0.714905 0.075369 0.671634 0.0470414
0.636382 0.187249 0.635161 0.0438214 0.663567 0.057455
0.555031 0.424507 0.669131 0.106056 0.734572 0.152859
0.172458 0.524673 0.157498 0.751396 0.0435522 0.69517
0.646485 0.109924 0.685948 0.061836 0.653609 0.0728023
0.663363 0.191884 0.622676 0.0322591 0.675078 0.0803489
0.329255 0.417458 0.501125 0.368119 0.668706 0.250112
0.583865 0.191622 0.638217 0.0511455 0.693283 0.0767315
0.104811 0.613775 0.0918158 0.699619 0.115478 0.658092
0.436061 0.435314 0.644146 0.0486575 0.664911 0.0429902
0.669516 0.0776815 0.650169 0.0627346 0.691121 0.0754709
0.635952 0.213824 0.674715 0.0754452 0.69359 0.0681822
0.0841259 0.662027 0.0581264 0.66979 0.050663 0.670404
0.15156 0.521408 0.0598159 0.675323 0.0679793 0.667048
0.230956 0.591001 0.0447803 0.663279 0.104511 0.668278
0.463367 0.289777 0.702246 0.071346 0.678622 0.0324046
0.120879 0.614085 0.0919343 0.679151 0.0549356 0.666648
0.639277 0.0751589 0.660706 0.0872876 0.67279 0.0325657
0.686617 0.129153 0.648654 0.0506494 0.67359 0.0453628
0.388961 0.283855 0.710555 0.0868153 0.680276 0.206388
0.22303 0.539059 0.0606147 0.600073 0.338781 0.625278
0.571397 0.27996 0.692003 0.0515297 0.681682 0.0691523
0.648065 0.0375185 0.733797 0.0689738 0.637876 0.0503422
0.495578 0.341878 0.667737 0.0480291 0.681487 0.0812131
0.253227 0.403302 0.0936155 0.643263 0.0878362 0.686563
0.516278 0.550822 0.491995 0.436388 0.661938 0.0456448
0.682296 0.0710781 0.653671 0.0712016 0.662482 0.0729563
0.157159 0.616782 0.0443326 0.642141 0.0493757 0.680873
0.548888 0.578433 0.507429 0.460301 0.572926 0.302554
0.666958 0.158122 0.724724 0.145328 0.624458 0.0574891
0.595838 0.293916 0.66075 0.0407899 0.663707 0.0589295
0.696253 0.329274 0.652606 0.0667813 0.643828 0.0590541
0.671229 0.184761 0.678908 0.111077 0.679172 0.0593737
0.570348 0.16953 0.663543 0.0562052 0.716564 0.102499
0.693904 0.087106 0.735373 0.126887 0.649811 0.046031
0.523565 0.171407 0.669102 0.0277848 0.635625 0.0602181
0.117812 0.564859 0.0515981 0.572274 0.0596551 0.610368
0.52205 0.241578 0.648986 0.11458 0.684579 0.0430808
0.695146 0.127923 0.639995 0.0502494 0.664508 0.058152
0.509225 0.403165 0.690615 0.0871536 0.648354 0.0381235
0.584341 0.0878187 0.682345 0.0994093 0.618993 0.0468402
0.615328 0.390296 0.683603 0.362688 0.678857 0.0686217
0.602306 0.316535 0.64606 0.0465787 0.680733 0.0477645
0.60291 0.178075 0.678456 0.0447371 0.722068 0.061188
0.365326 0.453867 0.437725 0.394104 0.537646 0.338875
0.564816 0.220877 0.634314 0.0327118 0.686495 0.0829417
0.612673 0.31603 0.670754 0.0333206 0.704937 0.082891
0.591945 0.295262 0.678664 0.0298526 0.654545 0.0437375
0.583038 0.269343 0.679261 0.0853324 0.70704 0.14899
0.644461 0.109625 0.598724 0.0410492 0.651357 0.0634081
0.589487 0.155848 0.68193 0.0350263 0.716358 0.149698
0.608862 0.403691 0.652667 0.192936 0.63908 0.0483342
0.401089 0.196963 0.650318 0.047255 0.717059 0.0757565
0.66907 0.102297 0.684296 0.0418361 0.655552 0.0812188
0.467592 0.262052 0.708902 0.0704848 0.705189 0.0410981
0.638567 0.0722684 0.662045 0.0747618 0.655697 0.0977785
0.288067 0.461826 0.0576601 0.624961 0.0588445 0.635852
0.535568 0.345428 0.64255 0.0687916 0.691443 0.052244
0.279936 0.559056 0.547597 0.445063 0.645631 0.0367018
0.108195 0.658488 0.0783998 0.64911 0.0738907 0.696379
0.260105 0.622621 0.0955064 0.679633 0.05716 0.613771
0.333713 0.363942 0.631603 0.412453 0.562847 0.560067
0.700095 0.27557 0.664839 0.0380243 0.652981 0.0401416
0.522853 0.234204 0.652363 0.0976941 0.657863 0.037328
0.0877468 0.683145 0.102623 0.623654 0.042572 0.618569
0.363025 0.362771 0.293481 0.618586 0.0985951 0.631821
0.529022 0.276343 0.6947 0.102223 0.642171 0.0331036
0.318596 0.597339 0.0540404 0.629103 0.140997 0.672909
0.581005 0.216384 0.678961 0.108522 0.656318 0.0788729
0.0976931 0.494478 0.0755785 0.604102 0.0810775 0.65649
0.325283 0.360377 0.66618 0.0768647 0.698064 0.0752859
0.269949 0.210225 0.660905 0.0422051 0.668492 0.0756644
0.195254 0.701749 0.110646 0.634082 0.0655267 0.66639
0.664749 0.140963 0.729306 0.0903175 0.672661 0.0464044
0.587986 0.272915 0.641413 0.0927144 0.704442 0.0200151
0.558065 0.305768 0.684076 0.0410519 0.677593 0.0339803
0.548135 0.0676864 0.708871 0.112928 0.648115 0.0756885
0.632458 0.229651 0.716594 0.0665895 0.649858 0.0441998
0.405825 0.376785 0.654051 0.0554679 0.679801 0.0343501
0.58022 0.529021 0.621916 0.354651 0.670869 0.0649131
0.573206 0.299517 0.662135 0.0917851 0.713857 0.0672149
0.440365 0.39127 0.658501 0.120138 0.704524 0.09295
0.59851 0.166898 0.676722 0.0710149 0.705513 0.0651356
0.6634 0.181563 0.662095 0.0674447 0.707077 0.0653721
0.631879 0.201997 0.684912 0.0783362 0.713549 0.0784774
0.572073 0.0874565 0.641982 0.0538807 0.633824 0.0336192
0.59142 0.206642 0.647687 0.0305296 0.688547 0.0533564
0.245867 0.151333 0.651366 0.050683 0.655571 0.0840162
0.656448 0.109701 0.693675 0.0805797 0.673907 0.0387928
0.58796 0.537133 0.691283 0.137401 0.571997 0.0577347
0.241368 0.172809 0.608474 0.059265 0.66855 0.0756063
0.620054 0.103942 0.710497 0.0526484 0.662355 0.0371859
0.563649 0.129609 0.680895 0.0486554 0.702749 0.101865
0.284701 0.355166 0.0344777 0.680708 0.0905676 0.665143
0.564043 0.180353 0.636826 0.0361532 0.658624 0.0625727
0.584239 0.213367 0.664122 0.157555 0.697224 0.0498214
0.350707 0.391122 0.610159 0.416785 0.706535 0.06579
0.639134 0.111008 0.701982 0.0800802 0.721784 0.069649
0.374675 0.611351 0.411298 0.609436 0.176222 0.667529
0.435606 0.385327 0.617336 0.380802 0.639151 0.0302228
0.548153 0.0635797 0.687103 0.0630337 0.707725 0.094747
0.552856 0.485672 0.565055 0.535708 0.634197 0.0651528
0.597102 0.20028 0.665693 0.0364485 0.727339 0.120734
0.12449 0.460374 0.0605502 0.645874 0.0694472 0.654467
0.289189 0.58866 0.0667482 0.621692 0.382516 0.533433
0.157691 0.612178 0.0961538 0.673542 0.0624982 0.647262
0.438453 0.545899 0.483983 0.347798 0.698686 0.0589474
0.426858 0.607606 0.520009 0.527116 0.673262 0.0957808
0.657348 0.392518 0.677717 0.0847602 0.65964 0.078535
0.553311 0.203034 0.700226 0.0793877 0.678706 0.0215405
0.677083 0.120628 0.68283 0.082826 0.691156 0.0350037
0.592273 0.150898 0.664921 0.0501159 0.619122 0.0414945
0.207458 0.526005 0.0481712 0.675459 0.101785 0.642806
0.648181 0.163298 0.691905 0.0496772 0.705606 0.0908632
0.178133 0.679523 0.0919753 0.696487 0.0667713 0.691849
0.605795 0.176265 0.678918 0.11795 0.712107 0.0839344
0.51346 0.275415 0.668553 0.0557541 0.713912 0.0909948
0.70667 0.270288 0.659658 0.0231957 0.651012 0.0418404
0.547348 0.151022 0.710699 0.0501481 0.677617 0.0480115
0.677867 0.092481 0.59775 0.0396935 0.70737 0.023938
0.395416 0.169827 0.676488 0.0472895 0.6734 0.056772
0.371373 0.258074 0.618332 0.0283217 0.678409 0.0574024
0.330518 0.474573 0.502239 0.660362 0.668235 0.0912821
0.212922 0.272213 0.715518 0.0830533 0.698013 0.0855582
0.646129 0.215931 0.655577 0.059872 0.669327 0.0358653
0.573814 0.336835 0.691795 0.153812 0.623562 0.0873934
0.405537 0.332704 0.696505 0.122787 0.684422 0.0676774
0.307102 0.418094 0.616612 0.170525 0.669997 0.0625475
0.45585 0.58345 0.472522 0.480011 0.629299 0.343325
0.380617 0.518023 0.58634 0.146779 0.653868 0.0456921
0.660824 0.150538 0.660214 0.0392224 0.624119 0.0479766
0.206543 0.567179 0.150246 0.668944 0.0882487 0.637178
0.462115 0.581788 0.104673 0.619883 0.137408 0.659774
0.483527 0.545245 0.630147 0.0763181 0.679314 0.0739558
0.54011 0.134778 0.651742 0.0566966 0.676882 0.102687
0.602077 0.254924 0.56793 0.0427372 0.694395 0.096316
0.0918858 0.623044 0.0477963 0.648739 0.110458 0.690139
0.219207 0.540301 0.0489266 0.626181 0.0404154 0.658033
0.641564 0.0985173 0.663911 0.0539251 0.587922 0.0473626
0.641273 0.147941 0.613444 0.0626581 0.65643 0.0340121
0.677067 0.347849 0.672015 0.0500033 0.710657 0.104694
0.659742 0.140036 0.621404 0.0468624 0.69422 0.0424064
0.57922 0.362111 0.67025 0.0726293 0.678933 0.0598493
0.255988 0.541838 0.0846315 0.620794 0.0690672 0.684217
0.50139 0.448927 0.647096 0.0718481 0.685176 0.0478535
0.551438 0.340144 0.686593 0.052806 0.70531 0.0409029
0.164454 0.286736 0.470696 0.620209 0.719569 0.105989
0.692931 0.141999 0.696714 0.0632162 0.71176 0.0855149
0.608782 0.105607 0.685295 0.1252 0.666383 0.131465
0.257979 0.202982 0.65199 0.205103 0.698835 0.109652
0.420121 0.450863 0.658618 0.128972 0.665196 0.0801532
0.378121 0.347262 0.645453 0.0599397 0.657712 0.0473048
0.502535 0.574795 0.712564 0.162702 0.654718 0.13579
0.583305 0.325194 0.653371 0.0436062 0.720541 0.061453
0.340052 0.382624 0.334149 0.621796 0.0561047 0.671683
0.51558 0.140065 0.684219 0.0479932 0.65916 0.0606798
0.462489 0.305782 0.65143 0.213219 0.636107 0.158988
0.593386 0.171112 0.601985 0.0377414 0.666362 0.11733
0.387252 0.457638 0.538601 0.453073 0.712757 0.0418939
0.164649 0.601125 0.0687946 0.671156 0.111635 0.680904
0.600777 0.104049 0.662641 0.0653811 0.628567 0.071765
0.673317 0.217798 0.622423 0.0494045 0.686022 0.0651649
0.539538 0.394941 0.658468 0.0344761 0.66365 0.0715265
0.272919 0.341827 0.0654674 0.638969 0.0926917 0.687779
0.0767091 0.696802 0.0554288 0.609602 0.115173 0.66462
0.242754 0.625286 0.0932398 0.668222 0.0924628 0.677108
0.347417 0.52472 0.107779 0.633127 0.0973858 0.596899
0.655608 0.17878 0.691596 0.0771562 0.638803 0.142336
0.642924 0.0766386 0.685665 0.0540755 0.698442 0.0606578
0.673781 0.086541 0.707083 0.0629856 0.658523 0.0412759
