0.0128103 0.515
0.0134829 0.504
0.0141641 0.515
0.0148592 0.513
0.015554 0.509
0.0162437 0.506
0.0169374 0.499
0.0176456 0.501
0.0183235 0.5
0.0189996 0.505
0.0196124 0.511
0.0202909 0.509
0.020956 0.508
0.0216345 0.517
0.0222495 0.512
0.0228419 0.513
0.0234705 0.514
0.0240876 0.516
0.0247249 0.514
0.025358 0.513
0.0259772 0.517
0.0266572 0.519
0.0272954 0.519
0.0280357 0.514
0.0287796 0.513
0.0295305 0.514
0.0302777 0.518
0.0309935 0.512
0.0315609 0.515
0.0322082 0.518
0.0329099 0.518
0.0336232 0.511
0.0343602 0.512
0.0350003 0.517
0.0356824 0.51
0.0363042 0.512
0.0369681 0.511
0.0376147 0.512
0.0383546 0.513
0.0392094 0.512
0.0399895 0.504
0.0406757 0.512
0.0414494 0.507
0.0422163 0.506
0.0428302 0.508
0.0434796 0.505
0.0441473 0.506
0.0448562 0.506
0.0455595 0.513
0.0463457 0.519
0.0469433 0.522
0.0476961 0.531
0.0482694 0.527
0.0490246 0.525
0.0497539 0.527
0.0505358 0.529
0.0512352 0.527
0.0518714 0.526
0.0526829 0.522
0.0533608 0.523
0.054081 0.526
0.0548269 0.519
0.0555614 0.515
0.0562924 0.514
0.0570557 0.515
0.0578513 0.517
0.0587185 0.516
0.0594802 0.517
0.060273 0.518
0.0610425 0.514
0.0617807 0.51
0.0624108 0.508
0.0632513 0.51
0.0639415 0.513
0.0646169 0.512
0.0653861 0.513
0.0660979 0.513
0.0669318 0.513
0.0677119 0.518
0.0685504 0.513
0.0692784 0.508
0.0700497 0.51
0.0707293 0.508
0.0714756 0.505
0.0722121 0.503
0.0729866 0.504
0.0737264 0.507
0.0744319 0.51
0.0753045 0.512
0.0760879 0.511
0.0770706 0.511
0.0779239 0.508
0.078612 0.51
0.0794077 0.515
0.0802044 0.512
0.0808657 0.514
0.0816343 0.514
0.082452 0.513
0.0832563 0.514
0.0841391 0.52
0.0849051 0.516
0.0857485 0.513
0.0864128 0.516
0.0873559 0.514
0.0882228 0.51
0.0891667 0.507
0.0900932 0.506
0.0909437 0.511
0.0918989 0.51
0.092694 0.511
0.0936133 0.517
0.0944161 0.517
0.0951168 0.519
0.0958398 0.518
0.0968265 0.521
0.0977958 0.521
0.0985924 0.522
0.0994587 0.521
0.100477 0.513
0.10155 0.509
0.102437 0.51
0.103569 0.511
0.104313 0.519
0.105186 0.523
0.106318 0.518
0.107165 0.519
0.108016 0.52
0.10893 0.524
0.110035 0.524
0.111017 0.525
0.111818 0.525
0.112659 0.526
0.113649 0.524
0.114553 0.531
0.115449 0.528
0.116166 0.522
0.117028 0.523
0.117817 0.523
0.118688 0.526
0.119417 0.528
0.120244 0.532
0.121085 0.53
0.122019 0.529
0.122766 0.533
0.123505 0.531
0.124359 0.528
0.12561 0.525
0.12648 0.523
0.127607 0.526
0.128543 0.525
0.129498 0.524
0.130528 0.523
0.131352 0.522
0.132609 0.524
0.133341 0.525
0.134158 0.52
0.135206 0.522
0.136142 0.526
0.137162 0.525
0.138012 0.528
0.139091 0.533
0.140093 0.533
0.140989 0.539
0.142029 0.533
0.143143 0.534
0.143941 0.532
0.144913 0.531
0.145883 0.531
0.146809 0.53
0.147769 0.524
0.148758 0.524
0.1498 0.526
0.150777 0.522
0.151935 0.521
0.152901 0.521
0.153583 0.521
0.154459 0.519
0.155258 0.52
0.156143 0.523
0.157129 0.524
0.158336 0.523
0.159162 0.523
0.16023 0.526
0.161183 0.522
0.162121 0.524
0.162965 0.517
0.163864 0.516
0.164721 0.516
0.165684 0.512
0.16655 0.509
0.167447 0.502
0.168384 0.501
0.169303 0.505
0.170361 0.505
0.17108 0.506
0.172192 0.505
0.17339 0.505
0.174566 0.51
0.175707 0.508
0.176712 0.509
0.177592 0.512
0.178674 0.513
0.179709 0.511
0.180768 0.508
0.18195 0.513
0.182897 0.513
0.183799 0.513
0.184984 0.512
0.185912 0.511
0.186903 0.509
0.187913 0.508
0.18905 0.508
0.190242 0.505
0.191444 0.506
0.192438 0.506
0.1937 0.508
0.194791 0.505
0.195994 0.502
0.196922 0.502
0.197863 0.502
0.198961 0.501
0.200228 0.505
0.201373 0.509
0.202369 0.51
0.203702 0.511
0.204654 0.51
0.2057 0.51
0.206574 0.509
0.207388 0.511
0.208398 0.514
0.209434 0.51
0.210623 0.513
0.211641 0.508
0.212628 0.508
0.214395 0.508
0.215394 0.51
0.216355 0.509
0.2171 0.51
0.218011 0.511
0.219688 0.509
0.220824 0.505
0.221806 0.506
0.222909 0.509
0.224304 0.507
0.225041 0.507
0.226325 0.505
0.227749 0.502
0.228703 0.503
0.230362 0.501
0.231339 0.506
0.232127 0.505
0.233034 0.504
0.234292 0.504
0.235393 0.503
0.236911 0.504
0.238131 0.504
0.239042 0.505
0.240227 0.503
0.241481 0.506
0.242309 0.505
0.243549 0.507
0.24525 0.502
0.246222 0.503
0.247553 0.505
0.248709 0.508
0.249939 0.507
0.251121 0.51
0.252004 0.509
0.253194 0.505
0.254327 0.505
0.255261 0.505
0.256471 0.504
0.257603 0.504
0.258999 0.503
0.260521 0.502
0.262015 0.502
0.262902 0.501
0.264012 0.502
0.265701 0.5
0.266878 0.499
0.26785 0.5
0.269293 0.499
0.270332 0.499
0.271484 0.498
0.27336 0.5
0.274405 0.498
0.275501 0.497
0.2763 0.494
0.277084 0.494
0.278241 0.494
0.279553 0.497
0.280351 0.499
0.281243 0.501
0.282429 0.501
0.283602 0.507
0.284687 0.506
0.28585 0.51
0.287439 0.516
0.288288 0.515
0.289694 0.514
0.29085 0.516
0.29181 0.515
0.292668 0.518
0.293514 0.518
0.29453 0.517
0.295739 0.514
0.296977 0.517
0.298089 0.516
0.299289 0.514
0.300283 0.514
0.301645 0.513
0.303402 0.515
0.305208 0.517
0.306304 0.512
0.307411 0.513
0.308941 0.513
0.310453 0.513
0.311714 0.513
0.312734 0.514
0.313999 0.516
0.315134 0.515
0.317 0.515
0.318252 0.514
0.319161 0.509
0.32031 0.512
0.321408 0.512
0.323379 0.51
0.324742 0.509
0.325806 0.51
0.326834 0.508
0.328438 0.508
0.329949 0.507
0.331037 0.506
0.331871 0.505
0.333236 0.504
0.334677 0.505
0.335718 0.508
0.33682 0.509
0.338075 0.509
0.338836 0.51
0.339978 0.511
0.341721 0.512
0.342758 0.512
0.344372 0.511
0.345641 0.515
0.346741 0.513
0.348067 0.513
0.349257 0.515
0.350326 0.514
0.351482 0.514
0.352434 0.512
0.353666 0.512
0.354816 0.512
0.355824 0.513
0.357601 0.511
0.359151 0.515
0.360607 0.518
0.361981 0.522
0.362945 0.521
0.363963 0.518
0.365316 0.518
0.36648 0.517
0.367697 0.516
0.368892 0.515
0.370366 0.516
0.371447 0.517
0.372318 0.518
0.374297 0.516
0.375241 0.516
0.376264 0.516
0.377744 0.516
0.378998 0.515
0.380425 0.514
0.381852 0.512
0.383314 0.51
0.384787 0.513
0.386488 0.513
0.387537 0.514
0.38872 0.512
0.39005 0.51
0.390955 0.511
0.392148 0.514
0.393295 0.516
0.39438 0.517
0.395238 0.517
0.396164 0.516
0.397996 0.517
0.398839 0.516
0.400062 0.516
0.402369 0.515
0.403423 0.515
0.404452 0.516
0.405396 0.515
0.406824 0.515
0.407848 0.516
0.409012 0.516
0.410466 0.518
0.411539 0.519
0.4128 0.518
0.414509 0.518
0.415379 0.518
0.416985 0.519
0.417952 0.519
0.419189 0.521
0.419993 0.52
0.421556 0.521
0.422418 0.519
0.423452 0.52
0.424583 0.519
0.425602 0.52
0.426843 0.517
0.428064 0.517
0.429183 0.516
0.430206 0.515
0.43116 0.515
0.432601 0.515
0.433721 0.516
0.43497 0.516
0.436429 0.517
0.437649 0.516
0.438559 0.516
0.43977 0.516
0.440895 0.515
0.441875 0.514
0.443476 0.516
0.444489 0.516
0.445579 0.515
0.446964 0.515
0.447758 0.515
0.448781 0.516
0.449714 0.516
0.450721 0.516
0.451903 0.522
0.452725 0.522
0.453925 0.522
0.455415 0.52
0.456424 0.518
0.457797 0.518
0.458743 0.518
0.459532 0.519
0.46079 0.521
0.461985 0.521
0.462927 0.519
0.463945 0.523
0.464971 0.526
0.466078 0.528
0.467463 0.527
0.469013 0.526
0.470036 0.526
0.47149 0.526
0.47257 0.529
0.473611 0.528
0.474666 0.528
0.476034 0.529
0.477275 0.527
0.478237 0.524
0.479512 0.524
0.480442 0.523
0.481317 0.523
0.482397 0.523
0.483667 0.522
0.48504 0.523
0.486209 0.524
0.487189 0.528
0.489094 0.527
0.490329 0.526
0.491715 0.527
0.493076 0.528
0.494399 0.529
0.495603 0.528
0.496604 0.527
0.49778 0.527
0.498982 0.525
0.5001 0.526
0.501048 0.525
0.502164 0.527
0.502882 0.529
0.50365 0.53
0.504952 0.533
0.505843 0.532
0.506559 0.53
0.507914 0.529
0.509106 0.53
0.510195 0.53
0.510958 0.532
0.511822 0.532
0.513123 0.531
0.514609 0.531
0.515364 0.529
0.516589 0.529
0.517634 0.529
0.518771 0.53
0.520119 0.533
0.521418 0.534
0.522131 0.534
0.523304 0.533
0.524731 0.539
0.525859 0.541
0.527262 0.541
0.528246 0.541
0.529604 0.544
0.530918 0.543
0.532181 0.546
0.533492 0.548
0.534872 0.549
0.535956 0.549
0.537151 0.549
0.538336 0.549
0.539146 0.553
0.540311 0.553
0.541258 0.553
0.542504 0.553
0.543397 0.554
0.544535 0.556
0.545485 0.558
0.546531 0.558
0.547454 0.559
0.548673 0.561
0.549709 0.563
0.550552 0.562
0.55158 0.561
0.552983 0.562
0.554606 0.562
0.555908 0.564
0.557077 0.562
0.558157 0.563
0.55947 0.562
0.560828 0.564
0.562256 0.566
0.56372 0.567
0.565375 0.569
0.566671 0.567
0.567571 0.567
0.568834 0.57
0.56989 0.57
0.57077 0.57
0.571734 0.57
0.572749 0.569
0.573827 0.57
0.5746 0.57
0.575872 0.572
0.577441 0.572
0.57873 0.572
0.579899 0.573
0.580856 0.573
0.581993 0.572
0.583266 0.571
0.583994 0.575
0.585306 0.573
0.586479 0.575
0.587422 0.578
0.588753 0.579
0.589949 0.58
0.591373 0.582
0.592532 0.583
0.593756 0.583
0.595089 0.581
0.596255 0.58
0.597108 0.579
0.598193 0.584
0.599567 0.589
0.601362 0.59
0.602178 0.591
0.603493 0.594
0.605144 0.592
0.60613 0.594
0.60742 0.592
0.608562 0.593
0.609748 0.591
0.61086 0.59
0.612552 0.591
0.613555 0.591
0.614433 0.592
0.615749 0.592
0.617554 0.594
0.619554 0.597
0.621246 0.598
0.622567 0.598
0.624168 0.6
0.625482 0.601
0.627375 0.6
0.628687 0.599
0.630281 0.599
0.632306 0.598
0.633951 0.597
0.635436 0.597
0.636954 0.6
0.638342 0.603
0.639814 0.605
0.641274 0.605
0.643207 0.603
0.644612 0.602
0.646806 0.603
0.648815 0.604
0.650888 0.603
0.652699 0.603
0.653963 0.604
0.656453 0.606
0.659076 0.606
0.661101 0.609
0.662663 0.612
0.665491 0.606
0.66803 0.611
0.6704 0.613
0.672962 0.618
0.675362 0.621
0.67823 0.627
0.680489 0.628
0.68247 0.625
0.685717 0.629
0.688721 0.631
0.690772 0.632
0.694869 0.633
0.697645 0.636
0.70177 0.637
0.704538 0.636
0.706749 0.638
0.709837 0.635
0.712269 0.636
0.715332 0.639
0.718455 0.643
0.723394 0.647
0.727302 0.65
0.730462 0.651
0.736107 0.651
0.7422 0.658
0.746942 0.658
0.750592 0.66
0.753789 0.66
0.75886 0.66
0.763237 0.662
0.768302 0.669
0.774401 0.674
0.782746 0.675
0.789307 0.68
0.793609 0.678
0.800013 0.679
0.805514 0.682
0.810429 0.688
0.819578 0.687
0.827605 0.685
0.835296 0.694
0.844204 0.699
0.857313 0.7
0.867052 0.704
0.882656 0.708
0.899398 0.701
0.910905 0.706
0.92673 0.717
0.94056 0.724
0.95612 0.728
0.969464 0.729
0.984788 0.729
1.00917 0.732733
1.02586 0.734469
1.04109 0.741483
1.06248 0.745491
1.08995 0.746493
1.12377 0.756513
1.14089 0.759278
1.16752 0.764056
1.21293 0.766064
1.25423 0.767068
1.28454 0.769076
1.32307 0.772864
1.36919 0.77666
1.42254 0.783702
1.43834 0.789687
1.46558 0.789634
1.5044 0.793878
1.55219 0.8
1.57441 0.804145
1.61341 0.805236
1.64661 0.80295
1.67517 0.810695
1.69809 0.81087
1.68274 0.813408
1.70659 0.815909
1.71331 0.816918
1.71339 0.827957
1.72189 0.827417
1.71453 0.821519
1.66997 0.820955
1.6275 0.82133
1.58536 0.82684
1.56626 0.826087
1.52273 0.827804
1.46069 0.827181
1.36753 0.831541
1.31267 0.837429
