0.429867 0.410644 0.665834 0.0673787 0.688514 0.0581388
0.60806 0.171422 0.695514 0.0431999 0.638168 0.0593937
0.664452 0.13216 0.65447 0.0248655 0.716317 0.112597
0.116317 0.69809 0.0551658 0.623008 0.117109 0.663065
0.1578 0.679412 0.0387035 0.614118 0.121702 0.65023
0.581421 0.105323 0.709807 0.0894397 0.695579 0.0743896
0.315655 0.397003 0.636705 0.368339 0.694531 0.0986843
0.201299 0.664225 0.0698204 0.665214 0.0387321 0.594605
0.6377 0.132696 0.711613 0.0672587 0.663765 0.0554152
0.428987 0.571177 0.465938 0.432588 0.657713 0.0953995
0.632423 0.228318 0.672238 0.065092 0.644431 0.0617917
0.360334 0.591526 0.0724326 0.679011 0.1309 0.683709
0.404243 0.154978 0.690818 0.0580989 0.74001 0.0602242
0.681116 0.0643626 0.706408 0.0722991 0.660959 0.0708212
0.0889623 0.575148 0.0710502 0.686812 0.0577443 0.648558
0.631061 0.107415 0.698356 0.0777662 0.683543 0.0674784
0.61405 0.136893 0.573769 0.0216617 0.671691 0.0957175
0.624341 0.138605 0.686288 0.0655509 0.663218 0.020899
0.666575 0.117684 0.662111 0.0750512 0.689939 0.0725195
0.691038 0.219243 0.69031 0.0466133 0.677631 0.0228374
0.145281 0.69799 0.0912561 0.653979 0.0942718 0.635164
0.644394 0.316633 0.69802 0.127353 0.660324 0.0426049
0.657725 0.457339 0.649587 0.0577095 0.665689 0.0391054
0.592511 0.18984 0.688843 0.127932 0.687285 0.0679226
0.478122 0.368751 0.701003 0.0756988 0.662275 0.0648363
0.266799 0.370089 0.334929 0.566828 0.106549 0.713306
0.596021 0.128537 0.69091 0.0525964 0.694475 0.117157
0.517506 0.429483 0.688598 0.0367556 0.676818 0.132782
0.621759 0.0686399 0.678006 0.0856102 0.658586 0.0346048
0.604703 0.434731 0.662275 0.0920778 0.610344 0.0467258
0.607379 0.274358 0.677495 0.037314 0.722585 0.117475
0.335818 0.469998 0.115804 0.640034 0.0572084 0.683966
0.5702 0.357836 0.682042 0.31968 0.706558 0.0717818
0.66956 0.21933 0.644774 0.0299233 0.690613 0.0862373
0.585382 0.298277 0.680981 0.164336 0.651405 0.0560101
0.566562 0.371238 0.662724 0.0938948 0.683184 0.0823213
0.696095 0.10765 0.658585 0.0600632 0.692823 0.0836412
0.367118 0.152034 0.66946 0.0371443 0.664394 0.0373111
0.639975 0.313006 0.68834 0.062297 0.657806 0.0416667
0.635803 0.175755 0.689983 0.0534114 0.676996 0.092427
0.572568 0.210938 0.647946 0.0417264 0.681675 0.0711463
0.67004 0.0437902 0.633412 0.0328069 0.703561 0.061467
0.686101 0.224377 0.636567 0.0737199 0.680893 0.0494027
0.673817 0.193223 0.648235 0.0432811 0.651313 0.0561379
0.649759 0.182724 0.686143 0.128151 0.679644 0.104044
0.382278 0.595756 0.549201 0.495322 0.662337 0.0674354
0.43927 0.402825 0.599558 0.128847 0.67969 0.0850684
0.645935 0.315654 0.658928 0.0799734 0.652771 0.0994947
0.379099 0.215486 0.671033 0.0725939 0.699352 0.0607885
0.533301 0.117528 0.685583 0.0612422 0.63644 0.0170272
0.402946 0.217317 0.70519 0.110327 0.625873 0.0417344
0.18679 0.559265 0.126189 0.651097 0.0597938 0.670252
0.642804 0.316714 0.652595 0.0968381 0.633225 0.0570017
0.645665 0.235972 0.653787 0.0150758 0.668554 0.0355992
0.503463 0.550322 0.0591371 0.586126 0.116671 0.689549
0.635334 0.197918 0.633791 0.17732 0.663316 0.078635
0.435184 0.282269 0.607286 0.0654923 0.680784 0.0842238
0.553069 0.229949 0.623271 0.0444406 0.68953 0.0385332
0.6162 0.0404668 0.675481 0.0896734 0.651576 0.040781
0.469183 0.554184 0.599864 0.631196 0.657449 0.074828
0.186787 0.521983 0.041437 0.559796 0.125689 0.683374
0.67261 0.0691036 0.693458 0.0600793 0.720871 0.103795
0.671453 0.0973282 0.693693 0.0632697 0.694402 0.113302
0.363404 0.335413 0.665999 0.0421734 0.676998 0.0644265
0.141334 0.603463 0.159246 0.666493 0.0705164 0.685598
0.504865 0.45291 0.533111 0.429831 0.646635 0.0558583
0.148866 0.633924 0.146451 0.664219 0.164447 0.671291
0.200332 0.659992 0.118623 0.6661 0.0787301 0.66867
0.531295 0.324213 0.695826 0.10593 0.627655 0.0597337
0.550779 0.168309 0.709595 0.054496 0.640293 0.0422771
0.531215 0.30203 0.699048 0.131904 0.674228 0.0614749
0.577288 0.0649369 0.690142 0.141957 0.682388 0.0625223
0.527315 0.239312 0.642287 0.0361855 0.718179 0.143364
0.211811 0.266335 0.116989 0.672086 0.14771 0.677953
0.581042 0.254942 0.63279 0.0833972 0.616213 0.0326401
0.574459 0.533228 0.676595 0.0905314 0.714715 0.100451
0.626769 0.111889 0.663949 0.0734641 0.68857 0.0645243
0.491241 0.247961 0.622297 0.0387133 0.643875 0.0463352
0.659 0.396878 0.689868 0.0935084 0.678508 0.0281212
0.383723 0.579911 0.197053 0.62811 0.0370932 0.676918
0.220406 0.649255 0.0431538 0.64267 0.0925203 0.64908
0.680216 0.201411 0.714595 0.0750203 0.614349 0.0378563
0.240319 0.611237 0.123174 0.685942 0.0491094 0.56498
0.510053 0.276648 0.630623 0.0422289 0.69511 0.0368546
0.173804 0.576665 0.143761 0.723443 0.0848671 0.641332
0.384539 0.519541 0.573773 0.579306 0.667183 0.0817038
0.646689 0.0618629 0.723306 0.0814655 0.646011 0.0773021
0.382159 0.617549 0.54909 0.441244 0.624072 0.0656738
0.490288 0.203538 0.69587 0.120592 0.673384 0.0479204
0.354643 0.617087 0.0542983 0.599318 0.0646157 0.62545
0.229436 0.478209 0.103639 0.69576 0.164419 0.660459
0.656332 0.190928 0.660865 0.0740224 0.675625 0.129925
0.688607 0.155027 0.673722 0.0982385 0.663116 0.082986
0.233551 0.531924 0.0717166 0.64328 0.0539673 0.662118
0.619478 0.251563 0.644978 0.297394 0.680582 0.0785317
0.413696 0.553698 0.587838 0.204186 0.681548 0.063397
0.187695 0.547969 0.0903656 0.658475 0.0637308 0.60312
0.595017 0.188834 0.659123 0.0483939 0.672231 0.0592455
0.583833 0.134316 0.668781 0.0671827 0.72054 0.0549547
0.619752 0.28582 0.686348 0.0717755 0.69059 0.0758186
0.406914 0.481084 0.543298 0.461247 0.683155 0.0930235
0.636847 0.330951 0.666682 0.0593332 0.714627 0.0669178
0.372293 0.174968 0.648869 0.0497862 0.699642 0.0602213
0.19091 0.509494 0.109223 0.694559 0.121403 0.597661
0.665532 0.214053 0.662821 0.0993602 0.672268 0.0440498
0.550436 0.103277 0.689115 0.0753276 0.668261 0.0323899
0.171148 0.469239 0.0922028 0.687196 0.0924068 0.691827
0.455642 0.404409 0.649162 0.0687579 0.684486 0.114867
0.705298 0.153198 0.689724 0.0720989 0.659421 0.0641075
0.314111 0.506424 0.0510812 0.616585 0.0805415 0.7107
0.555555 0.360432 0.710864 0.0941422 0.695226 0.0593814
0.173651 0.646026 0.132074 0.697928 0.0223842 0.631279
0.477344 0.532039 0.633688 0.40237 0.678518 0.0579431
0.614817 0.415505 0.70438 0.0946491 0.694192 0.0399513
0.679298 0.0817544 0.658536 0.0586855 0.722129 0.0776062
0.273533 0.449337 0.624506 0.286105 0.653343 0.0584026
0.308578 0.713001 0.19405 0.711135 0.0475721 0.587442
0.102369 0.583814 0.0942177 0.606347 0.0654509 0.682313
0.326431 0.503088 0.0376654 0.69422 0.0872518 0.687203
0.67444 0.17497 0.687703 0.238699 0.670002 0.0526722
0.729546 0.281082 0.695996 0.057471 0.66649 0.0349002
0.638205 0.0874072 0.691612 0.112646 0.6717 0.0939602
0.579503 0.284262 0.639163 0.0698029 0.640627 0.0621807
0.620769 0.0214563 0.705359 0.0422 0.715107 0.0623237
0.419976 0.55819 0.635239 0.519329 0.612815 0.498058
0.689627 0.0838058 0.668935 0.0501778 0.67587 0.0529445
0.665845 0.204882 0.697395 0.0915637 0.688959 0.0367751
0.658251 0.194313 0.620701 0.0583078 0.715515 0.0894981
0.298217 0.30648 0.71096 0.0618417 0.681129 0.0672126
0.203514 0.645997 0.0687982 0.655454 0.0449154 0.618371
0.551382 0.50276 0.668619 0.0581806 0.652125 0.0676316
0.644788 0.210416 0.600079 0.064561 0.702973 0.054291
0.679927 0.112181 0.682945 0.0632461 0.608963 0.0270177
0.598363 0.0736302 0.713378 0.0412879 0.717462 0.127905
0.376703 0.351718 0.530291 0.565132 0.625111 0.0387803
0.690574 0.106344 0.718039 0.0888748 0.728543 0.0713629
0.630448 0.35785 0.648846 0.0573013 0.705083 0.0496518
0.641218 0.21953 0.68187 0.03677 0.664339 0.0567346
0.671561 0.118715 0.656241 0.0640918 0.680786 0.0905327
0.110808 0.65545 0.0531358 0.675295 0.08799 0.65081
0.631819 0.119129 0.68592 0.0573583 0.599846 0.0336169
0.687089 0.145729 0.596177 0.0843105 0.675222 0.0578177
0.266872 0.580752 0.0899044 0.701786 0.110789 0.63283
0.422693 0.342118 0.67748 0.0330354 0.664748 0.0699986
0.46471 0.479214 0.667907 0.150317 0.656237 0.0827674
0.700608 0.222266 0.658635 0.0319965 0.727471 0.0928868
0.53201 0.194676 0.70928 0.0604567 0.701976 0.116941
0.372847 0.551443 0.288191 0.652034 0.0943914 0.705688
0.699192 0.12732 0.686117 0.0597457 0.654853 0.0975645
0.675678 0.138794 0.629144 0.021163 0.673232 0.0384996
0.589522 0.300343 0.737442 0.114405 0.627212 0.0338107
0.556109 0.403484 0.704116 0.040366 0.701094 0.0604177
0.557777 0.192952 0.654369 0.0686428 0.639703 0.0291659
0.601481 0.0670583 0.650832 0.0355182 0.680393 0.101112
0.609403 0.269662 0.719772 0.0856477 0.686558 0.0760403
0.610519 0.239908 0.616412 0.0505293 0.680977 0.070522
0.551729 0.439486 0.675082 0.0644931 0.674096 0.0573569
0.618003 0.188407 0.66906 0.13256 0.699756 0.0620376
0.408585 0.548163 0.597179 0.137568 0.675048 0.0839299
0.597103 0.316193 0.68052 0.053726 0.685811 0.0400755
0.6204 0.0837118 0.660528 0.0593417 0.625167 0.0433876
0.13012 0.656043 0.174521 0.680312 0.129108 0.684535
0.502091 0.528603 0.605688 0.279855 0.653565 0.0791256
0.611309 0.14174 0.662059 0.0411158 0.667159 0.0649458
0.711857 0.139811 0.602252 0.0559895 0.729485 0.0589077
0.702823 0.187629 0.705491 0.0753435 0.67992 0.0645742
0.615336 0.116372 0.692732 0.0960186 0.620897 0.0966042
0.583037 0.3068 0.726921 0.100531 0.652811 0.0760715
0.292979 0.669953 0.178913 0.656971 0.0547914 0.637357
0.25505 0.566979 0.0481431 0.609981 0.14885 0.665908
0.40681 0.493802 0.562798 0.134727 0.664333 0.0401542
0.639231 0.178968 0.687736 0.0893726 0.658007 0.0366812
0.561498 0.0777296 0.668977 0.0378086 0.706164 0.0381938
0.648977 0.0897605 0.651262 0.0560972 0.602896 0.0495288
0.539819 0.430893 0.678794 0.101146 0.650489 0.06495
0.670664 0.169185 0.671274 0.0435733 0.651568 0.0491227
0.625851 0.255803 0.636254 0.0453544 0.688323 0.0784885
0.501202 0.27148 0.708828 0.154962 0.671301 0.0326629
0.611153 0.158972 0.664688 0.0400857 0.579234 0.0445058
0.522184 0.394761 0.618718 0.0917142 0.703409 0.113189
0.555411 0.0860613 0.71923 0.0695865 0.691484 0.081286
0.619046 0.160049 0.706921 0.0633093 0.684403 0.03634
0.647261 0.218012 0.693363 0.0456829 0.742833 0.108538
0.396248 0.630407 0.0510073 0.67427 0.10863 0.592246
0.586755 0.0248771 0.688468 0.110431 0.627065 0.032192
0.455108 0.353132 0.689301 0.070878 0.646673 0.0364051
0.468604 0.369633 0.597127 0.467882 0.6662 0.117585
0.0616169 0.629277 0.0526811 0.672611 0.109533 0.660526
0.54965 0.400824 0.645554 0.0498689 0.704308 0.0851239
0.474078 0.439636 0.677119 0.140024 0.692829 0.102856
0.256758 0.372301 0.571927 0.468874 0.672755 0.0621811
0.645399 0.213748 0.714326 0.0494582 0.656174 0.0507452
0.5422 0.41703 0.665329 0.0498386 0.64347 0.0649592
0.147885 0.651668 0.0906568 0.654389 0.0609456 0.665675
0.547955 0.334137 0.660949 0.0352439 0.695282 0.0462954
0.543932 0.160423 0.648273 0.114872 0.693147 0.102963
0.684847 0.166016 0.622454 0.0771429 0.694967 0.0594543
0.50093 0.606846 0.645653 0.226619 0.672974 0.0345104
0.427999 0.537926 0.676189 0.207748 0.705249 0.0753111
0.656242 0.0934758 0.691976 0.0881661 0.684042 0.072075
0.686857 0.13596 0.686813 0.0882373 0.686637 0.0806552
0.279224 0.363028 0.637787 0.221009 0.677656 0.0501145
0.231748 0.248982 0.655443 0.059636 0.635152 0.0472467
0.548402 0.154198 0.686753 0.0711614 0.719758 0.127805
0.632275 0.0482209 0.683209 0.0936052 0.712098 0.0494198
0.342714 0.237688 0.703797 0.061856 0.70061 0.0642122
0.619785 0.284426 0.674869 0.0436267 0.613517 0.0584405
0.620728 0.187947 0.672207 0.144098 0.658167 0.0629671
0.709548 0.114062 0.644009 0.0549819 0.67169 0.0512365
0.662584 0.114455 0.673047 0.0570629 0.658603 0.0560219
0.560377 0.144861 0.676961 0.0916455 0.630731 0.0312411
0.350734 0.541129 0.702816 0.0987014 0.689919 0.0423374
0.575375 0.335154 0.696823 0.0492892 0.723826 0.0645961
0.664487 0.279125 0.665069 0.0654207 0.702936 0.0791773
0.210488 0.576884 0.135355 0.691141 0.0690171 0.641719
0.413006 0.414424 0.225613 0.705675 0.0781609 0.581164
0.6508 0.192909 0.674263 0.0507144 0.644798 0.0509826
0.484043 0.625133 0.677043 0.058127 0.654464 0.0408736
0.385038 0.413796 0.643047 0.0972528 0.652052 0.041253
0.528282 0.178482 0.638671 0.049496 0.667822 0.0656663
0.434242 0.436811 0.159966 0.66953 0.0764538 0.666713
0.538338 0.144643 0.721425 0.0666877 0.693429 0.0750597
0.326257 0.365593 0.517396 0.588626 0.116458 0.602266
0.295728 0.603223 0.0530307 0.684278 0.0727328 0.669967
0.236255 0.53632 0.0491434 0.59785 0.0904787 0.655376
0.582223 0.274058 0.644853 0.0503737 0.704357 0.0809322
0.164114 0.623144 0.0441657 0.623379 0.15221 0.664512
0.53295 0.145699 0.681572 0.0450578 0.607877 0.0278652
0.364067 0.60335 0.0418982 0.679803 0.0991473 0.57924
0.701636 0.204233 0.691191 0.0658556 0.679551 0.0437919
0.500897 0.218509 0.665884 0.0399891 0.66774 0.0778698
0.440148 0.410527 0.679381 0.107304 0.647109 0.0704213
0.235636 0.58162 0.0589644 0.628919 0.0873389 0.648432
0.672119 0.105417 0.636091 0.070158 0.618696 0.108729
0.695758 0.0683404 0.693095 0.0577184 0.656003 0.0660956
0.386132 0.557285 0.122762 0.706781 0.0690099 0.668736
0.666809 0.0730063 0.634145 0.0376015 0.694848 0.0834108
0.495923 0.518163 0.522137 0.493758 0.616526 0.0545504
0.448138 0.382722 0.644806 0.298092 0.699138 0.0812275
0.673561 0.174573 0.700955 0.0650771 0.70179 0.0413589
0.450801 0.517045 0.670218 0.0913701 0.650033 0.0315152
0.636933 0.166982 0.676486 0.0686065 0.690192 0.1014
0.648703 0.112957 0.697227 0.0366198 0.670789 0.0347245
0.0866113 0.608687 0.0699975 0.636278 0.0359316 0.663219
0.288913 0.598556 0.1595 0.704563 0.111262 0.708507
0.247762 0.503972 0.0666693 0.681383 0.0661032 0.643591
0.610209 0.0834789 0.675337 0.0734501 0.648844 0.0563945
0.57037 0.329196 0.674525 0.0638032 0.544427 0.0257616
0.633689 0.108336 0.693578 0.0357252 0.600803 0.0485161
0.160435 0.605405 0.0462573 0.676794 0.110885 0.644546
0.117728 0.609009 0.0634618 0.644257 0.119681 0.700413
0.325465 0.476457 0.67029 0.408928 0.672615 0.0587595
0.615644 0.174998 0.667911 0.0543491 0.690221 0.051051
0.0876083 0.706329 0.0690467 0.662209 0.0425813 0.624264
0.675933 0.0943531 0.68888 0.0522601 0.708046 0.0569334
0.439953 0.511964 0.542511 0.412727 0.672963 0.0749126
0.077169 0.67566 0.0583365 0.673644 0.048601 0.672992
0.65666 0.0895979 0.684246 0.0460221 0.624202 0.0615904
0.589034 0.33943 0.668457 0.0249174 0.713231 0.0586955
0.659431 0.13663 0.686019 0.054526 0.649509 0.0964015
0.546516 0.291699 0.688612 0.0871081 0.642819 0.0392118
0.446105 0.137911 0.736105 0.137677 0.670961 0.0371175
0.19942 0.713217 0.099482 0.664248 0.0774344 0.685082
0.587739 0.136485 0.664716 0.0495667 0.6408 0.0289495
0.409486 0.617947 0.607348 0.378881 0.693569 0.0675307
0.305973 0.420418 0.132703 0.689362 0.0902761 0.641507
0.382094 0.154298 0.650353 0.0673407 0.679618 0.035058
0.417559 0.500748 0.54541 0.487847 0.652914 0.0418379
0.287702 0.223027 0.686329 0.0972326 0.68717 0.0540557
0.282957 0.586536 0.0567991 0.656574 0.0738463 0.644361
0.187753 0.665722 0.0694427 0.610785 0.130758 0.635698
0.510052 0.297925 0.684663 0.0515344 0.639782 0.0374812
0.563241 0.494493 0.630916 0.42317 0.666732 0.0218141
0.304462 0.479679 0.0843978 0.674446 0.128556 0.705842
0.303149 0.713421 0.0750291 0.666369 0.0918149 0.540015
0.593126 0.103807 0.659439 0.0389363 0.645818 0.0394287
0.393393 0.549393 0.608971 0.356173 0.694092 0.0710391
0.558212 0.401247 0.58364 0.132136 0.689657 0.126275
0.647826 0.125117 0.670594 0.107358 0.660428 0.0707499
0.429593 0.508083 0.604736 0.387676 0.642809 0.0461205
0.371701 0.447218 0.551401 0.502502 0.655546 0.0412404
0.549881 0.434089 0.58879 0.129591 0.683036 0.0663277
0.493184 0.460457 0.680246 0.167144 0.638999 0.0607579
0.632541 0.206768 0.655992 0.0426884 0.69536 0.10826
0.222994 0.572913 0.351049 0.68374 0.0674315 0.669838
0.0733149 0.67887 0.115597 0.685137 0.0922907 0.636547
0.158025 0.645101 0.0715095 0.699316 0.152375 0.7247
0.249697 0.475328 0.0522579 0.662857 0.0378841 0.681533
0.576575 0.327076 0.672746 0.0397181 0.657519 0.0425268
0.612943 0.362431 0.655084 0.0244507 0.603899 0.0483247
0.608471 0.215545 0.675784 0.101058 0.64475 0.0335671
0.68066 0.0459666 0.702536 0.0721157 0.698078 0.0389724
0.536189 0.222916 0.625599 0.0348039 0.667587 0.0129665
0.254312 0.630735 0.0517271 0.618714 0.0733317 0.701215
0.68227 0.0812214 0.679663 0.0719429 0.667183 0.0313985
0.589241 0.47953 0.657755 0.0838767 0.700729 0.0388861
0.680088 0.0733801 0.663755 0.0687742 0.643636 0.0507592
0.661505 0.133241 0.655539 0.0393317 0.646649 0.0354622
0.612323 0.174528 0.693648 0.127542 0.6655 0.0205993
0.64877 0.359586 0.644654 0.0780257 0.702903 0.0810154
0.663684 0.0696137 0.677675 0.0459012 0.728577 0.122453
0.676947 0.0606405 0.639713 0.0443946 0.621646 0.0226002
0.547343 0.473751 0.70513 0.0803588 0.660352 0.0624657
0.670954 0.146122 0.640357 0.0408749 0.64816 0.0610166
0.703743 0.16616 0.69474 0.194661 0.680223 0.0752649
0.614735 0.3652 0.678296 0.0759828 0.574227 0.0153896
0.631396 0.191596 0.64347 0.0656882 0.645233 0.0823123
0.606811 0.225478 0.683266 0.0446371 0.676974 0.157073
0.479485 0.452471 0.58777 0.270396 0.666381 0.0613598
0.655085 0.123836 0.689355 0.0450497 0.687082 0.0601169
0.664785 0.0830908 0.734977 0.073051 0.653451 0.0294774
0.666027 0.129382 0.674137 0.0502077 0.704867 0.0917699
0.467801 0.360971 0.664501 0.0402684 0.657488 0.027287
0.620277 0.165354 0.727779 0.0642044 0.695621 0.140203
0.63127 0.268287 0.688695 0.0608036 0.661006 0.0299201
0.537964 0.150767 0.677422 0.0711974 0.592881 0.0394796
0.506794 0.602 0.55928 0.461537 0.639087 0.0301735
0.618654 0.161964 0.65497 0.0840485 0.719102 0.0455474
0.600135 0.352149 0.704039 0.0584261 0.709296 0.0748013
0.186224 0.702849 0.0640667 0.628554 0.0539065 0.641355
0.28956 0.587316 0.0682468 0.647972 0.070427 0.637724
0.378453 0.676804 0.545002 0.453187 0.682814 0.0745303
0.558092 0.256135 0.701216 0.0805641 0.622791 0.0906199
0.390033 0.356851 0.689359 0.0815685 0.667222 0.109312
0.673492 0.0932303 0.682001 0.0713296 0.70548 0.126931
0.408033 0.138814 0.628191 0.0244206 0.686003 0.0596722
0.533717 0.375337 0.646201 0.210772 0.660748 0.0744607
0.416463 0.526766 0.505782 0.650535 0.705302 0.0713038
0.43762 0.385871 0.718255 0.106258 0.642956 0.0520926
0.274278 0.344098 0.697933 0.271273 0.642542 0.0665462
0.618926 0.152906 0.725314 0.0663337 0.711495 0.0900928
0.508875 0.331156 0.703023 0.0423518 0.682035 0.0868072
0.646407 0.33747 0.645284 0.0492908 0.640959 0.0455597
0.232296 0.536585 0.0726963 0.664129 0.0861463 0.664272
0.542105 0.234655 0.637326 0.0658769 0.657018 0.052367
0.520716 0.464742 0.639059 0.0430204 0.714734 0.0486989
0.674635 0.0695243 0.6797 0.07925 0.663209 0.0466512
0.541763 0.309018 0.701612 0.125011 0.676742 0.062787
0.510031 0.222604 0.674748 0.0964638 0.697595 0.0530154
0.545506 0.424905 0.646425 0.079409 0.668107 0.0756632
0.591252 0.208378 0.65196 0.0618952 0.726452 0.113629
0.349606 0.672616 0.622261 0.302251 0.68663 0.0409676
0.573168 0.288876 0.670936 0.129065 0.660672 0.102999
0.528433 0.25652 0.682871 0.0711174 0.655536 0.0718431
0.675617 0.130019 0.680558 0.0317653 0.691803 0.119857
0.308051 0.54631 0.242036 0.62011 0.0944149 0.653911
0.654653 0.404768 0.690629 0.0924104 0.657466 0.045704
0.606033 0.115058 0.711835 0.201969 0.641021 0.0434439
0.694412 0.10869 0.67251 0.049192 0.671491 0.0769583
0.66486 0.135456 0.682976 0.0530589 0.690637 0.0620549
0.690547 0.363724 0.684602 0.22938 0.66808 0.0986464
0.0882261 0.624579 0.0487896 0.685971 0.0573383 0.661548
0.686931 0.144349 0.718477 0.0542374 0.616765 0.0417819
0.374163 0.50117 0.327517 0.481643 0.0706896 0.668022
0.633218 0.278444 0.658436 0.0419643 0.655143 0.0582833
0.373155 0.573555 0.56323 0.506009 0.632233 0.0337431
0.687123 0.184132 0.642452 0.0675641 0.686299 0.0465313
0.409854 0.153089 0.658984 0.0620413 0.6942 0.0736414
0.130033 0.555748 0.109599 0.689872 0.038162 0.658187
0.583907 0.0958444 0.697255 0.0795622 0.676639 0.0592482
0.249681 0.628141 0.0627244 0.606757 0.0387802 0.639514
0.27846 0.31336 0.504171 0.557195 0.699369 0.0618414
0.359959 0.513928 0.536928 0.396094 0.655819 0.0558818
0.181517 0.478944 0.0842387 0.621278 0.0374261 0.661053
0.194294 0.627389 0.0667046 0.707114 0.0664147 0.639823
0.658265 0.209406 0.647106 0.116178 0.714376 0.0814589
0.209746 0.514547 0.0780457 0.665564 0.0601895 0.595163
0.663078 0.220942 0.68979 0.0895557 0.7019 0.0763535
0.580352 0.183841 0.639144 0.0916964 0.692447 0.0656983
0.425826 0.669563 0.514146 0.534056 0.573301 0.583272
0.172858 0.557824 0.0932567 0.704841 0.126666 0.670759
0.704271 0.106811 0.686376 0.105218 0.672684 0.0539459
0.181446 0.630356 0.0541096 0.669139 0.0842225 0.681953
0.453909 0.138323 0.634396 0.0495951 0.703901 0.0734321
0.515116 0.0845318 0.671091 0.0449159 0.697114 0.0505638
0.30086 0.508588 0.175856 0.6604 0.106703 0.664682
0.644456 0.252595 0.667739 0.0485008 0.691908 0.0826899
0.552061 0.118783 0.718186 0.110368 0.71062 0.0519211
0.566768 0.543258 0.605081 0.437247 0.660701 0.125289
0.363113 0.567742 0.187487 0.577456 0.0775936 0.690325
0.55204 0.556969 0.662498 0.0323955 0.6916 0.0586241
0.672998 0.0637618 0.695594 0.0497344 0.674626 0.0313281
0.545188 0.532823 0.532124 0.313968 0.697919 0.0626718
0.683174 0.0861246 0.659286 0.0918148 0.671093 0.0906053
0.511492 0.189237 0.720191 0.0427249 0.678508 0.045932
0.573973 0.295553 0.634959 0.0541161 0.666492 0.115973
0.475549 0.277176 0.699149 0.0699593 0.725869 0.11109
0.504066 0.195518 0.655901 0.119704 0.647236 0.0795316
0.600624 0.144664 0.684218 0.0542784 0.676428 0.0237165
0.636225 0.425394 0.699749 0.257762 0.657459 0.0800072
0.499394 0.439269 0.68303 0.0735317 0.711967 0.0775825
0.571165 0.21847 0.678438 0.110897 0.697341 0.094828
0.670991 0.387005 0.648276 0.0637764 0.685787 0.116895
0.0898548 0.584572 0.0580491 0.646373 0.164364 0.702852
0.212043 0.394205 0.131675 0.594215 0.196339 0.644266
0.140193 0.656186 0.222226 0.656918 0.101471 0.66209
0.606903 0.2925 0.630465 0.0481761 0.708504 0.1418
0.628247 0.0633329 0.682521 0.0727421 0.686509 0.0511002
0.656456 0.126641 0.680575 0.0615804 0.611481 0.0563938
0.550042 0.259669 0.681867 0.303436 0.654694 0.0662388
0.111076 0.661185 0.0648307 0.667451 0.0852997 0.656404
0.615444 0.565571 0.689899 0.092655 0.681037 0.0737811
0.657034 0.108778 0.685201 0.0463957 0.709233 0.0939789
0.617299 0.265948 0.679132 0.0406031 0.654974 0.0967462
0.0884534 0.588688 0.0571968 0.619328 0.0888601 0.658091
0.108099 0.58446 0.085321 0.664811 0.101727 0.685801
0.621889 0.151276 0.640246 0.0528641 0.63393 0.0358925
0.607889 0.116067 0.651872 0.0303619 0.696402 0.0602671
0.462147 0.319008 0.671559 0.0459791 0.711179 0.0389288
0.651312 0.164896 0.623155 0.0530281 0.670303 0.163389
0.643309 0.311857 0.710543 0.0405888 0.67417 0.10445
0.418334 0.441955 0.676824 0.0560233 0.711521 0.0491153
0.107047 0.630237 0.131638 0.665021 0.0824133 0.654223
0.630317 0.114916 0.658062 0.0593799 0.655795 0.0482358
0.264107 0.525662 0.0786109 0.623693 0.03722 0.633683
0.599116 0.438381 0.662375 0.115474 0.666246 0.0565789
0.682577 0.130822 0.642174 0.0783411 0.626264 0.0418507
0.301604 0.648933 0.0579366 0.613331 0.0557374 0.678172
0.0720845 0.485227 0.206683 0.698135 0.0805345 0.689401
0.643813 0.198573 0.657135 0.0754339 0.663241 0.0187908
0.601911 0.0923006 0.688802 0.105265 0.665228 0.0674285
0.263322 0.580186 0.0972831 0.622406 0.0741121 0.646362
0.618487 0.144333 0.646241 0.0404401 0.65731 0.0599672
0.417481 0.288296 0.649353 0.176209 0.655677 0.0278543
0.609795 0.0733895 0.640848 0.0786899 0.673388 0.0683244
0.605782 0.0591538 0.702937 0.0444371 0.685766 0.0756847
0.607768 0.282795 0.68028 0.0637271 0.698501 0.0554052
0.636537 0.321304 0.672058 0.0604004 0.658495 0.033326
0.292205 0.547541 0.0614233 0.637529 0.0479288 0.686413
0.609211 0.255683 0.690214 0.0562648 0.710763 0.164618
0.168317 0.561311 0.0633447 0.676618 0.0946162 0.68088
0.517396 0.174785 0.69639 0.0928877 0.726774 0.083835
0.499086 0.495642 0.608108 0.240972 0.690078 0.0390996
0.111474 0.587712 0.0915259 0.622903 0.0653662 0.697068
0.657298 0.643453 0.669927 0.0718696 0.668505 0.0400312
0.564483 0.143549 0.685381 0.117409 0.722929 0.0984096
0.138555 0.475321 0.0784974 0.656666 0.0941678 0.723769
0.639191 0.0808649 0.709014 0.0680432 0.685321 0.0767587
0.649855 0.0692148 0.693481 0.072376 0.697239 0.0787868
0.688568 0.0857515 0.644905 0.0621507 0.654143 0.0717838
0.481434 0.416418 0.642901 0.24497 0.643293 0.0793325
0.134505 0.304302 0.0773824 0.659383 0.0974207 0.693574
0.650916 0.100405 0.683382 0.0673305 0.704552 0.0797641
0.501599 0.56507 0.535116 0.262438 0.628885 0.101569
0.208452 0.643649 0.126891 0.666316 0.143392 0.704209
0.569406 0.455229 0.654721 0.0859908 0.65946 0.0875515
0.529167 0.311796 0.69726 0.0642809 0.713553 0.107597
0.581051 0.134843 0.648628 0.0802908 0.666433 0.0429512
0.519397 0.41137 0.499941 0.505047 0.641226 0.231809
0.439661 0.510826 0.637931 0.129445 0.656331 0.10209
0.419423 0.364343 0.68724 0.0740469 0.720417 0.0695075
0.30126 0.599589 0.128587 0.710518 0.168125 0.681422
0.486878 0.254317 0.68118 0.0487193 0.647707 0.0938907
0.658922 0.378782 0.658425 0.0340952 0.641566 0.0670118
0.659089 0.0736376 0.7044 0.0453791 0.600102 0.0364936
0.194668 0.598483 0.0855892 0.687647 0.0512397 0.609399
0.277039 0.571049 0.0591738 0.628444 0.0793293 0.672581
0.59311 0.205847 0.632701 0.0455355 0.696564 0.0505123
0.549729 0.219339 0.66719 0.0439885 0.682832 0.032087
0.351591 0.557641 0.0566412 0.651443 0.0869322 0.60606
0.569349 0.2146 0.676225 0.0505745 0.677156 0.0566516
0.560818 0.156084 0.676337 0.0543768 0.717667 0.15634
0.350434 0.641465 0.518136 0.349737 0.701201 0.021974
0.612365 0.0619907 0.69288 0.0589488 0.690534 0.049686
0.196998 0.68996 0.0857069 0.686076 0.129036 0.690316
0.200612 0.685713 0.174745 0.686506 0.194736 0.691853
0.347188 0.559104 0.69754 0.110601 0.661087 0.0502938
0.469476 0.562673 0.632498 0.486538 0.701088 0.0548222
0.332811 0.433173 0.114001 0.637287 0.0953595 0.648788
0.678391 0.0707259 0.639229 0.0576497 0.669324 0.0460179
0.613463 0.108961 0.677565 0.0526542 0.689898 0.0525808
0.584806 0.380624 0.686423 0.0845884 0.65709 0.050678
0.155088 0.552844 0.0453533 0.624913 0.0464878 0.624411
0.67423 0.163313 0.708785 0.0960636 0.697189 0.107528
0.632009 0.133079 0.671149 0.0803899 0.682423 0.114096
0.515817 0.234472 0.720557 0.0760346 0.737269 0.0806013
0.517663 0.237829 0.626645 0.0207293 0.696089 0.0261502
0.684215 0.109365 0.702419 0.0617147 0.689236 0.0686209
0.452833 0.244293 0.678978 0.0746578 0.661544 0.0768713
0.130487 0.640169 0.14072 0.710988 0.193457 0.644858
0.237172 0.309707 0.0839391 0.702149 0.0737979 0.671227
0.506349 0.349466 0.660458 0.0384948 0.710927 0.073457
0.131754 0.687614 0.0681929 0.677328 0.0570823 0.606923
0.571747 0.199808 0.681555 0.0488034 0.707529 0.0869584
0.284089 0.255779 0.43749 0.470988 0.722598 0.109677
0.334976 0.526633 0.278672 0.649682 0.063145 0.705985
0.639657 0.269343 0.647662 0.0199476 0.680593 0.0871924
0.65741 0.135196 0.668611 0.0605745 0.662668 0.050697
0.497539 0.280066 0.68452 0.0676167 0.679965 0.0563589
0.676735 0.0935285 0.71752 0.0650908 0.668363 0.0295525
0.650063 0.371811 0.576017 0.0805195 0.700044 0.045641
0.193788 0.601847 0.16776 0.63991 0.05517 0.642671
0.675411 0.122349 0.63348 0.0263777 0.669798 0.0644995
0.569743 0.464138 0.619086 0.113114 0.675979 0.0783738
0.660262 0.193786 0.683228 0.0791112 0.691874 0.0396919
0.617134 0.110009 0.646903 0.0427951 0.655223 0.0311033
0.409292 0.655907 0.598731 0.568019 0.672347 0.0989272
0.290777 0.597645 0.0469024 0.656631 0.0579398 0.634122
0.210984 0.617764 0.0792706 0.573334 0.0907893 0.713979
0.585193 0.309313 0.703254 0.0658076 0.629297 0.0364837
0.218477 0.674398 0.156529 0.723036 0.0923868 0.657338
0.588729 0.139459 0.645515 0.0819036 0.701033 0.0905689
0.68977 0.162607 0.666579 0.0439412 0.691179 0.0454352
0.497548 0.291868 0.730965 0.0508374 0.703814 0.0701749
0.121463 0.583288 0.0500379 0.584311 0.134678 0.62729
0.238587 0.679602 0.44533 0.53178 0.655436 0.0424424
0.650502 0.1964 0.69316 0.0523098 0.680875 0.0753161
0.628489 0.0490946 0.658237 0.0657142 0.628193 0.0339385
0.625242 0.149646 0.657245 0.0683069 0.670678 0.102639
0.669984 0.229228 0.644225 0.0330235 0.61374 0.111876
0.643401 0.0394315 0.681296 0.0574679 0.663599 0.0835489
0.591939 0.0992912 0.681517 0.0498652 0.687543 0.0373135
0.650575 0.300702 0.669387 0.098694 0.703519 0.057885
0.505491 0.371811 0.706921 0.1114 0.710356 0.0678511
0.538724 0.300304 0.66375 0.112936 0.681806 0.06023
0.185021 0.194713 0.661398 0.193 0.624788 0.042969
0.531686 0.22156 0.593436 0.0252492 0.669992 0.102294
0.523682 0.535384 0.658634 0.113162 0.65289 0.0486367
0.352193 0.660919 0.676321 0.658966 0.657158 0.189911
0.608581 0.277815 0.711492 0.0694314 0.687709 0.0589495
0.270493 0.631284 0.288962 0.543187 0.0955085 0.695277
0.595287 0.260439 0.679569 0.0546541 0.636958 0.0491871
0.626878 0.264266 0.690592 0.0743474 0.67012 0.054095
0.516243 0.395413 0.700813 0.064353 0.682907 0.0970493
0.619496 0.218647 0.688993 0.0668718 0.69964 0.0687104
0.584517 0.354352 0.650923 0.0649873 0.66485 0.0382377
0.151375 0.551691 0.073617 0.639519 0.10516 0.679418
0.642906 0.17086 0.597486 0.0299059 0.664211 0.0886589
0.157544 0.646664 0.100061 0.663992 0.0404008 0.672949
0.360575 0.34828 0.68667 0.0517206 0.639767 0.0336407
0.485506 0.514595 0.635502 0.215451 0.663926 0.0340461
0.575583 0.521148 0.716621 0.144726 0.622941 0.043818
0.682498 0.276183 0.694309 0.0748249 0.662768 0.0519641
0.0833358 0.609984 0.119984 0.670477 0.0748356 0.662207
0.109605 0.687946 0.229239 0.659607 0.180204 0.713257
0.295375 0.528211 0.178504 0.579923 0.147788 0.707009
0.597935 0.103377 0.714963 0.116786 0.703364 0.110212
0.644082 0.19728 0.633949 0.0606074 0.6933 0.0531399
0.674595 0.0977464 0.653577 0.0374491 0.697105 0.129084
0.119815 0.572526 0.0926089 0.655025 0.128064 0.702794
0.428773 0.408905 0.664357 0.0311171 0.646275 0.0183621
0.655088 0.0513127 0.667748 0.0695643 0.677722 0.0574948
0.55148 0.454146 0.664712 0.0858297 0.672832 0.0692398
0.088958 0.566702 0.0787895 0.685915 0.0553664 0.656262
0.658186 0.1621 0.688453 0.0630369 0.711407 0.0986054
0.684978 0.140558 0.732982 0.0831314 0.653911 0.0448322
0.655401 0.410751 0.674815 0.189567 0.720158 0.0678937
0.528172 0.134665 0.682807 0.0762786 0.720813 0.0583143
0.595896 0.0878047 0.63254 0.049507 0.670707 0.046151
0.465905 0.251601 0.676419 0.0542908 0.672455 0.0797998
0.408819 0.549669 0.540137 0.276135 0.703289 0.113694
0.648335 0.133904 0.656954 0.0397047 0.671382 0.0492802
0.524159 0.444824 0.721967 0.10102 0.670649 0.0522876
0.511825 0.311308 0.64834 0.0633422 0.67877 0.0576336
0.468937 0.478999 0.633875 0.0981983 0.638376 0.0322682
0.656311 0.181212 0.692251 0.0905204 0.673392 0.062177
0.229741 0.628767 0.136729 0.673096 0.118577 0.630454
0.652432 0.291397 0.71861 0.0798933 0.666459 0.0592462
0.638038 0.259623 0.589051 0.0259516 0.640831 0.0583417
0.613249 0.204222 0.651614 0.0654674 0.638758 0.0652691
0.599301 0.188996 0.679426 0.0551127 0.68583 0.0688875
0.583122 0.284352 0.641068 0.0636065 0.680329 0.046064
0.217412 0.360191 0.652101 0.417081 0.719251 0.0313678
0.549158 0.280367 0.71312 0.161187 0.688477 0.0857928
0.54178 0.297209 0.675539 0.057249 0.654589 0.0651572
0.619539 0.287565 0.68289 0.0572461 0.620445 0.0374774
0.51233 0.468588 0.679741 0.107034 0.71923 0.0787325
0.665033 0.277033 0.700918 0.048805 0.662649 0.0204536
0.593867 0.488011 0.644895 0.0364698 0.668449 0.0781828
0.580942 0.0580366 0.680841 0.0548888 0.659249 0.0742844
0.721954 0.161334 0.683507 0.0653957 0.69853 0.0699769
0.701934 0.166262 0.688241 0.0539425 0.694764 0.052102
0.515883 0.567917 0.625252 0.30865 0.655832 0.0387163
0.674338 0.111531 0.682863 0.089909 0.682121 0.0593248
0.45268 0.591042 0.620935 0.258988 0.65595 0.101285
0.367617 0.202514 0.676906 0.077048 0.715219 0.0632678
0.519167 0.455544 0.720109 0.0406456 0.69698 0.126627
0.252572 0.251103 0.457728 0.522487 0.710364 0.0969301
0.335851 0.267207 0.663451 0.049988 0.671485 0.0568008
0.622691 0.205504 0.670403 0.0420726 0.679454 0.0717283
0.319402 0.626719 0.0978472 0.681549 0.0625133 0.682557
0.659225 0.103693 0.699967 0.0372694 0.65802 0.0757912
0.395085 0.53908 0.0963262 0.636923 0.0941275 0.664926
0.645818 0.175682 0.676642 0.0542186 0.674453 0.0382827
0.648491 0.0939195 0.651699 0.0430404 0.686391 0.0908445
0.585099 0.179993 0.689185 0.0687755 0.644546 0.069232
0.190861 0.316973 0.114888 0.690218 0.0577005 0.706134
0.678127 0.192393 0.684319 0.13 0.666536 0.0380531
0.539215 0.274564 0.686326 0.0367064 0.66682 0.0394826
0.628039 0.353019 0.67191 0.124918 0.705653 0.0339306
0.652853 0.13255 0.719781 0.0676487 0.70087 0.0782107
0.576684 0.272804 0.672673 0.0250483 0.686005 0.152873
0.524677 0.15722 0.674195 0.0619292 0.688137 0.0622456
0.537283 0.297524 0.549543 0.206042 0.692651 0.064983
0.654702 0.201566 0.650415 0.0273074 0.667674 0.0244149
0.680516 0.249534 0.689262 0.0786573 0.671323 0.0609959
0.379154 0.552657 0.119834 0.662684 0.0575523 0.677652
0.593074 0.182898 0.727242 0.0431619 0.622632 0.0452727
0.662474 0.0500122 0.670807 0.115413 0.692376 0.0702072
0.508218 0.49485 0.617818 0.230483 0.668988 0.0428155
0.521848 0.282799 0.665067 0.0347679 0.68451 0.0172182
0.636044 0.145301 0.66596 0.057534 0.679292 0.0538476
0.660968 0.0789536 0.623623 0.0404776 0.691333 0.0816266
0.541035 0.133692 0.674639 0.0731375 0.708575 0.0893965
0.32811 0.371595 0.649341 0.136878 0.669802 0.0705149
0.317528 0.506198 0.244 0.633438 0.0520774 0.685445
0.239295 0.402873 0.133988 0.673295 0.0718772 0.648968
0.625017 0.112939 0.669081 0.11464 0.703394 0.0881014
0.558823 0.12648 0.658055 0.059812 0.606424 0.0402279
0.425126 0.325459 0.654402 0.154163 0.672807 0.0737041
0.614018 0.501415 0.179502 0.579946 0.0455679 0.676425
0.177253 0.650433 0.0882554 0.68533 0.0676576 0.649487
0.662719 0.121063 0.682838 0.0589698 0.629057 0.035537
0.464143 0.42943 0.624256 0.0642304 0.677156 0.0299848
0.316033 0.546418 0.569217 0.554417 0.692863 0.112289
0.63037 0.365385 0.626482 0.0719331 0.67866 0.0532943
0.559388 0.318095 0.663411 0.0672823 0.681312 0.052459
0.526717 0.177766 0.646669 0.0607783 0.656995 0.0391866
0.351294 0.384088 0.668037 0.0988994 0.663456 0.0404922
0.248993 0.590822 0.0734774 0.664573 0.106877 0.672375
0.428634 0.130663 0.657689 0.0667871 0.719073 0.101143
0.583477 0.0292991 0.685887 0.0714727 0.675334 0.0391427
0.696374 0.101936 0.631859 0.0763766 0.631299 0.0346355
0.604459 0.272864 0.671148 0.0611922 0.659247 0.0436163
0.183049 0.483303 0.147941 0.636509 0.10367 0.639653
0.628352 0.186664 0.661201 0.0691961 0.630283 0.0820564
0.152625 0.5976 0.120348 0.66373 0.0538998 0.635577
0.53221 0.345447 0.707279 0.0456277 0.728551 0.0755599
0.687864 0.0726887 0.676947 0.0341343 0.708492 0.0453941
0.602913 0.0817388 0.674306 0.0795013 0.632973 0.0470606
0.678731 0.124448 0.592701 0.040098 0.714812 0.0968963
0.679758 0.167842 0.672121 0.0758891 0.651281 0.0576873
0.615936 0.0521528 0.714859 0.0976662 0.66869 0.0586274
0.490701 0.449348 0.724233 0.0952015 0.69382 0.0582702
0.670357 0.176224 0.66363 0.0899744 0.678728 0.0560097
0.660787 0.115382 0.681258 0.029676 0.700948 0.0778115
0.523747 0.160482 0.693429 0.0744385 0.70627 0.0674861
0.465162 0.282447 0.659104 0.138769 0.694285 0.0673338
0.606842 0.268114 0.687036 0.0442373 0.612772 0.0809529
0.643308 0.121722 0.66419 0.0586751 0.702607 0.0315372
0.232499 0.536943 0.0454733 0.658515 0.0647425 0.681283
0.0784294 0.636857 0.121529 0.718197 0.11927 0.64918
0.557796 0.514318 0.677417 0.10947 0.665797 0.0531612
0.552795 0.109064 0.709576 0.0519503 0.658294 0.0532422
0.663488 0.206238 0.684252 0.0699304 0.667968 0.0473957
0.597408 0.196605 0.707042 0.171161 0.663299 0.0507293
0.604167 0.311697 0.659637 0.0340161 0.65282 0.0703789
0.547265 0.465604 0.664624 0.06343 0.678134 0.0501649
0.68652 0.092791 0.643295 0.0583823 0.673675 0.0555078
0.277478 0.534576 0.220991 0.654966 0.0785439 0.635899
0.628594 0.414546 0.672104 0.0660519 0.676113 0.0397344
0.275159 0.580867 0.0505911 0.618474 0.0609226 0.669235
0.518716 0.261279 0.706799 0.0780311 0.679456 0.164839
0.344479 0.549297 0.0627392 0.652532 0.153949 0.680589
0.152794 0.598927 0.0491086 0.642238 0.186386 0.685912
0.494331 0.52961 0.56761 0.604367 0.685912 0.0362835
0.621047 0.13388 0.693535 0.0831539 0.6617 0.0624647
0.600123 0.16697 0.679248 0.0564553 0.739995 0.0866821
0.606452 0.428433 0.657517 0.0698963 0.670754 0.0244222
0.710379 0.256978 0.699013 0.0364723 0.638072 0.0705481
0.425262 0.244035 0.668859 0.0922382 0.638066 0.0400032
0.56119 0.508668 0.642212 0.0410319 0.704016 0.0479476
0.12621 0.568345 0.205636 0.709962 0.0893647 0.687349
0.131459 0.610242 0.0453181 0.629276 0.104292 0.681593
0.668979 0.129661 0.654025 0.0720338 0.651215 0.0480688
0.699168 0.121241 0.663571 0.0950608 0.662258 0.105333
0.645948 0.148141 0.72111 0.073995 0.595979 0.0303178
0.657243 0.0901907 0.720175 0.115161 0.674324 0.0285242
0.371558 0.655345 0.0595735 0.691907 0.273859 0.645129
0.681677 0.121917 0.697077 0.0465736 0.664888 0.0257528
0.687683 0.264579 0.64091 0.026464 0.653236 0.0634629
0.23227 0.571357 0.068109 0.650087 0.116842 0.670392
0.56942 0.23836 0.666172 0.0284857 0.677931 0.0513514
0.653415 0.327993 0.700471 0.0945823 0.65025 0.026815
0.632824 0.401993 0.678909 0.114443 0.687636 0.0256231
0.568796 0.422793 0.63673 0.44298 0.63181 0.0600627
0.245253 0.36329 0.500127 0.488687 0.673265 0.402844
0.407481 0.219899 0.668193 0.0888723 0.694434 0.0403273
0.233375 0.650112 0.0572288 0.668171 0.135026 0.629701
0.540429 0.199373 0.676968 0.0467536 0.653646 0.0484696
0.221929 0.438566 0.0962058 0.658319 0.0787441 0.596174
0.186506 0.608678 0.0721229 0.636831 0.124017 0.616726
0.569249 0.30547 0.733419 0.128881 0.629911 0.0461071
0.278344 0.521945 0.552127 0.443322 0.686424 0.0494577
0.654079 0.0827371 0.702239 0.0408007 0.637486 0.0613677
0.466266 0.242704 0.711296 0.103969 0.606771 0.0570274
0.609431 0.269126 0.679844 0.0524807 0.686988 0.0525562
0.519968 0.331677 0.692961 0.102568 0.689891 0.121265
0.521378 0.424462 0.647186 0.09317 0.669864 0.0400818
0.139676 0.601369 0.132371 0.704918 0.102982 0.628964
0.319086 0.461419 0.246306 0.559339 0.0554842 0.653037
0.152506 0.662854 0.121749 0.674838 0.11132 0.692656
0.600376 0.200201 0.658323 0.0297226 0.710247 0.0536146
0.399082 0.538318 0.512578 0.418694 0.638432 0.0679528
0.640968 0.0652655 0.724087 0.0786124 0.684492 0.0666556
0.187748 0.584368 0.0532042 0.661331 0.0566302 0.713188
0.630724 0.484819 0.639932 0.0317718 0.683912 0.0497461
0.490608 0.537913 0.145486 0.620672 0.075132 0.69132
0.648954 0.339615 0.686699 0.0649786 0.715622 0.0963825
0.462167 0.157118 0.664683 0.049652 0.681414 0.0332558
0.712156 0.196355 0.676638 0.0748895 0.676751 0.0824761
0.582492 0.289271 0.662425 0.111251 0.687899 0.0569001
0.537198 0.333858 0.655167 0.064355 0.652751 0.0621363
0.679087 0.114958 0.692352 0.0874822 0.676446 0.0595893
0.312942 0.501202 0.278607 0.619993 0.0701724 0.605527
0.687675 0.0972882 0.706261 0.114515 0.606479 0.0292898
0.353585 0.507657 0.385012 0.485575 0.0884256 0.709789
0.647491 0.4203 0.655229 0.0302805 0.726467 0.0635872
0.178494 0.600338 0.110987 0.697352 0.0730791 0.688982
0.389637 0.299226 0.63701 0.082927 0.624212 0.0608707
0.659896 0.0317754 0.66956 0.0422904 0.672573 0.0610827
0.647136 0.281332 0.683513 0.0965155 0.678176 0.0645399
0.651449 0.0608649 0.679978 0.0495828 0.622551 0.0452655
0.406999 0.539317 0.620758 0.457288 0.701612 0.0953051
0.288743 0.195988 0.709056 0.118311 0.675727 0.0470766
0.661725 0.131662 0.692426 0.0487546 0.669219 0.066174
0.592967 0.263967 0.680306 0.0480693 0.704865 0.0558199
0.483183 0.101131 0.712219 0.0612657 0.67957 0.0810477
0.666315 0.175303 0.713426 0.0716019 0.65837 0.0347937
0.156324 0.616321 0.0759619 0.68894 0.0462701 0.672787
0.685544 0.342696 0.693037 0.0855132 0.699915 0.0484185
0.676303 0.089395 0.649357 0.0646856 0.697052 0.0929374
0.644992 0.166144 0.683686 0.0440298 0.722875 0.0561732
0.691144 0.0882961 0.64621 0.0262085 0.713614 0.100704
0.288455 0.436576 0.080204 0.642659 0.0616238 0.654092
0.622048 0.110045 0.694137 0.0673209 0.635531 0.0437593
0.660566 0.133416 0.715449 0.0527639 0.630035 0.0525551
0.650211 0.128073 0.68326 0.0690781 0.688722 0.0726843
0.212703 0.567285 0.0508941 0.655626 0.0673078 0.683308
0.323703 0.646005 0.423024 0.614029 0.679639 0.12089
0.617796 0.16984 0.648427 0.0440556 0.662181 0.0776726
0.326909 0.309466 0.648095 0.0618167 0.70612 0.0616599
0.619091 0.167621 0.683511 0.0551253 0.678097 0.106827
0.284569 0.612305 0.071493 0.676361 0.0917767 0.607615
0.692755 0.100536 0.693908 0.069874 0.657187 0.0730181
0.502808 0.431667 0.657329 0.325515 0.705524 0.0741934
0.35447 0.599918 0.597685 0.39746 0.594597 0.0273947
0.626586 0.0745749 0.709205 0.0350695 0.672329 0.0627221
0.363962 0.239724 0.68631 0.0758007 0.702944 0.0416871
0.194379 0.6041 0.0491597 0.644464 0.0584683 0.603093
0.212837 0.577375 0.150814 0.658465 0.12876 0.645363
0.46502 0.303086 0.650221 0.0452432 0.66491 0.0816685
0.258205 0.610845 0.0636314 0.603227 0.0804075 0.657869
0.194788 0.578654 0.0536685 0.696984 0.0865247 0.6079
0.661833 0.0991329 0.675673 0.0705927 0.670016 0.0791225
0.484049 0.30588 0.619859 0.0368182 0.686286 0.0271755
0.656949 0.339281 0.638921 0.0545548 0.672807 0.0405298
0.573359 0.145661 0.666573 0.0631088 0.703549 0.0350836
0.605626 0.284878 0.657745 0.0378014 0.709267 0.0594742
0.693566 0.195453 0.673208 0.0749403 0.674154 0.11723
0.637741 0.261656 0.673291 0.0351248 0.722714 0.103887
0.131383 0.612207 0.13702 0.637202 0.0840748 0.688513
0.136118 0.673257 0.0508837 0.66636 0.0520416 0.584682
0.626882 0.240242 0.702256 0.0310215 0.684194 0.0605376
0.553516 0.536634 0.53949 0.247646 0.725531 0.135284
0.131451 0.563774 0.0925561 0.664792 0.0679414 0.691549
0.181123 0.658772 0.0242477 0.622909 0.0454748 0.664944
0.167539 0.628283 0.077914 0.673209 0.124019 0.647142
0.463573 0.301426 0.691652 0.124506 0.675246 0.0575978
0.612794 0.292705 0.690816 0.080384 0.654511 0.0755599
0.574077 0.215672 0.704804 0.0682289 0.672365 0.067589
0.594668 0.249227 0.682982 0.0719161 0.654728 0.0878512
0.700482 0.113539 0.699211 0.057994 0.705067 0.125557
0.654467 0.247193 0.700447 0.11572 0.686762 0.0618315
0.614175 0.191526 0.669403 0.0461561 0.604663 0.0377097
0.399613 0.503078 0.672734 0.520318 0.628279 0.179003
0.354254 0.321275 0.684934 0.0646821 0.665792 0.0609557
0.629214 0.110241 0.726323 0.0830987 0.672834 0.0299143
0.632316 0.263224 0.65482 0.098429 0.660319 0.0494765
0.453242 0.582306 0.679302 0.112414 0.667488 0.0377662
0.678496 0.136597 0.670407 0.0916263 0.653859 0.051874
0.665912 0.229086 0.702385 0.128086 0.657013 0.105695
0.114475 0.538203 0.0914648 0.686212 0.100754 0.630755
0.551983 0.177227 0.692073 0.10906 0.696667 0.0848625
0.539241 0.129506 0.64411 0.0488967 0.655184 0.0936209
0.488439 0.507172 0.14921 0.665375 0.0549947 0.658575
0.585392 0.217733 0.719905 0.0838753 0.705685 0.0284419
0.576294 0.109183 0.665737 0.0845431 0.710278 0.0746679
0.457793 0.54353 0.474686 0.409919 0.664386 0.0191469
0.619512 0.407324 0.671226 0.201835 0.6683 0.0359171
0.644255 0.103613 0.685243 0.0350675 0.723284 0.0689617
0.721287 0.079414 0.682824 0.047678 0.662821 0.118917
0.31261 0.354413 0.454467 0.363976 0.630777 0.0699884
0.586527 0.335294 0.690497 0.0891581 0.695158 0.0841273
0.575307 0.15776 0.675934 0.0873508 0.662572 0.0659297
0.389107 0.546459 0.102082 0.72571 0.028533 0.626991
0.614945 0.114426 0.65988 0.06651 0.697084 0.0602191
0.455601 0.478963 0.664765 0.165618 0.675728 0.0637439
0.674337 0.0926811 0.64776 0.0686301 0.708776 0.149614
0.64883 0.4805 0.687171 0.10671 0.61987 0.0277227
0.65028 0.137631 0.663268 0.112858 0.668599 0.0842914
0.281016 0.617137 0.0996293 0.662905 0.049015 0.709476
0.375886 0.580451 0.0827272 0.697354 0.0738405 0.60207
0.388307 0.424955 0.680949 0.121458 0.70986 0.0602749
0.681686 0.267007 0.673369 0.0883084 0.645908 0.0435834
0.546325 0.137755 0.670137 0.0445096 0.686384 0.0552615
0.63968 0.247616 0.659527 0.0819982 0.656568 0.0497057
0.370979 0.470565 0.25353 0.667064 0.0490466 0.652433
0.597711 0.603043 0.684498 0.161428 0.652071 0.0297775
0.538813 0.361377 0.650062 0.029338 0.687249 0.0739101
0.637335 0.0837939 0.701922 0.0812202 0.709192 0.129423
0.197399 0.69434 0.116102 0.613933 0.0369298 0.632149
0.615873 0.285875 0.647481 0.0520938 0.629854 0.036604
0.389676 0.620324 0.282607 0.517664 0.0718067 0.680305
0.645835 0.114333 0.695452 0.0639947 0.676268 0.0821335
0.438265 0.268232 0.617667 0.035964 0.68149 0.108827
0.637381 0.105985 0.670305 0.047315 0.683019 0.038146
0.485492 0.490975 0.678548 0.0904959 0.687665 0.0489169
0.653969 0.105031 0.642005 0.0526235 0.654539 0.0448122
0.679212 0.150362 0.672067 0.105631 0.622094 0.0554147
0.552267 0.222588 0.694648 0.0895945 0.663036 0.046312
0.657622 0.132625 0.70572 0.114233 0.694263 0.0381347
0.697956 0.191169 0.637049 0.0720546 0.691394 0.0580137
0.46771 0.244753 0.632214 0.0621242 0.653701 0.0304845
0.598016 0.0581356 0.676876 0.0492853 0.649785 0.0472839
0.462775 0.235803 0.641118 0.100704 0.726274 0.110804
0.467336 0.543457 0.578608 0.519488 0.680877 0.0379309
0.292678 0.377995 0.109688 0.681818 0.0717168 0.64834
0.399046 0.524524 0.175044 0.591943 0.0867628 0.706504
0.0684359 0.62706 0.0579519 0.586682 0.0797848 0.683401
0.68632 0.100289 0.643449 0.0447078 0.720716 0.130063
0.637322 0.213769 0.695294 0.0459022 0.519918 0.01356
0.615724 0.136931 0.664056 0.0559283 0.705128 0.0829732
0.54288 0.142679 0.671239 0.0616349 0.677456 0.0510713
0.618817 0.258285 0.670717 0.0368621 0.640073 0.0231383
0.15628 0.670279 0.0367117 0.579092 0.101119 0.658291
0.652466 0.0638984 0.692849 0.0714183 0.668997 0.0534137
0.291137 0.483019 0.113624 0.678017 0.0453485 0.659396
0.509175 0.42367 0.587076 0.521339 0.697693 0.0758276
0.28733 0.473301 0.0829795 0.68858 0.0469029 0.628365
0.616961 0.172846 0.703046 0.0519436 0.684837 0.0297892
0.657711 0.130819 0.692799 0.0635588 0.665377 0.0628164
0.608876 0.126315 0.666169 0.0320169 0.647139 0.0496613
0.57344 0.365092 0.550837 0.58059 0.615054 0.435061
0.609148 0.151173 0.661302 0.0707441 0.648267 0.0581612
0.641398 0.11979 0.715754 0.0515808 0.622059 0.0421553
0.384089 0.211627 0.634879 0.062033 0.60871 0.0596148
0.458107 0.405655 0.571222 0.136013 0.666798 0.0726729
0.57957 0.104272 0.667884 0.0514991 0.66872 0.117212
0.157548 0.612686 0.0546787 0.606313 0.111021 0.68431
0.250807 0.586532 0.0678114 0.658647 0.0243836 0.591009
0.512294 0.315284 0.656366 0.058187 0.667806 0.0502852
0.601777 0.241832 0.642325 0.341434 0.65533 0.0889788
0.644167 0.482763 0.642977 0.0898191 0.659615 0.0711856
0.59903 0.299788 0.70156 0.1281 0.626317 0.0432796
0.58896 0.121159 0.691403 0.0903193 0.688752 0.118367
0.590264 0.223326 0.648205 0.0522511 0.684237 0.0613019
0.240435 0.56509 0.0677386 0.663349 0.121437 0.653217
0.562797 0.234401 0.680347 0.0655 0.656564 0.0468027
0.663449 0.188071 0.669031 0.0289882 0.662934 0.0499249
0.175615 0.582923 0.0838239 0.642025 0.102804 0.614971
0.468787 0.517717 0.680416 0.0767448 0.683538 0.0334427
0.408583 0.560066 0.129358 0.568103 0.108006 0.651724
0.570263 0.511839 0.682959 0.0974748 0.705226 0.0538472
0.54064 0.623844 0.708316 0.0745686 0.69559 0.0857997
0.663704 0.224985 0.748488 0.0759982 0.658079 0.0489296
0.627418 0.117531 0.681731 0.0702005 0.705944 0.0387799
0.540755 0.51067 0.616379 0.0570739 0.628907 0.0969385
0.498565 0.159078 0.650321 0.0315433 0.675606 0.115781
0.619796 0.0682405 0.644236 0.0433392 0.661877 0.0612091
0.51557 0.150751 0.67823 0.045565 0.67463 0.060705
0.466259 0.506354 0.322369 0.552782 0.126695 0.656342
0.70355 0.164232 0.658267 0.0340046 0.670486 0.0505799
0.627054 0.191924 0.701743 0.163397 0.711067 0.0881624
0.621343 0.456227 0.672433 0.120014 0.698842 0.0856699
0.549355 0.293231 0.680363 0.113491 0.651171 0.0688528
0.655677 0.107163 0.713455 0.144393 0.702642 0.0411526
0.360828 0.282941 0.64553 0.0502007 0.653971 0.0397397
0.683342 0.100303 0.645086 0.0445536 0.682017 0.0648698
0.648839 0.0742506 0.685076 0.0501969 0.712601 0.0996631
0.700784 0.126759 0.672713 0.072536 0.69021 0.12074
0.183065 0.633065 0.152475 0.668704 0.118729 0.641705
0.596001 0.203244 0.654611 0.0528718 0.694255 0.135468
0.571961 0.387988 0.69937 0.0744235 0.69463 0.0579194
0.543012 0.422962 0.543087 0.486961 0.0631262 0.68773
0.502402 0.317585 0.659958 0.102234 0.642111 0.0484211
0.269147 0.580233 0.0751802 0.631732 0.0680069 0.683379
0.399004 0.556083 0.612913 0.392975 0.661193 0.0678978
0.469614 0.320881 0.680917 0.0521419 0.653049 0.0659735
0.260082 0.634676 0.0758376 0.598587 0.0941914 0.660654
0.637985 0.139793 0.684049 0.0856439 0.603259 0.0481497
0.620489 0.283026 0.703566 0.0895893 0.652667 0.0709805
0.690501 0.201927 0.703112 0.0662924 0.686077 0.0594203
0.706367 0.219299 0.632722 0.0226296 0.693756 0.0997899
0.611061 0.20911 0.69626 0.0668564 0.680935 0.0749407
0.540704 0.339622 0.706358 0.0759854 0.653617 0.0266971
0.612127 0.177361 0.680209 0.0473123 0.650857 0.0417421
0.586212 0.22108 0.687902 0.0710317 0.68154 0.0379713
0.626798 0.349749 0.661565 0.0613176 0.662704 0.0504837
0.693027 0.042235 0.68015 0.090031 0.656921 0.0934175
0.43954 0.5106 0.527774 0.309403 0.659439 0.0843245
0.554896 0.4059 0.675776 0.0719317 0.714701 0.150444
0.498878 0.400418 0.686171 0.110291 0.632051 0.0745209
0.459351 0.341434 0.679152 0.129493 0.666649 0.036067
0.61925 0.200236 0.684974 0.0580369 0.665422 0.0887728
0.136409 0.625399 0.0718 0.677198 0.0547353 0.641823
0.251535 0.625706 0.0715808 0.663493 0.0488713 0.634234
0.6653 0.195155 0.697994 0.0728934 0.671214 0.0256816
0.638156 0.111905 0.667823 0.0328091 0.669588 0.0428314
0.223404 0.448764 0.114498 0.617427 0.0719149 0.684656
0.331848 0.602813 0.530448 0.598963 0.617736 0.0238067
0.420003 0.506065 0.156833 0.613797 0.0979966 0.667885
0.172838 0.628755 0.032429 0.647248 0.0497302 0.699016
0.390921 0.628578 0.0389445 0.627789 0.0415816 0.678003
0.348369 0.556819 0.162251 0.671747 0.0393743 0.681909
0.516236 0.234101 0.68917 0.0584422 0.718738 0.138158
0.660944 0.0900249 0.663927 0.0353217 0.587148 0.0270601
0.613054 0.555287 0.646455 0.056368 0.704677 0.0330661
0.343592 0.450781 0.43753 0.487126 0.645803 0.0548668
0.411464 0.519815 0.462055 0.530018 0.59791 0.448158
0.400566 0.476741 0.574413 0.28184 0.701456 0.0656913
0.370752 0.165715 0.676393 0.0851547 0.728213 0.0890755
0.109921 0.626817 0.0537835 0.586942 0.0922841 0.648167
0.624257 0.114853 0.685909 0.0745632 0.709754 0.105064
0.570344 0.496679 0.718351 0.184427 0.744187 0.0797877
0.478949 0.519205 0.140572 0.605919 0.0969076 0.661318
0.128826 0.649171 0.0589035 0.623688 0.0812079 0.69814
0.572623 0.17398 0.689947 0.0911489 0.677791 0.0398601
0.292089 0.657002 0.150603 0.641251 0.107825 0.684644
0.579438 0.137045 0.642724 0.0655654 0.684879 0.0784243
0.189546 0.645681 0.145954 0.711623 0.0311509 0.615308
0.450575 0.644299 0.594844 0.477623 0.59637 0.238287
0.512521 0.463955 0.264783 0.601223 0.10524 0.644824
0.144558 0.608441 0.113238 0.688529 0.11021 0.660342
0.469937 0.404378 0.571056 0.422695 0.688845 0.073834
0.645486 0.179898 0.671739 0.101151 0.647749 0.0311404
0.627989 0.104584 0.610264 0.0497045 0.696338 0.0763704
0.322949 0.619627 0.0575112 0.668223 0.12472 0.686018
0.478712 0.234145 0.637824 0.0297091 0.662728 0.0703683
0.458787 0.447547 0.61521 0.15972 0.694039 0.0874638
0.631228 0.119596 0.682731 0.158658 0.671904 0.0711234
0.661985 0.171504 0.677624 0.1373 0.708559 0.134967
0.620937 0.179325 0.658008 0.0572433 0.625068 0.0514212
0.651845 0.234392 0.641386 0.0436101 0.673467 0.0921575
0.668955 0.127751 0.635927 0.0342718 0.656738 0.107369
0.635099 0.176428 0.706482 0.0623323 0.709365 0.0292645
0.625296 0.0877699 0.648752 0.0534229 0.713828 0.060802
0.657637 0.155808 0.630327 0.0411544 0.642414 0.035756
0.571643 0.217523 0.656972 0.0392595 0.718439 0.0760676
0.577091 0.398598 0.688615 0.0702643 0.682792 0.0779379
0.574028 0.366335 0.692356 0.0579353 0.693907 0.0331714
0.592678 0.173008 0.691169 0.0425733 0.676194 0.0309708
0.205664 0.603385 0.0420911 0.61522 0.0476274 0.65402
0.56296 0.415437 0.70779 0.0930312 0.64104 0.0695403
0.651457 0.138862 0.619925 0.0663793 0.659823 0.0462885
0.42839 0.598081 0.169248 0.671784 0.0334163 0.633016
0.63217 0.0815556 0.62437 0.0939976 0.69209 0.115972
0.375082 0.325288 0.691613 0.0855617 0.677701 0.0382129
0.60973 0.208617 0.65022 0.0327418 0.651735 0.0656429
0.239472 0.429634 0.4828 0.366695 0.726533 0.0950124
0.344844 0.434077 0.493504 0.267679 0.662241 0.0476956
0.681643 0.107676 0.627901 0.028907 0.665334 0.129025
0.620832 0.140199 0.694071 0.0636973 0.657649 0.141924
0.464691 0.496873 0.604575 0.073367 0.683731 0.100581
0.140406 0.656056 0.10081 0.673786 0.0982787 0.705913
0.621377 0.127629 0.675548 0.048589 0.65205 0.0879301
0.409756 0.504507 0.0418649 0.635893 0.128605 0.613435
0.667732 0.0838852 0.730433 0.0694867 0.717506 0.0861958
0.135957 0.625377 0.154074 0.636454 0.0507599 0.678219
0.71641 0.243194 0.62348 0.058338 0.658871 0.056233
0.133488 0.600423 0.100097 0.690408 0.0971399 0.648379
0.423788 0.550778 0.526143 0.419051 0.685554 0.0785644
0.403565 0.628661 0.127355 0.689646 0.0897375 0.674324
0.500491 0.43458 0.573023 0.22399 0.677125 0.0685976
0.211832 0.488375 0.0887581 0.663794 0.0573624 0.663272
0.450891 0.385024 0.66349 0.262138 0.703841 0.0603137
0.670343 0.0532794 0.679102 0.0597028 0.694887 0.0568445
0.320274 0.643199 0.298558 0.58175 0.122553 0.593869
0.387494 0.379652 0.414709 0.399728 0.613528 0.0389369
0.306923 0.442756 0.1276 0.693059 0.0463948 0.664853
0.339343 0.294779 0.687918 0.0889849 0.6794 0.0813023
0.615605 0.0652094 0.729141 0.0637275 0.655762 0.0408279
0.0802117 0.665692 0.0813515 0.687229 0.0973867 0.615416
0.671815 0.342149 0.649511 0.0241213 0.688954 0.0380376
0.613261 0.144554 0.67162 0.0584262 0.70052 0.0478025
0.647138 0.123201 0.684815 0.0915916 0.691016 0.0418409
0.226971 0.692558 0.0525574 0.586667 0.0694004 0.650189
0.2053 0.591826 0.0806512 0.713525 0.0966188 0.666876
0.629216 0.15443 0.710495 0.0655239 0.695306 0.0449949
0.636959 0.199039 0.647097 0.0591478 0.676717 0.0684663
0.26529 0.674739 0.115373 0.658378 0.082309 0.647377
0.473302 0.485588 0.669559 0.19521 0.686237 0.0377293
0.666529 0.225742 0.678205 0.0574573 0.676764 0.0532765
0.655627 0.091008 0.70224 0.0861491 0.657205 0.0439288
0.121429 0.578671 0.0641304 0.669823 0.0533855 0.612229
0.185858 0.609045 0.0953439 0.683029 0.106168 0.702468
0.208447 0.581578 0.046955 0.648824 0.0729049 0.649703
0.445242 0.418492 0.627614 0.0547197 0.695423 0.0549962
0.306488 0.20862 0.713295 0.0479016 0.64826 0.0343861
0.628613 0.402873 0.666504 0.0803357 0.682396 0.0700917
0.594229 0.132094 0.702348 0.0306674 0.719479 0.110202
0.317048 0.362011 0.128976 0.681582 0.0848831 0.68303
0.612708 0.14543 0.663678 0.0764085 0.652535 0.0631243
0.636623 0.352459 0.506207 0.470254 0.670845 0.122561
0.628186 0.0936207 0.689592 0.112635 0.696923 0.0831167
0.436572 0.569158 0.109858 0.649106 0.0973222 0.710956
0.357123 0.252663 0.665261 0.0845483 0.659997 0.0314775
0.329147 0.57375 0.0777373 0.715183 0.037138 0.64815
0.347436 0.642402 0.105639 0.710702 0.0591106 0.646225
0.644482 0.100004 0.639698 0.039944 0.702669 0.0692261
