0.439515 0.460547 0.626311 0.0469052 0.645023 0.0679454
0.594077 0.065303 0.673461 0.0556507 0.676868 0.113307
0.283367 0.637871 0.0503961 0.609782 0.137068 0.689486
0.200412 0.596361 0.14239 0.682403 0.105498 0.706072
0.475392 0.397436 0.569352 0.34185 0.683158 0.0401909
0.677551 0.141706 0.647843 0.0863308 0.680297 0.0765365
0.591599 0.27497 0.651115 0.0410559 0.7121 0.0604487
0.592721 0.200847 0.654412 0.0454515 0.64842 0.115407
0.411777 0.52395 0.147611 0.645588 0.0828435 0.662476
0.442935 0.463196 0.59161 0.35769 0.695213 0.0456987
0.597265 0.0824354 0.682727 0.0508955 0.717153 0.0778394
0.149856 0.578332 0.0882119 0.698656 0.0881297 0.660799
0.668051 0.21045 0.648984 0.0558302 0.644209 0.0740973
0.599303 0.262441 0.64449 0.0593518 0.651967 0.0812369
0.560328 0.413755 0.694888 0.10927 0.707733 0.0588767
0.182377 0.502996 0.088709 0.615301 0.0751155 0.586459
0.384949 0.187717 0.65708 0.0875472 0.704314 0.0660848
0.679396 0.0930949 0.69979 0.0366159 0.681282 0.103235
0.649682 0.0857693 0.649844 0.0459552 0.712868 0.0525614
0.638165 0.0716779 0.662224 0.0836577 0.640688 0.047582
0.543058 0.209148 0.60886 0.058098 0.707293 0.059572
0.352758 0.279841 0.649181 0.0976147 0.67054 0.0413927
0.483999 0.195073 0.676035 0.0550655 0.698263 0.0898026
0.608644 0.24967 0.682174 0.0797844 0.664426 0.0335427
0.593304 0.272264 0.684296 0.0846905 0.706473 0.0412166
0.546486 0.485767 0.59728 0.410527 0.676611 0.0799144
0.434868 0.3745 0.663021 0.0643524 0.699838 0.0580072
0.444034 0.482169 0.664826 0.0472653 0.62369 0.0269843
0.245563 0.410483 0.580657 0.46082 0.685185 0.0484354
0.399613 0.402362 0.626123 0.0368034 0.685921 0.0778533
0.337746 0.536007 0.453029 0.368576 0.660168 0.0693937
0.684854 0.0712443 0.705344 0.0881202 0.657919 0.0382486
0.534495 0.166777 0.658658 0.12577 0.694095 0.166211
0.249159 0.444813 0.0884322 0.685364 0.0861181 0.706838
0.62874 0.131173 0.685354 0.0646801 0.712765 0.0965384
0.641405 0.157009 0.6828 0.0538451 0.657545 0.086239
0.498776 0.424385 0.657787 0.0676109 0.610214 0.0478819
0.368728 0.565682 0.539412 0.260677 0.6013 0.0712728
0.545217 0.431775 0.629542 0.192588 0.694928 0.125919
0.705025 0.217462 0.643082 0.0440793 0.630336 0.0357819
0.471523 0.109241 0.621937 0.0542173 0.701973 0.0558631
0.442179 0.365851 0.674311 0.113852 0.637371 0.0403488
0.343243 0.501903 0.447534 0.656878 0.0871818 0.688903
0.148622 0.478569 0.145324 0.589056 0.100016 0.635037
0.551823 0.367381 0.684612 0.078495 0.65303 0.0541303
0.649494 0.071904 0.681432 0.0778488 0.69475 0.0327368
0.453429 0.288 0.62816 0.0844882 0.71859 0.0511401
0.1604 0.594783 0.105134 0.698593 0.118077 0.596442
0.167375 0.557847 0.0798685 0.644836 0.141103 0.685417
0.267546 0.637239 0.039222 0.684051 0.065231 0.632153
0.589266 0.215101 0.725744 0.102142 0.628084 0.0431488
0.694943 0.144057 0.634126 0.0492486 0.649512 0.0346878
0.341183 0.568951 0.0657358 0.609413 0.0783163 0.629221
0.283502 0.617774 0.138654 0.668372 0.0984348 0.691851
0.597601 0.2457 0.682154 0.106233 0.665639 0.061547
0.605919 0.328821 0.622555 0.0862723 0.715448 0.0860118
0.68521 0.141186 0.644575 0.051335 0.719755 0.0504754
0.630787 0.133711 0.702259 0.0440327 0.660376 0.0466459
0.670859 0.410892 0.673636 0.052478 0.660425 0.0281364
0.544268 0.272761 0.694557 0.0907933 0.622891 0.152522
0.421384 0.274794 0.713564 0.101126 0.678312 0.0881441
0.601695 0.241479 0.637912 0.0565665 0.663564 0.0267436
0.644198 0.114932 0.703074 0.108896 0.713043 0.0741749
0.621065 0.0912298 0.692581 0.104843 0.63916 0.0309079
0.550512 0.18124 0.69424 0.0649356 0.650178 0.0576915
0.273053 0.268401 0.682658 0.113443 0.684418 0.0811138
0.602832 0.355662 0.682024 0.102669 0.680856 0.0395151
0.487393 0.428078 0.663941 0.0897208 0.696314 0.150285
0.56299 0.274174 0.717405 0.104971 0.662845 0.0383592
0.558677 0.173222 0.712311 0.116367 0.708686 0.0632261
0.632377 0.0803834 0.625066 0.0585109 0.624298 0.0556077
0.607849 0.12169 0.652074 0.0448842 0.596532 0.0264739
0.292123 0.660281 0.139373 0.721209 0.0914194 0.700229
0.233313 0.553861 0.0649923 0.638807 0.0474307 0.687808
0.508089 0.338322 0.705687 0.0729502 0.679595 0.03875
0.492668 0.539824 0.510892 0.416968 0.676746 0.0348794
0.494653 0.354252 0.614262 0.13017 0.624496 0.0474933
0.642906 0.126368 0.663682 0.0504217 0.70638 0.0757803
0.687868 0.0903824 0.667556 0.074044 0.686948 0.0295886
0.235025 0.711291 0.130568 0.699147 0.0452723 0.602494
0.200248 0.562476 0.129514 0.706291 0.101824 0.702618
0.252692 0.20491 0.67924 0.11034 0.680818 0.0799788
0.428761 0.266888 0.688018 0.0763536 0.665813 0.0368863
0.670839 0.188402 0.720305 0.0731613 0.6823 0.0518764
0.655045 0.126147 0.66735 0.0928592 0.665636 0.0938382
0.270386 0.417721 0.12017 0.684876 0.089455 0.607501
0.295513 0.566644 0.114442 0.714057 0.150725 0.69048
0.397406 0.584423 0.544911 0.437347 0.685889 0.0466249
0.274296 0.658998 0.653145 0.0587525 0.673713 0.048694
0.686541 0.140492 0.675986 0.0593567 0.728007 0.0703474
0.0882742 0.587705 0.0930012 0.671132 0.0196169 0.66545
0.663348 0.0901721 0.716574 0.0742592 0.710551 0.0773805
0.68701 0.22286 0.688259 0.0701559 0.638769 0.0539774
0.485034 0.204607 0.597839 0.100417 0.666098 0.0762757
0.133018 0.628535 0.0533283 0.679363 0.0552521 0.694886
0.65568 0.128571 0.663115 0.0901121 0.656967 0.0218873
0.653543 0.40737 0.631545 0.37283 0.682857 0.0385443
0.58356 0.228051 0.656023 0.0595431 0.65053 0.0743953
0.638197 0.188761 0.728185 0.0617811 0.666122 0.0543262
0.495508 0.413908 0.694691 0.0763508 0.714307 0.0428298
0.699294 0.185149 0.688894 0.0632976 0.647298 0.0272931
0.652654 0.126594 0.698665 0.0543431 0.699173 0.0530061
0.153054 0.536788 0.0613978 0.682742 0.0630111 0.692707
0.552017 0.126412 0.57114 0.0480086 0.69624 0.0654012
0.479979 0.505666 0.599588 0.355123 0.717806 0.0791612
0.56806 0.342644 0.690393 0.0329959 0.713463 0.0470311
0.632613 0.0962196 0.688498 0.0560469 0.671435 0.066924
0.678996 0.092394 0.666881 0.134851 0.669502 0.0593226
0.60772 0.313448 0.640623 0.0591841 0.690594 0.0621561
0.247672 0.581336 0.0725647 0.714049 0.0552541 0.666028
0.595398 0.123846 0.673317 0.0648135 0.669243 0.0353674
0.208682 0.68903 0.13595 0.696889 0.0711347 0.673141
0.462564 0.456821 0.672012 0.0957931 0.628829 0.111507
0.5353 0.315777 0.653421 0.053866 0.657154 0.0406457
0.615984 0.157668 0.648702 0.0333315 0.692581 0.0856393
0.657441 0.0928997 0.665745 0.0571401 0.640827 0.0322523
0.255038 0.65983 0.0973391 0.699725 0.117495 0.660036
0.724954 0.109216 0.679084 0.0832113 0.680798 0.0585883
0.648591 0.075826 0.670043 0.099029 0.677063 0.0395002
0.557505 0.384557 0.670966 0.0307969 0.700913 0.0451213
0.624232 0.211589 0.699401 0.137734 0.683108 0.0325398
0.645049 0.0880494 0.657107 0.0574187 0.680441 0.0396726
0.480223 0.496638 0.60506 0.608409 0.613738 0.0386181
0.616886 0.319349 0.679692 0.0792985 0.664519 0.0653298
0.350977 0.622129 0.095945 0.661746 0.0707865 0.678486
0.476325 0.175344 0.652246 0.025092 0.684112 0.0921473
0.643244 0.109213 0.669241 0.0628752 0.691842 0.107608
0.529996 0.392636 0.611445 0.35399 0.613368 0.02855
0.3491 0.382707 0.595131 0.496078 0.674333 0.0879859
0.547448 0.217761 0.647599 0.0493024 0.634438 0.0565641
0.558407 0.241247 0.690026 0.102156 0.668611 0.130736
0.600323 0.373715 0.618749 0.0330184 0.66013 0.0340145
0.188143 0.665898 0.167413 0.639923 0.0586697 0.661347
0.664199 0.197341 0.665183 0.060092 0.713884 0.0931912
0.362156 0.536688 0.491693 0.548587 0.601238 0.124632
0.610353 0.269079 0.636423 0.0555939 0.655278 0.0751657
0.609231 0.121861 0.629953 0.0492 0.639803 0.0304105
0.372499 0.251266 0.628378 0.0552422 0.657002 0.0540684
0.417389 0.484295 0.701548 0.0783772 0.716692 0.0962428
0.362307 0.317287 0.698892 0.108896 0.659815 0.0475913
0.625704 0.139633 0.679309 0.0991156 0.709672 0.05461
0.677245 0.080393 0.692845 0.0586241 0.685001 0.0455114
0.330324 0.586247 0.219093 0.610466 0.10848 0.651159
0.688062 0.13529 0.671314 0.0945942 0.685033 0.0651653
0.574416 0.205131 0.616343 0.0296846 0.698454 0.0435136
0.109864 0.642975 0.336727 0.667268 0.0461174 0.627075
0.514824 0.38055 0.690774 0.0438734 0.634807 0.0343429
0.146436 0.666831 0.0734259 0.668297 0.0929457 0.642529
0.652227 0.17017 0.69288 0.0818849 0.632393 0.0459617
0.634468 0.22027 0.663822 0.0396132 0.655479 0.0405321
0.589021 0.297796 0.683929 0.05208 0.697423 0.161828
0.533579 0.229653 0.631702 0.0330192 0.66861 0.243104
0.543692 0.39922 0.593083 0.421216 0.717358 0.0768649
0.570824 0.350423 0.682118 0.0475943 0.702203 0.0835223
0.672453 0.147576 0.669666 0.0800174 0.675772 0.118118
0.461808 0.33709 0.693096 0.044469 0.67374 0.0827522
0.583951 0.235278 0.665703 0.0789456 0.721981 0.156805
0.664229 0.154992 0.714194 0.061218 0.695718 0.0297081
0.641389 0.289185 0.631847 0.0553862 0.672603 0.0295969
0.687577 0.0958477 0.706429 0.0957571 0.66601 0.0848506
0.0641841 0.603898 0.0770387 0.690071 0.0843627 0.682669
0.434895 0.492596 0.509511 0.5629 0.668605 0.0961113
0.539384 0.381111 0.631117 0.0763007 0.677323 0.0502194
0.623677 0.146586 0.677805 0.12236 0.659228 0.0619596
0.558594 0.412677 0.672156 0.054849 0.661936 0.041894
0.543028 0.304985 0.694086 0.052668 0.665153 0.0704593
0.432814 0.454618 0.515424 0.456087 0.636149 0.0647219
0.517488 0.338916 0.68577 0.056223 0.646151 0.05127
0.540483 0.286134 0.681375 0.112722 0.665071 0.0386211
0.396184 0.426764 0.606039 0.2804 0.690456 0.0631133
0.657666 0.131707 0.707479 0.0596741 0.726204 0.111692
0.665406 0.248166 0.666916 0.0481082 0.651688 0.0387613
0.341891 0.547951 0.076224 0.641743 0.054945 0.648649
0.686447 0.243816 0.683284 0.0428547 0.698171 0.0778895
0.12494 0.490229 0.0462126 0.637807 0.0338289 0.571716
0.362904 0.378085 0.689844 0.0251766 0.653143 0.0238242
0.701397 0.0674509 0.648719 0.0488575 0.684574 0.0656476
0.485155 0.335573 0.682802 0.0626948 0.637454 0.0986517
0.618447 0.100303 0.661243 0.0796977 0.659849 0.0946155
0.598589 0.141332 0.679693 0.0749579 0.70256 0.0530478
0.663267 0.168266 0.672848 0.0440736 0.697211 0.0748413
0.65471 0.089888 0.664439 0.0563373 0.686493 0.093734
0.354278 0.430608 0.428302 0.597869 0.691731 0.148377
0.101513 0.697932 0.062247 0.608445 0.0779254 0.650139
0.37858 0.172982 0.665398 0.0397433 0.722281 0.0760264
0.132201 0.643 0.0495833 0.674245 0.0688364 0.685815
0.550737 0.180286 0.676689 0.0343676 0.697475 0.0668943
0.551507 0.210102 0.691309 0.0810489 0.701074 0.0478079
0.624696 0.180601 0.69842 0.0696585 0.688805 0.101583
0.440558 0.45582 0.676226 0.11156 0.647933 0.0343579
0.371993 0.226074 0.713745 0.0887345 0.679935 0.0684477
0.285211 0.497039 0.0908259 0.627286 0.101691 0.6817
0.594035 0.43669 0.673923 0.0689968 0.682537 0.0564193
0.350175 0.451599 0.680551 0.171686 0.669782 0.0457751
0.675677 0.195654 0.677799 0.0444597 0.700286 0.0362036
0.674172 0.220684 0.67615 0.0833135 0.660237 0.0356491
0.637084 0.540385 0.618525 0.184307 0.70716 0.0776383
0.367747 0.318112 0.657738 0.0986563 0.712736 0.0673623
0.661338 0.0818519 0.700595 0.0619611 0.677697 0.0875441
0.658657 0.185777 0.647749 0.0818621 0.64186 0.0490907
0.627241 0.123849 0.660617 0.0518783 0.672754 0.0416234
0.124183 0.558102 0.0420459 0.636743 0.0626291 0.691486
0.622031 0.199659 0.704275 0.0652135 0.670777 0.0928639
0.655865 0.109875 0.65434 0.0896308 0.691995 0.0758075
0.0853707 0.649224 0.0713911 0.680731 0.119714 0.681948
0.668083 0.0796545 0.698301 0.0574413 0.638115 0.0624315
0.429075 0.421558 0.451407 0.511668 0.666541 0.0468693
0.281641 0.425575 0.681155 0.0913563 0.663364 0.125803
0.295286 0.652468 0.0733949 0.709957 0.0563934 0.66816
0.603199 0.41877 0.688737 0.0567071 0.693422 0.0620345
0.529084 0.186427 0.611901 0.0445954 0.619205 0.0508597
0.586104 0.219195 0.648475 0.0188852 0.723564 0.0445153
0.280046 0.669443 0.0415155 0.657493 0.100579 0.643779
0.30869 0.415673 0.584341 0.491367 0.651064 0.0400313
0.635447 0.10035 0.662136 0.0737432 0.639886 0.0744441
0.410774 0.243647 0.716357 0.0993596 0.640277 0.0563321
0.403216 0.484769 0.63224 0.351436 0.713996 0.0442719
0.658121 0.183382 0.687378 0.0668601 0.668902 0.0531929
0.657146 0.465216 0.49746 0.428379 0.607763 0.118672
0.703591 0.202909 0.614001 0.0333808 0.695514 0.02982
0.682499 0.275901 0.668964 0.312353 0.692847 0.0488359
0.581652 0.46287 0.664814 0.184969 0.637676 0.0581023
0.163784 0.625228 0.0731344 0.63027 0.0651552 0.690158
0.46256 0.414234 0.690357 0.0752665 0.650271 0.133609
0.665695 0.212936 0.655858 0.0256048 0.669611 0.0923426
0.671155 0.250555 0.695591 0.0537614 0.677835 0.0843391
0.42382 0.370871 0.695274 0.0732492 0.681133 0.0534842
0.193524 0.59928 0.16673 0.724309 0.0780432 0.648638
0.192772 0.670514 0.0937037 0.626229 0.0524392 0.653754
0.679687 0.16322 0.706913 0.11691 0.713064 0.0439489
0.669624 0.147338 0.612938 0.0460391 0.691808 0.0645048
0.474057 0.298945 0.659988 0.0563075 0.682642 0.0894426
0.635832 0.0631058 0.689867 0.16679 0.681731 0.0570396
0.263231 0.575593 0.165516 0.646952 0.106082 0.665447
0.61204 0.111427 0.668066 0.0742415 0.647517 0.0635002
0.401385 0.361856 0.587735 0.328736 0.715247 0.119897
0.165063 0.590501 0.0613871 0.644413 0.0729037 0.637783
0.416159 0.523032 0.58731 0.117666 0.638522 0.0335778
0.405971 0.644504 0.533095 0.372555 0.663772 0.0380614
0.130822 0.675127 0.0599639 0.698953 0.125964 0.656638
0.358428 0.653748 0.603231 0.321499 0.697101 0.0380283
0.402675 0.47609 0.624407 0.258515 0.682056 0.0476522
0.217341 0.572809 0.104006 0.685292 0.0506397 0.653156
0.632058 0.321557 0.598001 0.591384 0.651896 0.231374
0.340022 0.621184 0.0780025 0.68526 0.0581055 0.638906
0.0286233 0.588205 0.105497 0.682939 0.0622964 0.678003
0.651704 0.097844 0.693548 0.0687718 0.699038 0.0364833
0.666837 0.203349 0.714517 0.0478034 0.674601 0.0620432
0.387873 0.365305 0.685468 0.0645328 0.622799 0.0392462
0.569018 0.0821934 0.675147 0.0802524 0.632418 0.0393915
0.630677 0.169673 0.671443 0.0555421 0.679013 0.0537283
0.509811 0.0937345 0.719334 0.0689774 0.725557 0.076719
0.64718 0.209906 0.626812 0.0223172 0.691393 0.0730954
0.567544 0.307114 0.707232 0.0867559 0.732734 0.0656494
0.652797 0.146189 0.673157 0.0576128 0.665562 0.0683068
0.538105 0.249971 0.588606 0.0529776 0.613759 0.0285439
0.578964 0.457659 0.66845 0.154898 0.676218 0.0331677
0.667336 0.126718 0.707511 0.0489681 0.652263 0.0822158
0.593677 0.111804 0.644668 0.0546544 0.686782 0.0450658
0.495524 0.444741 0.485947 0.525132 0.712398 0.0353373
0.631322 0.23373 0.664795 0.0362364 0.643627 0.0478523
0.268575 0.581601 0.108709 0.564528 0.0339157 0.657527
0.483745 0.531784 0.529875 0.520013 0.723871 0.05092
0.577877 0.353313 0.723642 0.0758264 0.673211 0.0874803
0.234631 0.630599 0.054673 0.623285 0.0480179 0.680465
0.642168 0.23486 0.710517 0.0524784 0.703397 0.0681698
0.583211 0.15599 0.659084 0.0575364 0.695153 0.073301
0.551359 0.0545332 0.720051 0.0792548 0.670301 0.0484664
0.654312 0.179042 0.720763 0.074817 0.689582 0.091448
0.636295 0.196651 0.635716 0.0543775 0.696995 0.0875829
0.26498 0.646566 0.0572974 0.582015 0.0748113 0.632267
0.519636 0.428238 0.637849 0.0640343 0.687144 0.0550243
0.665442 0.115366 0.676804 0.0607255 0.65706 0.0986637
0.139079 0.695301 0.329419 0.670324 0.116032 0.650146
0.582122 0.318931 0.727454 0.0548594 0.680101 0.0719324
0.550923 0.122252 0.661449 0.0728761 0.714786 0.0457535
0.38423 0.490619 0.504026 0.429974 0.665534 0.0581582
0.57598 0.250174 0.700159 0.094703 0.591015 0.0576667
0.188705 0.662851 0.0653698 0.655108 0.0665674 0.629051
0.37043 0.541996 0.16187 0.683267 0.568596 0.500378
0.585827 0.118997 0.635699 0.0638895 0.586117 0.0552159
0.522584 0.338695 0.680481 0.0599481 0.684036 0.0730198
0.475638 0.475611 0.643513 0.0540466 0.696933 0.0530134
0.665731 0.0588471 0.675939 0.0900001 0.692178 0.060316
0.663797 0.215476 0.648318 0.0435841 0.664207 0.0634862
0.479777 0.440275 0.695198 0.14115 0.697477 0.123815
0.173523 0.63308 0.0509768 0.635153 0.0916198 0.607592
0.620463 0.145399 0.67376 0.0516285 0.605996 0.0265413
0.559878 0.247116 0.680675 0.100716 0.577365 0.037764
0.381195 0.437572 0.581814 0.487008 0.676713 0.0654488
0.630785 0.54762 0.675337 0.0972596 0.695121 0.0553301
0.413666 0.615374 0.604991 0.252404 0.701901 0.0939251
0.625752 0.0497127 0.660689 0.071139 0.688185 0.0628301
0.170997 0.475955 0.0636168 0.668791 0.0803855 0.688369
0.64539 0.102162 0.668888 0.0544698 0.696767 0.0540982
0.334897 0.650211 0.0424703 0.606446 0.0501821 0.656249
0.101139 0.70944 0.0397569 0.614519 0.0585625 0.652997
0.713454 0.180618 0.60521 0.0406717 0.712163 0.0771861
0.700958 0.231082 0.667416 0.0681462 0.617751 0.0709123
0.405264 0.493218 0.679065 0.148178 0.700145 0.0769981
0.607366 0.113647 0.668374 0.0619164 0.714622 0.0801252
0.6429 0.22316 0.666139 0.17601 0.676766 0.0468422
0.479258 0.453542 0.644931 0.179409 0.640481 0.0405368
0.65196 0.126793 0.700973 0.0419061 0.685403 0.0583768
0.691503 0.149356 0.659706 0.039666 0.721565 0.0712997
0.659322 0.176014 0.685751 0.0789236 0.685441 0.0620802
0.590626 0.069594 0.695489 0.113768 0.693839 0.104763
0.326461 0.445249 0.603825 0.18223 0.710877 0.113179
0.640139 0.136406 0.692979 0.057123 0.675719 0.065118
0.70827 0.0716066 0.688369 0.0868332 0.658069 0.0355371
0.735474 0.132266 0.661934 0.0723821 0.667036 0.0444553
0.170347 0.679017 0.0834687 0.652193 0.108639 0.652352
0.561729 0.472028 0.707769 0.443016 0.624412 0.164583
0.678005 0.0648732 0.626319 0.0418699 0.599748 0.0433265
0.17252 0.617791 0.160744 0.683556 0.0634075 0.64986
0.51919 0.157134 0.624356 0.0721836 0.681014 0.0486487
0.555799 0.519003 0.534596 0.45431 0.66754 0.031035
0.677517 0.106398 0.657276 0.0836245 0.580149 0.0436066
0.664948 0.124625 0.710746 0.148551 0.672217 0.104078
0.665765 0.155622 0.717979 0.0624316 0.712329 0.1342
0.54447 0.401214 0.665931 0.052421 0.661177 0.0693007
0.50347 0.356545 0.664342 0.0525353 0.655033 0.0791018
0.564287 0.227829 0.687274 0.0401736 0.632552 0.0603102
0.313116 0.552287 0.0595406 0.679315 0.192429 0.66865
0.542892 0.171124 0.692736 0.0759782 0.644697 0.0751139
0.66576 0.177047 0.717687 0.0661936 0.635499 0.0593207
0.183157 0.644534 0.119371 0.638702 0.0262678 0.608369
0.700012 0.113597 0.666273 0.0731737 0.620031 0.0276981
0.43669 0.52124 0.631658 0.151797 0.702755 0.0604798
0.42644 0.663496 0.0454872 0.670416 0.123666 0.664676
0.612001 0.20034 0.68376 0.130028 0.672469 0.0609646
0.649618 0.180036 0.686031 0.0324665 0.680165 0.0537621
0.577645 0.254308 0.636204 0.0358997 0.67535 0.039112
0.318738 0.555414 0.145559 0.681873 0.120196 0.67048
0.568603 0.535217 0.680169 0.0445719 0.677283 0.0711226
0.602592 0.195429 0.694159 0.0614032 0.679449 0.0995478
0.21109 0.625725 0.0433924 0.608149 0.040598 0.663007
0.707563 0.0650152 0.630196 0.0417575 0.712696 0.0534429
0.312286 0.402453 0.0958735 0.725669 0.108877 0.658511
0.1138 0.675162 0.101492 0.675176 0.0757871 0.682171
0.591155 0.175513 0.636434 0.0552308 0.673602 0.0815771
0.657055 0.17958 0.659779 0.0402334 0.615475 0.0402974
0.601045 0.267124 0.644654 0.0534647 0.612795 0.0603227
0.588297 0.41652 0.700201 0.162717 0.73611 0.0637767
0.684364 0.165603 0.6916 0.0631735 0.715102 0.0617007
0.399015 0.557927 0.56359 0.561183 0.653908 0.0942866
0.115525 0.64322 0.0733521 0.650517 0.0838179 0.670141
0.388986 0.531068 0.502308 0.353329 0.70361 0.112735
0.212973 0.490882 0.0953302 0.657904 0.123809 0.5642
0.494784 0.342198 0.718683 0.0829001 0.653907 0.0587025
0.627546 0.376071 0.631551 0.0451306 0.664831 0.0590265
0.385546 0.442754 0.660289 0.053365 0.562683 0.0284741
0.664331 0.116787 0.705785 0.059201 0.678302 0.0558871
0.620816 0.213308 0.710172 0.0613324 0.648935 0.05245
0.112278 0.579352 0.0704152 0.685263 0.185412 0.620876
0.544051 0.304166 0.663988 0.0292013 0.658657 0.0232575
0.415729 0.447808 0.682729 0.100693 0.696505 0.0886933
0.379946 0.257786 0.66653 0.0402175 0.737733 0.107309
0.69753 0.0865889 0.694858 0.0546383 0.584539 0.0270514
0.648817 0.110541 0.641484 0.0653824 0.708518 0.0969651
0.636281 0.123617 0.628066 0.0444849 0.637273 0.0795204
0.664272 0.094204 0.652918 0.0566524 0.701381 0.0745819
0.653899 0.20043 0.676413 0.101794 0.66305 0.0244969
0.641988 0.0626917 0.711207 0.0386696 0.671043 0.0242354
0.302056 0.611135 0.0640567 0.661808 0.179731 0.712328
0.595005 0.16082 0.692372 0.0901858 0.656592 0.0640649
0.622 0.1494 0.659618 0.0503303 0.666734 0.0486112
0.31707 0.543683 0.161389 0.715074 0.186247 0.605887
0.669305 0.0991258 0.690261 0.0991993 0.641769 0.0832479
0.363437 0.528056 0.58485 0.294853 0.662331 0.0306381
0.284956 0.411242 0.148251 0.64153 0.106099 0.658828
0.483629 0.323804 0.641298 0.0470429 0.662048 0.0420092
0.33272 0.646557 0.0507839 0.635215 0.056703 0.626359
0.561982 0.184515 0.649925 0.0554086 0.654232 0.0786468
0.557605 0.395924 0.680368 0.0765555 0.698574 0.0593129
0.44788 0.608585 0.654873 0.0540554 0.670939 0.113106
0.640613 0.11259 0.671408 0.0502273 0.704131 0.0850192
0.125004 0.647267 0.117949 0.722489 0.0880291 0.692775
0.478936 0.35827 0.67088 0.0513585 0.648211 0.050058
0.722833 0.199449 0.695769 0.0580376 0.666674 0.0631762
0.55073 0.291348 0.684338 0.0638203 0.684581 0.0276612
0.595779 0.281378 0.705546 0.111993 0.683354 0.03151
0.576853 0.187379 0.685688 0.0475303 0.716937 0.115417
0.657159 0.074661 0.678277 0.0427061 0.682378 0.0440753
0.628165 0.307457 0.713602 0.0601731 0.692168 0.0445556
0.30311 0.135542 0.604537 0.0244467 0.651695 0.0685949
0.643286 0.311211 0.679827 0.0553036 0.671132 0.0526215
0.639242 0.182684 0.631205 0.0544828 0.694063 0.0605775
0.650464 0.245568 0.710628 0.0786053 0.682809 0.0533222
0.560823 0.0783995 0.723341 0.0888168 0.678181 0.0513549
0.4757 0.185093 0.553651 0.0281795 0.701046 0.0880625
0.502191 0.44542 0.682303 0.11988 0.672207 0.0236371
0.648767 0.108312 0.63707 0.074446 0.677135 0.0368842
0.212077 0.45655 0.0892198 0.684169 0.0849604 0.646866
0.142497 0.58265 0.0737432 0.668707 0.101693 0.651162
0.598474 0.408588 0.692752 0.0634576 0.697354 0.0904156
0.60752 0.217783 0.698252 0.0956194 0.65016 0.0786789
0.688526 0.0415762 0.62885 0.0690131 0.680073 0.0579497
0.530727 0.409943 0.627283 0.0992529 0.666007 0.0641335
0.557814 0.111038 0.684143 0.0702459 0.686723 0.068205
0.57047 0.232078 0.648445 0.0621737 0.648625 0.0715971
0.609579 0.152274 0.708376 0.0853821 0.671562 0.0248123
0.640885 0.215654 0.70368 0.144127 0.656368 0.0416639
0.55797 0.205164 0.698555 0.0956718 0.668628 0.0754769
0.639805 0.271981 0.665965 0.0700838 0.645763 0.0279956
0.304036 0.667633 0.0979628 0.656799 0.0793173 0.703033
0.65995 0.272962 0.612941 0.0732584 0.694875 0.0701743
0.692475 0.0997383 0.664592 0.0345386 0.692011 0.0343201
0.550659 0.568006 0.671258 0.166673 0.698056 0.0266312
0.637681 0.477226 0.713947 0.0700448 0.668076 0.0534183
0.652624 0.402353 0.681741 0.0588046 0.691092 0.0525427
0.63371 0.180497 0.673068 0.039526 0.725746 0.0973465
0.602564 0.308908 0.679024 0.0889406 0.617372 0.0300707
0.44718 0.257182 0.724737 0.0731578 0.700031 0.0840805
0.5717 0.167579 0.683444 0.0573685 0.678585 0.113166
0.618874 0.40142 0.691789 0.134468 0.656612 0.0331214
0.22208 0.539936 0.0993561 0.658951 0.171687 0.705509
0.654918 0.170887 0.710611 0.0553788 0.639776 0.0456326
0.620846 0.279159 0.670923 0.0467353 0.685198 0.0956476
0.102597 0.347145 0.117124 0.664414 0.0684042 0.643324
0.670705 0.111805 0.670348 0.0896264 0.692168 0.0740732
0.522116 0.336357 0.661708 0.0539618 0.651378 0.0707558
0.393554 0.565526 0.372945 0.436439 0.645424 0.168586
0.540669 0.568849 0.534758 0.434366 0.670472 0.0620121
0.70044 0.182367 0.644881 0.0486213 0.633296 0.0325334
0.622436 0.197811 0.656363 0.0455911 0.615378 0.0605273
0.277061 0.592788 0.229339 0.690051 0.0614124 0.662324
0.672403 0.0664802 0.652772 0.046804 0.681673 0.0420984
0.628374 0.427629 0.7067 0.0402055 0.638214 0.0486243
0.665681 0.0961854 0.682805 0.0437716 0.65644 0.0345491
0.27966 0.39488 0.271827 0.422037 0.221785 0.683732
0.421541 0.389683 0.690442 0.108942 0.671753 0.0567527
0.433929 0.608545 0.668743 0.0627778 0.705234 0.0616156
0.57325 0.106173 0.691341 0.0160523 0.693902 0.0519185
0.207197 0.676164 0.105917 0.641485 0.0628051 0.66173
0.644003 0.163778 0.64798 0.0365071 0.661091 0.0563195
0.565517 0.182815 0.684825 0.136761 0.679936 0.0561001
0.534302 0.25056 0.666143 0.0466006 0.625803 0.0244094
0.673156 0.172397 0.661452 0.0321632 0.692406 0.0692665
0.359428 0.510937 0.714413 0.184657 0.667091 0.0345463
0.686026 0.297823 0.646868 0.0508659 0.671594 0.0711004
0.66611 0.136527 0.657688 0.0729396 0.687624 0.0726848
0.438101 0.431 0.602144 0.546705 0.715636 0.0625059
0.506431 0.382572 0.680994 0.131965 0.701681 0.0885816
0.670738 0.0910046 0.656798 0.0416744 0.644613 0.0566289
0.683374 0.222248 0.641479 0.0416053 0.653687 0.0610537
0.544862 0.424429 0.591563 0.135046 0.688774 0.0848677
0.592065 0.105826 0.70512 0.150745 0.621867 0.0371873
0.598249 0.120303 0.594013 0.0221425 0.677951 0.0626285
0.540386 0.282498 0.645622 0.0580897 0.614786 0.0364495
0.322626 0.309267 0.648321 0.0794654 0.706142 0.032454
0.578673 0.441633 0.647034 0.0722928 0.66516 0.0488562
0.510939 0.357037 0.693 0.168512 0.684803 0.0468116
0.68175 0.0751226 0.659801 0.0631001 0.658858 0.050673
0.61936 0.147618 0.692203 0.092796 0.684935 0.0606372
0.635265 0.247852 0.630855 0.0460869 0.664153 0.0790213
0.162493 0.514831 0.0924063 0.61429 0.128981 0.640221
0.208145 0.358655 0.0878291 0.617164 0.0997609 0.692316
0.622613 0.470079 0.587079 0.471342 0.67476 0.0391904
0.140189 0.622067 0.0975832 0.682079 0.0780325 0.667556
0.355526 0.281058 0.671159 0.11869 0.653362 0.065908
0.653719 0.21092 0.718124 0.0936933 0.628889 0.0491327
0.443895 0.340866 0.639635 0.0287589 0.669684 0.0615739
0.515431 0.253402 0.679722 0.0276047 0.719139 0.114111
0.114934 0.534439 0.106348 0.67135 0.0913379 0.598597
0.418617 0.280094 0.652081 0.0486406 0.693995 0.0362323
0.0591103 0.623171 0.0539483 0.636937 0.0863725 0.676901
0.195373 0.354284 0.0522296 0.655425 0.141017 0.718988
0.648428 0.299148 0.66016 0.0885561 0.664584 0.0623097
0.150743 0.59368 0.0784356 0.65208 0.108624 0.662799
0.582387 0.251753 0.713449 0.174769 0.716321 0.0482445
0.576784 0.173246 0.670092 0.0649405 0.665203 0.0418927
0.614287 0.179818 0.654589 0.0910963 0.652341 0.0364478
0.62698 0.225709 0.683004 0.0632807 0.651909 0.0431218
0.516288 0.210539 0.661896 0.0283983 0.685878 0.0331486
0.540861 0.604734 0.681709 0.0571087 0.720227 0.0466206
0.631208 0.323334 0.716755 0.09178 0.678867 0.100128
0.526489 0.436737 0.584747 0.0764344 0.695672 0.104825
0.622199 0.0602003 0.644538 0.0656723 0.68029 0.0770866
0.110585 0.661228 0.0629859 0.701542 0.046803 0.609812
0.418929 0.274706 0.613303 0.0313171 0.636081 0.0453829
0.26569 0.437347 0.222643 0.654244 0.0481034 0.629524
0.599151 0.130946 0.67695 0.0410704 0.671972 0.049203
0.361962 0.508846 0.669451 0.264589 0.675381 0.0778671
0.441694 0.376448 0.462944 0.308874 0.69125 0.0811363
0.358613 0.604567 0.083343 0.573175 0.130893 0.632459
0.610741 0.267345 0.695557 0.0886686 0.626996 0.0576486
0.656213 0.113494 0.674585 0.0474581 0.671902 0.0371313
0.616271 0.0907361 0.693374 0.0734088 0.683922 0.066114
0.493958 0.33122 0.717394 0.0577533 0.643256 0.0393956
0.618884 0.30252 0.687986 0.0554606 0.627082 0.031654
0.441738 0.502983 0.642545 0.0660935 0.653347 0.0443513
0.241929 0.583293 0.135238 0.663265 0.045553 0.66225
0.268107 0.466805 0.363724 0.519731 0.0980496 0.639982
0.262812 0.636034 0.0581992 0.61422 0.0656295 0.614878
0.395331 0.457444 0.514471 0.481493 0.676041 0.101658
0.196558 0.623949 0.0277324 0.613693 0.0785381 0.672144
0.185524 0.641975 0.0671909 0.670059 0.0793389 0.670803
0.592844 0.195371 0.675061 0.0282591 0.699226 0.0912161
0.519997 0.398251 0.56372 0.459654 0.654285 0.0267458
0.484013 0.364423 0.668045 0.0873178 0.67863 0.0776129
0.136234 0.219213 0.484903 0.560047 0.710172 0.0699929
0.322756 0.580317 0.0872882 0.690196 0.0961123 0.671286
0.190654 0.676369 0.101896 0.618519 0.0449688 0.617449
0.505074 0.587366 0.590663 0.401373 0.708361 0.0599744
0.565711 0.289492 0.700529 0.0375289 0.679277 0.0611199
0.5081 0.249616 0.67506 0.0579137 0.677663 0.0628441
0.137813 0.648211 0.0827769 0.6902 0.0550776 0.678974
0.644365 0.207376 0.67981 0.0246601 0.706162 0.0534584
0.107404 0.688451 0.150927 0.619739 0.0377311 0.699137
0.714802 0.191596 0.723842 0.109902 0.704145 0.0915051
0.566422 0.177065 0.666868 0.0814213 0.674393 0.0531707
0.65845 0.345733 0.652262 0.0392708 0.685984 0.0342305
0.143729 0.539217 0.193919 0.682936 0.0794932 0.698273
0.645997 0.11973 0.646941 0.0352964 0.693749 0.14406
0.0933042 0.598325 0.0992019 0.675061 0.0825331 0.641584
0.658192 0.201399 0.701994 0.0377659 0.718408 0.0564471
0.595979 0.10455 0.717561 0.0883663 0.662651 0.0629014
0.696153 0.232031 0.67093 0.0426042 0.674211 0.0433363
0.645867 0.129317 0.594773 0.031235 0.674919 0.0730426
0.628003 0.0550134 0.674075 0.0511525 0.660599 0.0210617
0.235648 0.597621 0.051173 0.643686 0.071045 0.680091
0.676496 0.151498 0.68499 0.0927728 0.66243 0.0432566
0.593426 0.278038 0.710393 0.0625045 0.668607 0.0400652
0.526312 0.148319 0.604531 0.0958481 0.701794 0.0471896
0.647567 0.179749 0.700499 0.0543973 0.709739 0.0563122
0.116081 0.549074 0.0576695 0.676307 0.0581109 0.658152
0.614638 0.0829226 0.614519 0.0714102 0.708332 0.0571506
0.160532 0.627209 0.131252 0.657424 0.0683457 0.616902
0.226438 0.522621 0.0681367 0.689594 0.137765 0.648175
0.255171 0.579172 0.0907046 0.664595 0.0219549 0.620532
0.581591 0.605739 0.587101 0.229211 0.674965 0.0622999
0.500738 0.24663 0.652157 0.0568596 0.697152 0.102217
0.273906 0.577887 0.0987396 0.658377 0.253215 0.710903
0.430909 0.558253 0.579837 0.458582 0.702579 0.0971675
0.618357 0.121426 0.717131 0.0529734 0.68414 0.0514532
0.505333 0.117383 0.698784 0.0526843 0.69381 0.0233507
0.628441 0.156032 0.669221 0.113745 0.701714 0.113357
0.265532 0.583761 0.0250351 0.594271 0.0591549 0.665515
0.511397 0.321294 0.651544 0.0723232 0.68556 0.0504891
0.444848 0.180303 0.674759 0.10242 0.67715 0.116844
0.602633 0.267458 0.703294 0.11604 0.708469 0.111676
0.262797 0.502036 0.0675799 0.625995 0.0933927 0.685765
0.0963632 0.686985 0.108946 0.664198 0.0742527 0.657204
0.651909 0.0874647 0.717717 0.0569426 0.61922 0.0843276
0.546637 0.470444 0.540776 0.578972 0.625686 0.0374069
0.666587 0.0917454 0.708772 0.0705093 0.657204 0.067317
0.594911 0.442847 0.663103 0.0824572 0.591346 0.0368029
0.579425 0.336233 0.670354 0.0284676 0.647003 0.0646665
0.630037 0.340127 0.672437 0.0405432 0.698282 0.064671
0.594794 0.12372 0.626222 0.0125985 0.682834 0.115802
0.0760682 0.580129 0.126686 0.626555 0.0502343 0.631294
0.298492 0.590087 0.133561 0.672201 0.0997769 0.646811
0.694325 0.200737 0.665206 0.0446571 0.70129 0.0820297
0.722274 0.292672 0.735092 0.0821181 0.6868 0.0744791
0.635609 0.156348 0.662327 0.0749357 0.67858 0.096203
0.41912 0.302279 0.694933 0.0416793 0.678201 0.071202
0.393618 0.215248 0.680269 0.0486816 0.698522 0.0538437
0.676284 0.131615 0.662067 0.0528408 0.69015 0.088584
0.514697 0.274885 0.706882 0.0898165 0.638261 0.0481878
0.639608 0.478161 0.242547 0.604028 0.133076 0.666579
0.301811 0.612696 0.0691686 0.655536 0.129854 0.690904
0.258321 0.461343 0.175463 0.647343 0.154385 0.649074
0.605596 0.419434 0.631966 0.0554851 0.675312 0.0446046
0.557028 0.490154 0.651875 0.118804 0.665012 0.0746
0.646005 0.073617 0.70149 0.0934155 0.648708 0.0635416
0.586374 0.188584 0.661528 0.0675029 0.686758 0.0401207
0.552133 0.460039 0.662299 0.0672867 0.654982 0.0603159
0.582111 0.188508 0.63153 0.0402478 0.701671 0.0742512
0.342136 0.323261 0.350397 0.520586 0.616082 0.170045
0.605508 0.136496 0.707656 0.0708551 0.697222 0.0697011
0.516797 0.544243 0.603892 0.552291 0.686874 0.0558527
0.624207 0.18065 0.665944 0.0597771 0.69471 0.0568463
0.624742 0.0935959 0.669104 0.119122 0.681713 0.0761594
0.5708 0.104558 0.694064 0.0686554 0.682545 0.0770284
0.277902 0.615786 0.0597127 0.690489 0.096696 0.696833
0.598636 0.214612 0.672565 0.0459011 0.680386 0.0291196
0.447803 0.360682 0.728229 0.193353 0.645845 0.0472605
0.550704 0.548717 0.580789 0.299767 0.649784 0.0406672
0.625996 0.156951 0.667874 0.0558255 0.692516 0.13074
0.701527 0.12467 0.652409 0.0387824 0.687265 0.0889316
0.151918 0.652069 0.0906197 0.655963 0.078627 0.635545
0.0972136 0.612124 0.172779 0.649798 0.0496331 0.613628
0.147886 0.626646 0.0673444 0.672447 0.0752823 0.674016
0.573704 0.398882 0.669429 0.213896 0.760932 0.0429791
0.482823 0.226101 0.672294 0.0419496 0.633508 0.0362484
0.63422 0.160914 0.641835 0.0598607 0.678503 0.0614217
0.696114 0.24221 0.67442 0.16959 0.665406 0.0369268
0.630157 0.250782 0.662835 0.0836602 0.666942 0.0614265
0.329352 0.447046 0.0832501 0.659134 0.211526 0.641493
0.507706 0.358952 0.633771 0.0942769 0.675628 0.0494002
0.678184 0.076441 0.730448 0.0991612 0.704991 0.0414108
0.587248 0.0226469 0.659855 0.0429155 0.664841 0.0556962
0.354967 0.560809 0.0714584 0.707689 0.114388 0.715988
0.601514 0.286104 0.674278 0.0646074 0.587583 0.0702664
0.548101 0.562534 0.51912 0.516834 0.711952 0.103268
0.700801 0.159162 0.713151 0.118237 0.698093 0.0539419
0.682303 0.193999 0.656873 0.0760307 0.69016 0.0965699
0.240287 0.532525 0.0739212 0.716294 0.0829568 0.653475
0.246877 0.527579 0.1484 0.632029 0.0692155 0.657741
0.446575 0.491762 0.645527 0.14031 0.700826 0.0470396
0.652976 0.246905 0.688386 0.0877301 0.657447 0.0475102
0.142052 0.669054 0.266996 0.592079 0.0420116 0.633132
0.589197 0.176235 0.660951 0.0946829 0.616821 0.0382218
0.120406 0.578844 0.225253 0.676979 0.0566431 0.677278
0.148456 0.633878 0.0461252 0.701073 0.0715191 0.663215
0.603073 0.111814 0.677342 0.030186 0.661288 0.0621967
0.609617 0.0782444 0.662482 0.0317132 0.618488 0.0674542
0.374805 0.318363 0.685539 0.119287 0.711777 0.0632656
0.6784 0.0646037 0.688959 0.0928372 0.613295 0.0419742
0.155925 0.62575 0.192926 0.694611 0.0864799 0.661627
0.634558 0.119892 0.683662 0.052696 0.615398 0.0384848
0.540256 0.515931 0.641867 0.395274 0.637916 0.124682
0.425354 0.389655 0.653224 0.106905 0.654758 0.0848508
0.437813 0.449339 0.556554 0.152453 0.705929 0.134742
0.581416 0.0668304 0.686255 0.0766362 0.670862 0.0694241
0.601226 0.12971 0.657789 0.0669212 0.701978 0.0641352
0.610343 0.152385 0.69408 0.0861482 0.69742 0.097188
0.371016 0.431926 0.242261 0.647614 0.0999876 0.67564
0.61442 0.144577 0.699657 0.0670084 0.610539 0.0393668
0.271557 0.398517 0.0420301 0.696047 0.153899 0.703356
0.472643 0.1634 0.662224 0.0847417 0.658957 0.0314721
0.145578 0.616111 0.0800053 0.710927 0.143455 0.661319
0.652043 0.174729 0.665153 0.065588 0.651425 0.133464
0.626431 0.10767 0.68419 0.0677145 0.663264 0.0478315
0.162145 0.688285 0.0956137 0.666348 0.0673229 0.617078
0.669183 0.165613 0.661744 0.048999 0.703115 0.112434
0.707256 0.11835 0.661333 0.0549607 0.631436 0.0780993
0.400169 0.208918 0.671697 0.0421473 0.676353 0.0770365
0.527849 0.213133 0.656932 0.0712071 0.704509 0.058139
0.661635 0.197377 0.671764 0.0350868 0.658854 0.084126
0.151912 0.683019 0.122809 0.680479 0.132372 0.668335
0.302366 0.0905588 0.664049 0.044986 0.685761 0.057529
0.680004 0.142775 0.652107 0.0905574 0.637035 0.0368326
0.502394 0.226292 0.673609 0.0440094 0.662731 0.0467545
0.521456 0.531896 0.681321 0.0511655 0.703478 0.0868176
0.678216 0.294498 0.69875 0.0541748 0.704688 0.0335098
0.538398 0.382915 0.665001 0.0430663 0.686317 0.0568324
0.246533 0.500346 0.090846 0.628528 0.0879476 0.625352
0.388606 0.248648 0.662607 0.0629022 0.683879 0.0814859
0.295381 0.17791 0.643467 0.0458502 0.679546 0.0645557
0.540802 0.163458 0.667704 0.0500599 0.622619 0.0559721
0.368408 0.594048 0.519246 0.502628 0.696783 0.0741159
0.648795 0.157393 0.678688 0.055021 0.634595 0.0576959
0.662767 0.158834 0.647335 0.0796332 0.656289 0.0807686
0.6491 0.260574 0.65161 0.0651461 0.644359 0.038547
0.177529 0.602423 0.0558034 0.613241 0.0991958 0.660195
0.647604 0.133773 0.603193 0.0249375 0.674203 0.0454531
0.238144 0.569681 0.0992133 0.724962 0.0642731 0.672595
0.494277 0.45502 0.702534 0.0748992 0.682886 0.0564353
0.119359 0.646986 0.0321313 0.632244 0.116156 0.657542
0.689948 0.112176 0.680819 0.178057 0.706295 0.114486
0.493134 0.277895 0.711201 0.157083 0.672324 0.0674583
0.648788 0.101038 0.712093 0.0870479 0.659376 0.060017
0.422376 0.541791 0.606902 0.473808 0.627542 0.0445356
0.340403 0.458922 0.524096 0.55765 0.656411 0.104702
0.673769 0.202722 0.66461 0.0565916 0.73089 0.0843877
0.684542 0.206911 0.70041 0.0855565 0.645053 0.0406857
0.640368 0.189909 0.695912 0.0717299 0.705689 0.078817
0.616354 0.190074 0.647811 0.0761959 0.645607 0.152088
0.321423 0.339156 0.637451 0.0162628 0.663028 0.031618
0.534664 0.174728 0.672256 0.0915414 0.709968 0.0606928
0.694499 0.182501 0.674113 0.0605915 0.691452 0.0337811
0.0603221 0.615929 0.0839858 0.678309 0.0875594 0.670369
0.165339 0.555561 0.0766057 0.617206 0.166961 0.719671
0.389627 0.222616 0.599191 0.023313 0.633782 0.0269943
0.466445 0.53167 0.516203 0.313159 0.654005 0.157753
0.277732 0.240108 0.595653 0.571261 0.692133 0.0685463
0.583836 0.176937 0.688795 0.0399429 0.660993 0.0291344
0.66484 0.301038 0.646068 0.121373 0.672572 0.0347664
0.635468 0.213915 0.69016 0.0933764 0.668678 0.0542519
0.451731 0.378855 0.670666 0.0495718 0.71134 0.123927
0.127658 0.497729 0.121647 0.632053 0.142526 0.714364
0.563755 0.433065 0.421618 0.571912 0.0563246 0.649448
0.46667 0.228696 0.703096 0.122882 0.675276 0.0798093
0.612617 0.565116 0.618352 0.202746 0.719045 0.103372
0.579232 0.139023 0.65536 0.0319329 0.663907 0.0501292
0.102171 0.642655 0.1043 0.656418 0.062049 0.656198
0.584277 0.123463 0.715316 0.0556251 0.663151 0.0545816
0.7006 0.134929 0.672974 0.0368921 0.689693 0.0485913
0.577238 0.179189 0.629629 0.0526495 0.684323 0.0461421
0.563661 0.0953058 0.617992 0.0739614 0.630752 0.0649181
0.193698 0.576084 0.0897696 0.663198 0.117547 0.643229
0.571983 0.239939 0.681268 0.0710624 0.64843 0.0295752
0.245621 0.584368 0.0688996 0.61126 0.0600905 0.674828
0.631102 0.179657 0.675156 0.0592555 0.665027 0.0717972
0.660037 0.215945 0.682996 0.196829 0.651381 0.0381413
0.516935 0.2403 0.674956 0.0520573 0.681378 0.0689739
0.535479 0.234395 0.677604 0.0329768 0.669825 0.0858795
0.571684 0.105666 0.651675 0.079116 0.609203 0.0393542
0.509099 0.391914 0.661922 0.0326212 0.688867 0.0625681
0.605977 0.46691 0.660344 0.0491489 0.660299 0.0358206
0.491241 0.442187 0.664551 0.186165 0.682472 0.0640258
0.620363 0.172456 0.67001 0.0538279 0.685327 0.0849862
0.628263 0.277051 0.633407 0.0426304 0.634285 0.0645067
0.541182 0.27984 0.586793 0.518056 0.678882 0.102907
0.628563 0.13814 0.701815 0.0274805 0.670041 0.0488893
0.643107 0.0713226 0.675131 0.0399071 0.649123 0.040115
0.434273 0.386727 0.473167 0.446519 0.631483 0.0382472
0.588005 0.165451 0.672982 0.060594 0.665296 0.103136
0.691237 0.111426 0.684941 0.0954355 0.686764 0.0609042
0.440404 0.252189 0.631746 0.0841764 0.731748 0.0611179
0.451292 0.254198 0.572248 0.0191892 0.638944 0.0619824
0.373804 0.42259 0.570587 0.382793 0.609097 0.384471
0.608652 0.317662 0.660915 0.0426261 0.631342 0.02762
0.305376 0.589643 0.0831599 0.66315 0.0574128 0.643351
0.675235 0.139935 0.68582 0.0268963 0.690425 0.0726103
0.548453 0.357347 0.631305 0.0238291 0.638873 0.07481
0.533235 0.202733 0.662441 0.0661072 0.682051 0.0375941
0.502287 0.221809 0.670234 0.0679484 0.635298 0.0436658
0.623707 0.179576 0.690428 0.102066 0.672094 0.0337125
0.365152 0.324519 0.630705 0.0653219 0.673311 0.102579
0.268398 0.464295 0.0564297 0.592235 0.0938549 0.631807
0.366457 0.669821 0.450488 0.599213 0.634219 0.367242
0.624366 0.10553 0.657133 0.0354376 0.677117 0.0302521
0.113663 0.627657 0.116944 0.634041 0.105453 0.678382
0.258304 0.647688 0.135838 0.699405 0.126729 0.657821
0.279898 0.220551 0.635743 0.408807 0.656682 0.0609711
0.64772 0.147384 0.671367 0.106325 0.670436 0.06536
0.678299 0.180227 0.666047 0.0482647 0.683754 0.0696646
0.0809682 0.640803 0.0724436 0.680484 0.0705275 0.693653
0.351497 0.410847 0.653523 0.366626 0.6821 0.0466622
0.572222 0.260503 0.674354 0.0659349 0.667654 0.0786479
0.482758 0.308668 0.671064 0.0510168 0.617708 0.0641309
0.624956 0.244002 0.683446 0.0391198 0.717486 0.104652
0.0911993 0.678804 0.09568 0.722081 0.167021 0.677342
0.454659 0.42688 0.71124 0.102491 0.701318 0.076431
0.644728 0.247162 0.682439 0.0629191 0.659321 0.0331339
0.55547 0.0659859 0.707068 0.0750151 0.683273 0.0596924
0.374546 0.537493 0.0509644 0.680047 0.0399105 0.657554
0.60828 0.255359 0.672386 0.0464555 0.684168 0.0619232
0.533463 0.363542 0.702219 0.0771773 0.69856 0.0708849
0.67313 0.195873 0.6908 0.101607 0.659659 0.0419843
0.17533 0.588187 0.0459985 0.667689 0.105516 0.7115
0.583425 0.204112 0.688853 0.0526107 0.65316 0.0408012
0.647056 0.160224 0.665574 0.0263079 0.704459 0.049472
0.599686 0.484998 0.700433 0.107962 0.678686 0.107156
0.526899 0.348822 0.672902 0.0585738 0.664918 0.0546654
0.610514 0.339618 0.658159 0.0905795 0.635855 0.0181958
0.60924 0.34727 0.670129 0.0191606 0.668243 0.0310354
0.665183 0.122487 0.663242 0.0520957 0.72045 0.0930255
0.666044 0.126959 0.683982 0.0569877 0.634498 0.0581595
0.665522 0.0979424 0.707494 0.108773 0.684083 0.0601037
0.617501 0.224461 0.71402 0.0630966 0.671505 0.0392107
0.592361 0.254451 0.639439 0.129358 0.687485 0.0584067
0.439444 0.475231 0.537507 0.50622 0.693107 0.0855468
0.240982 0.518397 0.084696 0.657527 0.0615418 0.680409
0.644627 0.279197 0.694527 0.116292 0.68437 0.043955
0.403971 0.252774 0.677586 0.0977834 0.6628 0.0986306
0.624217 0.454547 0.69596 0.190055 0.740752 0.0890028
0.582615 0.217505 0.642444 0.115142 0.68401 0.049933
0.17686 0.666618 0.0840409 0.677757 0.0517186 0.658404
0.191173 0.666589 0.0970966 0.634322 0.0474459 0.646782
0.520489 0.502754 0.607071 0.291603 0.692094 0.0741468
0.673823 0.15442 0.709 0.0403183 0.684623 0.041759
0.652989 0.0999428 0.701048 0.139877 0.658935 0.0504847
0.636245 0.0526115 0.711071 0.0876746 0.714842 0.15374
0.672482 0.188461 0.642914 0.0417074 0.705305 0.0972464
0.653044 0.164493 0.720259 0.0551915 0.690273 0.0739097
0.669958 0.173385 0.687973 0.117305 0.690677 0.0693348
0.552365 0.361814 0.632873 0.038315 0.692831 0.0655609
0.0609204 0.650616 0.0372848 0.640588 0.0429915 0.605129
0.588138 0.181682 0.596585 0.0344291 0.694342 0.0350883
0.518217 0.210558 0.66054 0.0555493 0.659459 0.0430621
0.652825 0.148028 0.702269 0.0541297 0.633387 0.0640627
0.233631 0.654906 0.0694037 0.673363 0.125506 0.654758
0.508153 0.433257 0.652291 0.0443865 0.647386 0.0529141
0.623685 0.177561 0.620319 0.0672529 0.681687 0.048742
0.586567 0.192587 0.66676 0.0841957 0.659803 0.0334652
0.267474 0.635209 0.104263 0.641933 0.178072 0.695018
0.482157 0.108482 0.705332 0.0542561 0.66297 0.0504551
0.662235 0.174399 0.649213 0.048936 0.679706 0.0607371
0.54715 0.586101 0.65923 0.17715 0.684482 0.0318828
0.710581 0.046222 0.642948 0.0735216 0.665088 0.044071
0.686602 0.156127 0.637521 0.0484726 0.691843 0.0621336
0.66036 0.336486 0.659974 0.0376588 0.700862 0.0700517
0.541857 0.269308 0.63868 0.0564165 0.661967 0.0725668
0.628162 0.086295 0.695846 0.0500366 0.668321 0.0996769
0.230838 0.406398 0.510919 0.355803 0.711587 0.0372908
0.331386 0.539555 0.700853 0.553873 0.64567 0.141017
0.616146 0.143564 0.695507 0.0942489 0.664526 0.0458205
0.701412 0.107616 0.647144 0.0320907 0.697762 0.06898
0.587132 0.298695 0.716211 0.0755381 0.693797 0.126463
0.446352 0.366777 0.688303 0.0764759 0.674075 0.059196
0.43878 0.460202 0.473068 0.430891 0.643725 0.0573711
0.684538 0.152361 0.659887 0.0772597 0.67415 0.0546365
0.667478 0.150668 0.694366 0.0997113 0.613233 0.0408153
0.468244 0.42982 0.650242 0.0740377 0.620087 0.0550998
0.529356 0.446219 0.552531 0.038603 0.699608 0.0731061
0.579866 0.239718 0.671088 0.0513398 0.688445 0.0772801
0.103987 0.692651 0.0864999 0.66122 0.0567776 0.629801
0.634133 0.213274 0.659468 0.0448011 0.662037 0.0747279
0.514283 0.184369 0.727315 0.0726391 0.675484 0.0657213
0.634504 0.157372 0.697769 0.0919777 0.701487 0.0750986
0.452192 0.283364 0.646484 0.0634975 0.682053 0.0247859
0.348007 0.542503 0.0457708 0.657907 0.0235689 0.67708
0.427723 0.278845 0.742079 0.0929111 0.660896 0.0597881
0.416535 0.561504 0.541766 0.352622 0.670501 0.157919
0.638721 0.326426 0.662875 0.0561228 0.680806 0.0301316
0.549795 0.223215 0.698801 0.0676619 0.701804 0.0618886
0.63222 0.213768 0.651879 0.0596537 0.674732 0.0403162
0.636997 0.5293 0.699978 0.0884356 0.663227 0.0685649
0.619107 0.146156 0.638647 0.0396469 0.701852 0.0613155
0.589294 0.0921598 0.687087 0.101282 0.689258 0.0521527
0.588191 0.0987912 0.694678 0.0866868 0.630796 0.0219135
0.434412 0.557914 0.639135 0.202869 0.660579 0.0533934
0.258122 0.559407 0.0707604 0.608247 0.112022 0.665369
0.486143 0.200879 0.677168 0.0659125 0.700534 0.0597491
0.494705 0.206851 0.664182 0.143823 0.676962 0.078328
0.669481 0.119499 0.659189 0.0526102 0.692469 0.0489103
0.658265 0.165117 0.643374 0.0280019 0.657878 0.0767699
0.679346 0.136357 0.703319 0.039965 0.676464 0.0555579
0.357977 0.629293 0.115631 0.649663 0.0698036 0.66732
0.493911 0.247314 0.670223 0.0970339 0.694617 0.0582146
0.657595 0.17857 0.63396 0.039663 0.655905 0.042916
0.442702 0.436961 0.60975 0.250267 0.667523 0.078494
0.530585 0.454935 0.63182 0.0832049 0.684032 0.063313
0.552062 0.420451 0.714595 0.0662691 0.731416 0.130298
0.615219 0.281073 0.711177 0.0646015 0.629131 0.0441859
0.308422 0.511141 0.0737674 0.697131 0.0694645 0.662125
0.544652 0.377905 0.699312 0.0634366 0.702099 0.0426949
0.442229 0.447477 0.678987 0.0577332 0.701731 0.0658234
0.352579 0.450195 0.615581 0.27561 0.694985 0.0305379
0.334988 0.524643 0.219394 0.644081 0.178797 0.650529
0.331266 0.604167 0.0884523 0.663876 0.0654158 0.657393
0.405881 0.0757524 0.673368 0.0925804 0.663886 0.0435547
0.166596 0.27765 0.31192 0.651541 0.0808631 0.634861
0.648408 0.258482 0.640385 0.0384322 0.726632 0.0999999
0.63027 0.249138 0.719959 0.0979138 0.717193 0.0644055
0.589862 0.492751 0.674901 0.0657506 0.701154 0.0781299
0.383439 0.292364 0.676118 0.0482713 0.640564 0.0449578
0.663443 0.225248 0.645657 0.0533654 0.65986 0.0606295
0.492486 0.454272 0.672691 0.100366 0.666337 0.0618704
0.364891 0.503308 0.615174 0.313269 0.656481 0.0857243
0.641185 0.134763 0.711155 0.105029 0.605186 0.0696355
0.663327 0.190404 0.703678 0.115635 0.620096 0.0316324
0.594416 0.17085 0.682015 0.0803296 0.699915 0.0842056
0.632709 0.134482 0.703543 0.0563001 0.713039 0.0461209
0.643502 0.353971 0.495386 0.379843 0.714847 0.0880807
0.368873 0.364533 0.690628 0.0860532 0.656128 0.0548189
0.244696 0.650005 0.0552564 0.654822 0.12009 0.652014
0.497851 0.288787 0.610946 0.454597 0.647426 0.0573474
0.66196 0.181679 0.66113 0.0557865 0.638125 0.0342699
0.30563 0.376871 0.163155 0.628733 0.114682 0.641629
0.614421 0.100464 0.685675 0.0698512 0.71946 0.0828168
0.402415 0.222774 0.709204 0.0772235 0.688988 0.0673124
0.0973407 0.615108 0.0614961 0.672117 0.272924 0.651636
0.687079 0.242204 0.660898 0.0250068 0.700153 0.0687852
0.563551 0.20272 0.703791 0.109071 0.654006 0.0574786
0.208338 0.512917 0.0681058 0.62007 0.211471 0.652408
0.521576 0.362513 0.668856 0.0783058 0.721477 0.0851093
0.682425 0.0812092 0.656249 0.0259285 0.70015 0.0641073
0.589575 0.193043 0.713428 0.0567182 0.667711 0.0543542
0.604586 0.355758 0.62286 0.0296424 0.65992 0.0431681
0.600315 0.159982 0.685592 0.165 0.63467 0.0848025
0.610233 0.277043 0.701681 0.108297 0.685904 0.0820656
0.642431 0.109092 0.677266 0.0714009 0.615384 0.0671828
0.100934 0.581674 0.135788 0.587503 0.0602569 0.669056
0.5787 0.223383 0.650165 0.0517987 0.656962 0.0655488
0.219436 0.561844 0.0419469 0.565134 0.050631 0.6202
0.659874 0.100286 0.656191 0.0522276 0.673357 0.0342251
0.642329 0.15675 0.665063 0.0294749 0.625425 0.0400315
0.190166 0.428867 0.0791847 0.628232 0.137077 0.67236
0.707151 0.115824 0.641308 0.0636784 0.677539 0.0405642
0.610844 0.268398 0.670831 0.0771315 0.707083 0.0832814
0.301817 0.591561 0.039396 0.639626 0.141897 0.65976
0.457831 0.613588 0.532079 0.60136 0.388769 0.479638
0.655629 0.203231 0.718703 0.0685399 0.704132 0.0603533
0.692972 0.222995 0.698549 0.071987 0.665713 0.0326619
0.397806 0.615676 0.31501 0.62852 0.224405 0.600981
0.606054 0.0810351 0.698474 0.0484278 0.720307 0.0951492
0.211808 0.652983 0.0874644 0.710701 0.0614583 0.654944
0.296933 0.571033 0.0651888 0.633562 0.0609381 0.645267
0.591606 0.310706 0.671623 0.0573426 0.691333 0.0708875
0.638361 0.104153 0.693474 0.0664637 0.724796 0.0873236
0.638731 0.28784 0.679986 0.0759403 0.672258 0.0708871
0.182046 0.496406 0.0994405 0.677402 0.114796 0.639073
0.391646 0.535616 0.635147 0.145031 0.679908 0.0590661
0.443079 0.406233 0.710027 0.0531747 0.645397 0.0272982
0.481646 0.0936384 0.680784 0.0635321 0.681171 0.0599159
0.641929 0.162824 0.676564 0.0429683 0.692432 0.0635919
0.6783 0.274598 0.674894 0.0620384 0.61206 0.0221569
0.656652 0.192212 0.645066 0.0313316 0.688461 0.0596756
0.647152 0.235505 0.690319 0.158613 0.689295 0.0943909
0.232806 0.507136 0.131838 0.66891 0.0229443 0.582592
0.225113 0.409162 0.0601926 0.689324 0.0655874 0.625469
0.640812 0.10335 0.653206 0.075423 0.632665 0.0248815
0.655619 0.249059 0.684806 0.0397514 0.709534 0.0846035
0.319358 0.355912 0.600076 0.130576 0.64332 0.047388
0.586203 0.285279 0.677157 0.0862926 0.638415 0.0519692
0.460787 0.315146 0.640227 0.120703 0.671644 0.017313
0.206072 0.700587 0.11417 0.641949 0.118947 0.693807
0.452278 0.342295 0.650498 0.049931 0.667655 0.0531863
0.497911 0.326807 0.679461 0.124908 0.649918 0.0891954
0.262102 0.547516 0.673187 0.160056 0.589822 0.0450305
0.519093 0.236468 0.673249 0.183483 0.671078 0.0378841
0.270752 0.634103 0.140328 0.65959 0.077444 0.647377
0.621268 0.127539 0.697159 0.0309131 0.67892 0.103907
0.334419 0.567124 0.116157 0.652348 0.114961 0.687054
0.637668 0.0962287 0.66569 0.06626 0.696757 0.0347214
0.0902981 0.64622 0.0654175 0.565766 0.136014 0.586514
0.389573 0.578246 0.562458 0.485675 0.68256 0.102663
0.672787 0.123856 0.688795 0.0421036 0.648488 0.033984
0.611236 0.334773 0.721293 0.0558865 0.692799 0.0805096
0.690498 0.175698 0.688637 0.0719969 0.637725 0.0296304
0.516522 0.532415 0.532689 0.505655 0.662258 0.0737685
0.522758 0.452792 0.657729 0.0515501 0.650813 0.0330814
0.288468 0.393355 0.133962 0.566652 0.11319 0.708191
0.396782 0.428085 0.696396 0.189953 0.679314 0.0660916
0.640235 0.176361 0.678159 0.0534572 0.645184 0.0562832
0.601507 0.190585 0.676236 0.0298111 0.669268 0.0783753
0.0487345 0.599422 0.122517 0.704026 0.116317 0.633254
0.470124 0.233895 0.66749 0.032734 0.673244 0.0409631
0.325103 0.62356 0.562765 0.607777 0.67172 0.0905244
0.215963 0.430334 0.0727777 0.647006 0.0800162 0.690875
0.545483 0.211067 0.649188 0.0484604 0.687253 0.110922
0.637079 0.242993 0.69713 0.0384587 0.731788 0.163532
0.69444 0.26199 0.634629 0.0412907 0.653698 0.0684838
0.634182 0.0743169 0.694747 0.101672 0.571028 0.0710588
0.606532 0.555163 0.685262 0.0853044 0.6833 0.0323639
0.290424 0.641444 0.0627991 0.632824 0.0770303 0.66778
0.163097 0.703975 0.125339 0.675168 0.156514 0.656401
0.534127 0.425339 0.700632 0.0771338 0.656243 0.204947
0.563881 0.197198 0.627836 0.0660174 0.689004 0.0500136
0.627623 0.110965 0.62875 0.0552828 0.660572 0.129265
0.316192 0.559997 0.0789662 0.673508 0.176538 0.730961
0.336094 0.470901 0.602101 0.430589 0.693862 0.0806766
0.198393 0.407589 0.298561 0.604467 0.102643 0.614292
0.572964 0.114594 0.610905 0.0714217 0.685257 0.0619953
0.531272 0.268343 0.629662 0.0393952 0.678675 0.0708969
0.426633 0.180105 0.683745 0.0923112 0.687816 0.0949602
0.573899 0.232469 0.647515 0.034321 0.666179 0.0356808
0.262268 0.646727 0.0772241 0.693357 0.084494 0.684603
0.650994 0.259984 0.66796 0.0948218 0.66912 0.0413422
0.62979 0.0973773 0.659056 0.0635059 0.662072 0.0836079
0.561949 0.484181 0.679148 0.0458786 0.703952 0.120698
0.269986 0.58901 0.0665942 0.580606 0.0792896 0.656505
0.186984 0.621378 0.0904601 0.678016 0.123916 0.66226
0.265786 0.186993 0.663109 0.0431479 0.609754 0.0428455
0.220858 0.545017 0.0552764 0.658364 0.0705957 0.656354
0.513467 0.427572 0.689011 0.0862182 0.694007 0.0691903
0.653363 0.100292 0.657656 0.105216 0.698587 0.104555
0.609307 0.228796 0.660181 0.0600216 0.718411 0.0491741
0.363661 0.577645 0.112805 0.624124 0.090788 0.654249
0.265817 0.513995 0.522211 0.396586 0.659681 0.13184
0.40305 0.29248 0.63819 0.120555 0.60599 0.0392367
0.0795774 0.64037 0.129219 0.723939 0.0517462 0.643695
0.586141 0.168577 0.676721 0.0712892 0.669211 0.0775808
0.37025 0.612013 0.0814482 0.634977 0.0521943 0.626034
0.610377 0.273192 0.656524 0.0825891 0.691593 0.041579
0.697802 0.113279 0.583123 0.0397026 0.586836 0.0363627
0.656747 0.0666978 0.70082 0.0566467 0.617928 0.0322665
0.638748 0.209512 0.715566 0.0683142 0.695077 0.102336
0.514456 0.57325 0.631281 0.195529 0.592398 0.0297308
0.630585 0.124965 0.720138 0.100972 0.696999 0.0785627
0.606159 0.301964 0.651665 0.0529832 0.692247 0.0756099
0.275967 0.557655 0.0819001 0.618211 0.0814786 0.638517
0.61056 0.580074 0.649818 0.287202 0.675419 0.0660916
0.649077 0.0783411 0.698665 0.0324312 0.732808 0.0591027
0.647134 0.0377173 0.708077 0.0895199 0.682434 0.0779373
0.592109 0.187094 0.70336 0.0554223 0.597365 0.0193848
0.431603 0.272419 0.653859 0.0311868 0.72035 0.0903767
0.172936 0.522851 0.0946573 0.608914 0.096557 0.685005
0.569382 0.140757 0.674947 0.0234217 0.672284 0.0468496
0.369079 0.506914 0.635506 0.207811 0.720248 0.0693738
0.579425 0.121912 0.688849 0.126917 0.646889 0.0699272
0.677214 0.0838099 0.694201 0.072411 0.651541 0.0627246
0.627502 0.264548 0.67171 0.0285821 0.709038 0.101123
0.139244 0.673265 0.0683482 0.658878 0.135361 0.661258
0.564199 0.274946 0.719665 0.0496366 0.646966 0.0544661
0.515796 0.441981 0.565753 0.0613342 0.72343 0.09356
0.469944 0.149705 0.646134 0.0438974 0.649062 0.0512965
0.194382 0.56338 0.144752 0.640593 0.136507 0.637376
0.541825 0.213945 0.652253 0.024816 0.605174 0.0527899
0.669143 0.111087 0.661107 0.0746691 0.694906 0.0715117
0.641773 0.297665 0.646232 0.047593 0.638747 0.0338856
0.622173 0.239791 0.666792 0.0455248 0.697573 0.0989961
0.598761 0.445327 0.665207 0.156429 0.690628 0.102767
0.708432 0.303611 0.694654 0.0292902 0.623123 0.0176668
0.638675 0.0949731 0.713213 0.0863944 0.692466 0.0565746
0.319636 0.573735 0.520828 0.418751 0.637952 0.0326785
0.570146 0.40247 0.562298 0.56436 0.688322 0.0287595
0.653184 0.118758 0.674601 0.0418727 0.69376 0.0910404
0.590284 0.363332 0.72806 0.0461449 0.699822 0.0895348
0.471075 0.216637 0.678472 0.079428 0.678549 0.0801748
0.391823 0.536736 0.071958 0.681405 0.113343 0.663771
0.6745 0.0794357 0.670643 0.056361 0.671487 0.0243397
0.405328 0.61926 0.246777 0.644969 0.142334 0.68531
0.554522 0.542704 0.702261 0.0512536 0.629723 0.0766009
0.522728 0.321015 0.668292 0.0652785 0.680491 0.0664162
0.336915 0.504791 0.0557307 0.634434 0.0552741 0.651651
0.638476 0.108959 0.677509 0.0631273 0.667368 0.0433773
0.629099 0.223165 0.690721 0.0786315 0.667735 0.0922184
0.558761 0.594088 0.683288 0.161107 0.67302 0.0529317
0.592154 0.305097 0.674481 0.0441974 0.68504 0.0457996
0.37225 0.350012 0.555032 0.220927 0.677004 0.0739255
0.491535 0.499325 0.685076 0.203823 0.674131 0.0449395
0.637301 0.188104 0.721687 0.0807596 0.690871 0.0884598
0.313639 0.64791 0.168886 0.637661 0.242427 0.680432
0.306522 0.524565 0.110423 0.704582 0.0782642 0.616406
