0.340142 0.556665 0.0743368 0.655616 0.0569691 0.690243
0.376731 0.512655 0.159387 0.627556 0.0656452 0.63094
0.132685 0.652106 0.0519199 0.608507 0.0470835 0.624761
0.5673 0.221398 0.703908 0.0639324 0.684499 0.0600129
0.260378 0.658102 0.0210386 0.600935 0.0778944 0.656678
0.694465 0.214999 0.714332 0.0498911 0.688611 0.0582793
0.100788 0.598881 0.0997344 0.642712 0.0740503 0.657813
0.63814 0.230862 0.623391 0.0340727 0.670604 0.0766703
0.628559 0.0821211 0.702919 0.0822305 0.677384 0.0941807
0.263552 0.617359 0.10541 0.652785 0.103744 0.724062
0.694308 0.377162 0.67251 0.0601926 0.706396 0.0582637
0.476298 0.405494 0.577479 0.0537991 0.647425 0.0281995
0.685219 0.104744 0.659135 0.0460097 0.695522 0.0613216
0.632771 0.12853 0.649399 0.0675646 0.666098 0.0852034
0.245068 0.471829 0.0790698 0.655551 0.0463944 0.604306
0.635357 0.0909733 0.733641 0.0713584 0.65716 0.0286035
0.587034 0.220239 0.683858 0.0709376 0.704475 0.078695
0.426393 0.484031 0.46543 0.492737 0.684093 0.0377457
0.46528 0.386249 0.563281 0.375468 0.644652 0.0707328
0.375434 0.526887 0.620103 0.423772 0.696317 0.0749118
0.357033 0.669989 0.0979661 0.696718 0.0960813 0.671121
0.644406 0.0454478 0.693865 0.0957644 0.658096 0.0842362
0.676642 0.0966458 0.675352 0.0325934 0.671361 0.0552217
0.287652 0.627865 0.0605673 0.680454 0.159088 0.680684
0.500444 0.414402 0.657602 0.099212 0.666066 0.0541515
0.320178 0.595681 0.151725 0.593649 0.133392 0.650779
0.639284 0.275462 0.665675 0.11032 0.646056 0.069974
0.625142 0.0449291 0.677583 0.0476045 0.685024 0.117402
0.657262 0.152776 0.704655 0.104696 0.688237 0.0370025
0.544528 0.246025 0.704123 0.114358 0.696919 0.0777616
0.492276 0.517822 0.696908 0.0968911 0.666504 0.0757192
0.476847 0.572852 0.0904343 0.621396 0.0669854 0.729714
0.269288 0.379607 0.109234 0.675213 0.0918075 0.704055
0.675141 0.061883 0.620572 0.0344754 0.69306 0.096546
0.612261 0.118473 0.666579 0.0376318 0.634184 0.0406033
0.206739 0.627165 0.540751 0.34251 0.679484 0.0326456
0.544648 0.227861 0.699688 0.0737083 0.685863 0.0403006
0.381735 0.30856 0.62996 0.0691803 0.697866 0.0585573
0.454017 0.435689 0.467074 0.454412 0.633787 0.0691004
0.58384 0.112463 0.612257 0.0483853 0.66566 0.125561
0.463843 0.549071 0.641545 0.245784 0.648761 0.0797789
0.663051 0.330813 0.680135 0.0773732 0.622091 0.0366272
0.460875 0.19452 0.678388 0.0514774 0.699299 0.111838
0.671566 0.206817 0.698795 0.0439528 0.673973 0.0299433
0.598524 0.343027 0.620293 0.179211 0.679191 0.0564765
0.560428 0.242885 0.672904 0.0701536 0.696413 0.064619
0.44045 0.334586 0.708389 0.0871244 0.605987 0.0410287
0.690842 0.30636 0.647877 0.0922227 0.712566 0.0763286
0.285424 0.591923 0.161148 0.613842 0.134392 0.6925
0.652146 0.0513507 0.664932 0.111827 0.682527 0.0464897
0.527075 0.434527 0.610232 0.0652347 0.674383 0.0553
0.677561 0.246552 0.602686 0.039896 0.682433 0.0766091
0.67009 0.219088 0.695856 0.0424356 0.656484 0.0399173
0.444538 0.418871 0.693179 0.139779 0.647438 0.0324102
0.624746 0.330997 0.669484 0.0462588 0.677837 0.0628285
0.496317 0.496312 0.654991 0.0895567 0.688662 0.0657262
0.353303 0.673194 0.0827496 0.675213 0.0425101 0.672064
0.610089 0.15643 0.682933 0.0825379 0.702816 0.119259
0.473822 0.629103 0.503981 0.453458 0.674359 0.0507691
0.618531 0.127145 0.696067 0.0557037 0.684713 0.0651578
0.54431 0.140594 0.668322 0.0200991 0.642355 0.0459359
0.62964 0.12131 0.672453 0.031114 0.656605 0.0843629
0.631223 0.160898 0.700899 0.0814371 0.669919 0.0291849
0.0925289 0.642483 0.112016 0.69043 0.108814 0.572908
0.582363 0.13154 0.648918 0.0493013 0.67979 0.0555455
0.603208 0.199833 0.672455 0.064738 0.707598 0.0487233
0.543032 0.127684 0.700484 0.0581563 0.692887 0.0307146
0.276859 0.300328 0.645367 0.0714845 0.663808 0.0234281
0.214553 0.555194 0.191753 0.696332 0.106345 0.691473
0.118196 0.678636 0.0945651 0.705244 0.0928631 0.615123
0.622781 0.498869 0.445722 0.531735 0.679334 0.0677935
0.25948 0.309821 0.469501 0.468879 0.704785 0.116348
0.426157 0.201721 0.690187 0.0860162 0.695479 0.0581384
0.308786 0.509158 0.092274 0.683471 0.0808118 0.665186
0.246522 0.446311 0.131862 0.680901 0.0780492 0.701735
0.709094 0.108014 0.677959 0.049408 0.649325 0.0476769
0.576902 0.0709031 0.683198 0.0562162 0.652171 0.0312138
0.21303 0.667274 0.0507118 0.616343 0.256224 0.659161
0.53487 0.19133 0.66089 0.0712066 0.703177 0.0615903
0.583399 0.17146 0.610651 0.0845179 0.661976 0.0547112
0.589244 0.254166 0.655838 0.0596516 0.681686 0.0601998
0.222252 0.561896 0.140609 0.711202 0.0748252 0.678629
0.621659 0.171244 0.648615 0.0689364 0.642126 0.0368622
0.127857 0.647862 0.0507143 0.650702 0.0441906 0.678255
0.462756 0.400872 0.712082 0.0952814 0.680144 0.0930218
0.653063 0.253083 0.679249 0.0310164 0.65952 0.136813
0.129283 0.519164 0.0812193 0.697886 0.132079 0.667066
0.204843 0.581714 0.0605116 0.706821 0.0701835 0.670747
0.506614 0.199281 0.683794 0.0823618 0.67501 0.0692005
0.627847 0.0997582 0.643699 0.0387994 0.7116 0.0313715
0.18262 0.417879 0.0923322 0.691046 0.0592655 0.667003
0.526336 0.390723 0.620671 0.38526 0.637598 0.0243308
0.119611 0.679068 0.0872442 0.635313 0.0792799 0.679954
0.65108 0.11992 0.679565 0.0458978 0.719098 0.0693173
0.69615 0.137858 0.662722 0.0656219 0.708964 0.0411801
0.0999169 0.595692 0.112617 0.731091 0.061685 0.691306
0.663509 0.0741761 0.695509 0.12634 0.675265 0.0398631
0.0943782 0.659401 0.0563801 0.663016 0.0728436 0.684056
0.468656 0.540502 0.220631 0.621063 0.132071 0.695644
0.672911 0.0944342 0.686805 0.0431867 0.638271 0.0203034
0.581718 0.292848 0.600902 0.0440744 0.687654 0.105149
0.652103 0.0935655 0.65454 0.0218605 0.64769 0.0611428
0.272192 0.601352 0.0586236 0.665593 0.182746 0.635817
0.444235 0.351975 0.633699 0.184655 0.693531 0.103677
0.641976 0.139565 0.662368 0.0400747 0.688798 0.0709498
0.149513 0.670579 0.0776191 0.684943 0.0773537 0.707057
0.596645 0.0770789 0.637908 0.0678344 0.654109 0.052865
0.553793 0.182496 0.63304 0.0520098 0.657284 0.0529867
0.47563 0.444262 0.721029 0.0815048 0.666746 0.0506528
0.685557 0.112439 0.653816 0.0740866 0.6824 0.0321103
0.454055 0.37086 0.700064 0.0551602 0.69436 0.0362982
0.675405 0.0752399 0.7071 0.0487181 0.656444 0.05354
0.452051 0.530792 0.369178 0.529376 0.0529076 0.657139
0.637202 0.138654 0.683168 0.0415958 0.690326 0.0353187
0.300179 0.629473 0.145283 0.640707 0.0799638 0.687075
0.327333 0.415516 0.149416 0.706427 0.111023 0.650464
0.60785 0.224455 0.650515 0.0561856 0.663313 0.0693381
0.132571 0.578018 0.0458586 0.716452 0.0483487 0.593802
0.524907 0.20049 0.699095 0.192136 0.669697 0.0741095
0.645182 0.224939 0.665691 0.100843 0.695054 0.0458883
0.665709 0.178711 0.696542 0.0835975 0.679405 0.0261296
0.563163 0.551847 0.592558 0.21853 0.647396 0.0642944
0.163131 0.671113 0.0385937 0.67754 0.0603814 0.64684
0.658676 0.213023 0.674105 0.0430975 0.717106 0.0954396
0.611575 0.0914096 0.667432 0.107211 0.677184 0.0617009
0.237495 0.605555 0.0868665 0.647479 0.0551012 0.625084
0.617908 0.15276 0.684184 0.088475 0.625688 0.101877
0.464361 0.325991 0.699379 0.0446997 0.672056 0.0792484
0.552656 0.152065 0.679002 0.064263 0.65758 0.0858876
0.633192 0.360354 0.690017 0.03125 0.675322 0.0946067
0.242001 0.429851 0.52813 0.620426 0.576289 0.490393
0.171405 0.659707 0.0863114 0.695957 0.0936435 0.605064
0.694472 0.118647 0.687502 0.0635022 0.656186 0.0323078
0.634731 0.0880143 0.61304 0.059257 0.688721 0.0512665
0.592134 0.357006 0.695688 0.0871288 0.596021 0.06346
0.146007 0.632503 0.0546317 0.672633 0.138009 0.593175
0.496402 0.593269 0.655772 0.364104 0.703001 0.103003
0.533526 0.168358 0.686614 0.093545 0.691205 0.0381756
0.318257 0.314081 0.710402 0.0581145 0.655078 0.0448033
0.591523 0.212485 0.685954 0.114461 0.700506 0.0414605
0.19947 0.663994 0.110277 0.678124 0.0792375 0.640382
0.545809 0.112462 0.670807 0.0836989 0.704516 0.0705184
0.64544 0.127003 0.636308 0.0533486 0.681916 0.0743079
0.635568 0.287379 0.69907 0.0521425 0.686691 0.0299817
0.634301 0.116086 0.594441 0.0679967 0.672932 0.0788976
0.530115 0.357926 0.651814 0.15048 0.696711 0.0530338
0.418112 0.402035 0.681043 0.0484527 0.613343 0.0447179
0.704732 0.0873311 0.64212 0.0619396 0.666371 0.0220812
0.397544 0.632196 0.452211 0.539397 0.593643 0.106258
0.57651 0.107178 0.683432 0.0772621 0.642038 0.0339707
0.520565 0.293698 0.691472 0.0609826 0.731548 0.0779351
0.624996 0.291824 0.65353 0.082345 0.685303 0.0563001
0.609497 0.0701541 0.664468 0.0373964 0.654747 0.0462245
0.601471 0.593636 0.701152 0.0596942 0.681117 0.0693975
0.43053 0.129016 0.652344 0.0711459 0.692999 0.0394006
0.646156 0.139855 0.723635 0.0955876 0.688219 0.171833
0.44343 0.594482 0.607443 0.428011 0.715029 0.0863969
0.562925 0.272945 0.680122 0.0963547 0.622738 0.0272105
0.504824 0.434118 0.643713 0.292346 0.698455 0.0896795
0.638187 0.228745 0.685708 0.0717363 0.695837 0.0427407
0.538208 0.311977 0.704841 0.0815662 0.685505 0.0573496
0.307102 0.614412 0.0980842 0.705665 0.0521865 0.606053
0.332623 0.48588 0.545218 0.395456 0.666498 0.0532214
0.680769 0.0806735 0.690952 0.096702 0.637772 0.0775193
0.656452 0.0848072 0.712896 0.0848981 0.688091 0.0714835
0.339659 0.44225 0.516349 0.58307 0.693437 0.425534
0.47986 0.556503 0.108692 0.680372 0.0652555 0.581134
0.273667 0.592737 0.0689085 0.662508 0.0511603 0.655582
0.351151 0.560776 0.509659 0.666239 0.597947 0.0663436
0.247246 0.566791 0.164854 0.653317 0.119534 0.642647
0.677193 0.122496 0.674722 0.0592526 0.668453 0.0632866
0.512286 0.153954 0.633655 0.051512 0.643708 0.023069
0.623672 0.307605 0.684757 0.0434374 0.680805 0.0560235
0.627661 0.12557 0.702892 0.198334 0.676726 0.0543752
0.623463 0.152556 0.691092 0.0268882 0.650986 0.0671368
0.220526 0.525158 0.0721556 0.630811 0.056989 0.659069
0.194455 0.659271 0.0577251 0.646436 0.0656356 0.66255
0.651564 0.116417 0.684619 0.0402215 0.673414 0.107644
0.495079 0.674618 0.62074 0.236723 0.606983 0.0541242
0.652212 0.0794413 0.678052 0.0513507 0.70416 0.0665054
0.617859 0.190635 0.670659 0.0667141 0.669729 0.04741
0.379562 0.437059 0.0630594 0.697274 0.119124 0.661038
0.656939 0.0774508 0.691257 0.107381 0.688643 0.061713
0.293597 0.632198 0.0546174 0.678283 0.126459 0.689977
0.524014 0.211929 0.648432 0.0412212 0.635651 0.0248972
0.55379 0.486283 0.676914 0.127421 0.637942 0.089206
0.620446 0.193205 0.648672 0.0597706 0.68659 0.0920536
0.654894 0.0854362 0.665807 0.0729892 0.62299 0.0288789
0.579394 0.151154 0.647937 0.0458813 0.68901 0.0410315
0.0795061 0.669656 0.0402872 0.650085 0.0590932 0.633233
0.521181 0.362634 0.676361 0.0845854 0.70025 0.0480116
0.661264 0.0591973 0.693057 0.0847544 0.703505 0.127265
0.453612 0.643075 0.481293 0.212354 0.643079 0.0642598
0.283092 0.566462 0.0708617 0.637659 0.0437991 0.653533
0.416919 0.274503 0.678805 0.0704877 0.675713 0.05325
0.655227 0.277371 0.616911 0.0506513 0.613019 0.0421682
0.484407 0.101768 0.695321 0.0334175 0.662019 0.0689938
0.596374 0.318054 0.688964 0.0850101 0.686006 0.0763428
0.378122 0.50861 0.0416415 0.573124 0.0407137 0.657639
0.518437 0.515724 0.574441 0.225361 0.669987 0.0290458
0.649654 0.234995 0.678358 0.0889095 0.648019 0.103173
0.137186 0.637506 0.0923618 0.663597 0.100963 0.710684
0.596332 0.0777807 0.662147 0.0476782 0.654495 0.0707994
0.459728 0.404649 0.457711 0.600554 0.64745 0.279009
0.560919 0.136067 0.720793 0.089221 0.710315 0.0582238
0.626525 0.184502 0.692429 0.092994 0.680966 0.0875583
0.426181 0.473233 0.439259 0.508777 0.63806 0.064049
0.575783 0.219371 0.728667 0.0756083 0.670473 0.0400451
0.583575 0.226391 0.699695 0.0669151 0.649934 0.0465362
0.471686 0.229714 0.669496 0.0571322 0.662607 0.0557574
0.0588404 0.64872 0.0500318 0.690634 0.0343441 0.671196
0.598914 0.132669 0.668853 0.0725585 0.684707 0.109777
0.588495 0.12624 0.665947 0.0629855 0.64525 0.0763575
0.652065 0.0941587 0.633569 0.0366516 0.665113 0.0711913
0.299002 0.521707 0.0615309 0.667956 0.0460534 0.659346
0.586262 0.324968 0.668249 0.060198 0.610324 0.0399546
0.556929 0.207511 0.694409 0.0954392 0.701091 0.0492686
0.694171 0.120415 0.700776 0.0378118 0.643245 0.0250581
0.44074 0.337553 0.650114 0.117497 0.679927 0.0928616
0.120615 0.668919 0.0382983 0.635446 0.0906833 0.624328
0.65651 0.115037 0.703811 0.138409 0.65435 0.050465
0.532368 0.455959 0.631888 0.2283 0.667962 0.0551515
0.251106 0.451101 0.0901662 0.619536 0.0848068 0.650244
0.706211 0.133912 0.716348 0.202065 0.683353 0.103973
0.29612 0.471356 0.148201 0.681409 0.0772308 0.653933
0.588387 0.100739 0.691279 0.112023 0.684095 0.0724632
0.634129 0.379664 0.677132 0.0487231 0.65296 0.0669683
0.591914 0.125575 0.629777 0.117077 0.697254 0.0749648
0.457745 0.265234 0.635962 0.0181228 0.691106 0.0716063
0.565015 0.490945 0.608256 0.199976 0.666355 0.0564186
0.686359 0.196852 0.589021 0.0344034 0.649685 0.0475786
0.657496 0.0817175 0.682179 0.0627778 0.655844 0.0516088
0.624755 0.0647913 0.698096 0.0639264 0.679009 0.0423033
0.59182 0.131371 0.738406 0.144265 0.69075 0.0727516
0.442995 0.268773 0.646988 0.106887 0.605406 0.090315
0.666687 0.121099 0.659054 0.0400357 0.695098 0.101995
0.700659 0.0669378 0.652799 0.0259023 0.627855 0.0258026
0.655663 0.0677623 0.672443 0.0422448 0.663182 0.0356217
0.657377 0.267634 0.633708 0.0284632 0.668067 0.0560943
0.473032 0.519923 0.524691 0.641704 0.608102 0.472761
0.15238 0.386491 0.0895442 0.667579 0.0570706 0.701683
0.627122 0.41434 0.572489 0.560085 0.675974 0.0282179
0.551017 0.403924 0.667319 0.0254789 0.669314 0.0764187
0.673697 0.142917 0.691739 0.0808784 0.690106 0.0993729
0.316069 0.460504 0.564863 0.343882 0.693971 0.061882
0.581165 0.0889756 0.716565 0.0264642 0.668413 0.0785065
0.629893 0.122861 0.710461 0.101882 0.679785 0.0498965
0.427432 0.234894 0.65218 0.0286167 0.703889 0.0865403
0.662582 0.187787 0.628912 0.0834726 0.677392 0.0794669
0.426719 0.429331 0.688993 0.0555405 0.690932 0.0327948
0.562714 0.238317 0.648057 0.0551816 0.697564 0.0602797
0.282236 0.26533 0.705369 0.10502 0.670224 0.0487566
0.670057 0.107478 0.630679 0.0328162 0.692268 0.0529209
0.688697 0.100042 0.708942 0.106799 0.672981 0.0289736
0.527544 0.421021 0.588821 0.398561 0.711094 0.0848865
0.643223 0.237862 0.713969 0.04614 0.715566 0.07469
0.623784 0.249517 0.677086 0.0568817 0.677457 0.127667
0.283089 0.643052 0.0682137 0.670008 0.0391192 0.688561
0.500539 0.39903 0.659937 0.0941887 0.677513 0.0780807
0.520281 0.233328 0.685526 0.0479133 0.694618 0.0959751
0.575528 0.15365 0.644145 0.0458192 0.629309 0.0470455
0.616139 0.0527162 0.62312 0.0414066 0.694727 0.0212326
0.178456 0.647078 0.0636915 0.625355 0.191428 0.694254
0.637772 0.156878 0.686453 0.0816737 0.609821 0.0394134
0.609186 0.108898 0.636869 0.0384202 0.632022 0.0403766
0.551497 0.131487 0.653249 0.0902825 0.67905 0.0667635
0.576638 0.468421 0.672027 0.120922 0.701791 0.0696305
0.159643 0.708418 0.18878 0.690143 0.060013 0.653283
0.651137 0.0581486 0.661713 0.0456655 0.668795 0.0708163
0.295599 0.431506 0.136823 0.69322 0.0310898 0.669804
0.560654 0.285109 0.717462 0.0927511 0.718309 0.053738
0.383741 0.386995 0.469618 0.463683 0.690578 0.0593277
0.293641 0.598054 0.031602 0.658232 0.0775391 0.638381
0.724247 0.108912 0.692254 0.033211 0.681119 0.0486759
0.628465 0.104324 0.652142 0.133212 0.668002 0.0563379
0.538322 0.28592 0.644999 0.0676451 0.6251 0.0598162
0.657072 0.231946 0.705546 0.0493471 0.671422 0.0779218
0.29075 0.438497 0.482622 0.554191 0.668033 0.0464141
0.619334 0.100121 0.624113 0.0432434 0.641336 0.0662839
0.612475 0.191193 0.721458 0.0852249 0.708099 0.0817319
0.438308 0.191266 0.683718 0.0924733 0.644501 0.0626471
0.664235 0.0658226 0.647953 0.0815432 0.683532 0.0715055
0.587764 0.609017 0.45992 0.481627 0.569834 0.239383
0.355546 0.479482 0.628014 0.236104 0.674739 0.0444173
0.432058 0.4343 0.547441 0.402161 0.668358 0.0362138
0.439293 0.22823 0.652097 0.0717406 0.656552 0.106038
0.698126 0.184976 0.688107 0.0875955 0.645943 0.0521211
0.62222 0.218831 0.675278 0.0302033 0.654306 0.0426778
0.39409 0.638648 0.6751 0.281034 0.678599 0.0819477
0.601784 0.0672894 0.676882 0.0832026 0.676907 0.0506224
0.618104 0.164846 0.673992 0.164482 0.678203 0.0708334
0.631351 0.317691 0.721247 0.19149 0.66024 0.0531402
0.542173 0.457111 0.677298 0.0746237 0.666274 0.0298167
0.380248 0.373222 0.57756 0.0609901 0.673647 0.0677642
0.184853 0.543694 0.0910402 0.69369 0.114718 0.644857
0.192788 0.561575 0.105371 0.65668 0.0581975 0.692573
0.452221 0.579593 0.610856 0.270353 0.676748 0.0188477
0.61232 0.424261 0.689386 0.0553034 0.616837 0.0637084
0.261808 0.414047 0.49069 0.483528 0.690212 0.105813
0.439931 0.505696 0.564526 0.0440098 0.657112 0.0437406
0.532874 0.342975 0.641937 0.0670898 0.659865 0.0424955
0.607503 0.266882 0.614392 0.0332808 0.641424 0.056463
0.610287 0.167956 0.65926 0.0718502 0.608078 0.0363647
0.535101 0.265746 0.667975 0.0769106 0.651048 0.0442529
0.199664 0.660207 0.0741247 0.635951 0.0968127 0.69715
0.10311 0.551912 0.0427243 0.574089 0.119077 0.689968
0.634663 0.151262 0.685948 0.059252 0.676349 0.0471524
0.619844 0.237698 0.683503 0.0773329 0.649148 0.052287
0.341081 0.526043 0.620533 0.625262 0.666011 0.047877
0.6299 0.0763289 0.687186 0.0460753 0.612876 0.0346793
0.65019 0.188876 0.638267 0.0962438 0.641534 0.0940772
0.342446 0.614906 0.0456386 0.665847 0.129019 0.637249
0.540869 0.36325 0.654166 0.076993 0.654974 0.0454903
0.615576 0.356455 0.701756 0.0773107 0.653335 0.0358882
0.261052 0.546414 0.103394 0.622262 0.307036 0.676128
0.570009 0.218742 0.661216 0.0792142 0.685535 0.0683422
0.592908 0.473149 0.648211 0.0538922 0.673514 0.0700574
0.497444 0.419663 0.635338 0.0974909 0.682784 0.0575952
0.603581 0.395314 0.690745 0.0772996 0.662165 0.0936861
0.425305 0.328991 0.676389 0.142842 0.728988 0.067506
0.687022 0.255614 0.659208 0.048278 0.66252 0.0533707
0.583108 0.362935 0.658717 0.0470338 0.660087 0.0303975
0.541 0.470196 0.68556 0.0592105 0.661756 0.0511733
0.227167 0.35003 0.132901 0.708107 0.0870414 0.674779
0.69242 0.0878159 0.670859 0.122038 0.694191 0.0454855
0.675587 0.13732 0.650823 0.03762 0.669927 0.0624069
0.354182 0.548791 0.575222 0.325247 0.666818 0.0528803
0.618 0.12598 0.679666 0.0529626 0.636684 0.0584963
0.119873 0.59844 0.0962786 0.686942 0.104301 0.67932
0.341093 0.515371 0.0810733 0.679048 0.118203 0.670009
0.471958 0.126597 0.680186 0.0370763 0.646062 0.0405122
0.652137 0.0560605 0.731328 0.10442 0.662127 0.0407602
0.618128 0.303539 0.67153 0.0348605 0.684248 0.0506265
0.496082 0.126489 0.694251 0.0860297 0.674307 0.0938304
0.569587 0.105783 0.657021 0.106726 0.681095 0.0587263
0.451471 0.329033 0.5529 0.452898 0.696737 0.116446
0.169171 0.497464 0.0789922 0.642831 0.0721393 0.619711
0.66109 0.184966 0.652865 0.0823002 0.724392 0.0629473
0.58435 0.177115 0.627868 0.0473274 0.692436 0.081844
0.68261 0.0721239 0.698795 0.051959 0.640229 0.0224594
0.309792 0.251358 0.606764 0.309879 0.708153 0.0824
0.448143 0.164212 0.663549 0.0905599 0.66442 0.0511492
0.686089 0.298034 0.645394 0.0429731 0.725838 0.0707067
0.648379 0.132488 0.716785 0.116214 0.713069 0.0950142
0.597658 0.0926783 0.744031 0.124646 0.650126 0.0392305
0.42531 0.518723 0.731668 0.161638 0.655553 0.0292219
0.68312 0.377796 0.655509 0.0438535 0.66617 0.0366075
0.667593 0.146889 0.653751 0.0640991 0.67634 0.0477923
0.459669 0.53891 0.635647 0.0877032 0.688786 0.104561
0.571371 0.380227 0.6991 0.0767309 0.687072 0.0502894
0.63912 0.327664 0.634844 0.0700292 0.672628 0.0445918
0.542462 0.392194 0.704008 0.192329 0.63215 0.0473975
0.138306 0.545311 0.0762021 0.641902 0.13422 0.669616
0.24338 0.625678 0.0530155 0.648728 0.079364 0.659813
0.671367 0.253329 0.635178 0.0383362 0.710579 0.0863138
0.412411 0.529758 0.102893 0.702623 0.0597033 0.704239
0.451133 0.584907 0.649865 0.181655 0.673947 0.0698887
0.226487 0.241918 0.663394 0.0547851 0.687416 0.045064
0.536444 0.166414 0.566609 0.06989 0.688521 0.0334775
0.36246 0.534714 0.555457 0.486297 0.640036 0.0751628
0.16403 0.64134 0.114357 0.728417 0.0679425 0.679111
0.599191 0.157455 0.658375 0.052859 0.674776 0.0612819
0.608374 0.236954 0.704873 0.0862175 0.664191 0.037922
0.228725 0.565207 0.0895556 0.627234 0.112534 0.713097
0.607268 0.130683 0.713344 0.0788202 0.655352 0.0861916
0.664123 0.0516319 0.656152 0.0775925 0.640846 0.0537905
0.666255 0.0559678 0.679793 0.0625684 0.688197 0.0633324
0.688213 0.217776 0.663364 0.0786233 0.686727 0.100005
0.685027 0.132626 0.674328 0.0439506 0.672572 0.0585894
0.634009 0.275306 0.692684 0.136356 0.68926 0.0561335
0.705567 0.136586 0.682655 0.0910786 0.708894 0.11362
0.684203 0.190879 0.651412 0.0412443 0.703673 0.147407
0.280991 0.315129 0.663484 0.226589 0.716847 0.0737263
0.0848111 0.600476 0.0507763 0.651571 0.126065 0.694758
0.253925 0.334765 0.0821 0.613051 0.0657528 0.674221
0.217303 0.638938 0.0273531 0.63683 0.030744 0.659955
0.579013 0.0990469 0.680934 0.0312644 0.667429 0.0385114
0.528583 0.439232 0.646887 0.0505496 0.683403 0.0889557
0.623227 0.144134 0.695366 0.0601977 0.664206 0.0491039
0.667039 0.13047 0.704101 0.0748581 0.58965 0.0393448
0.5966 0.174995 0.690343 0.0971403 0.694736 0.0714536
0.108945 0.37059 0.139246 0.668332 0.140056 0.676755
0.221421 0.597981 0.0750487 0.659945 0.0753878 0.614998
0.316708 0.172768 0.64168 0.0754441 0.710506 0.101814
0.631496 0.192347 0.655154 0.0815806 0.652693 0.0695187
0.663624 0.064075 0.711604 0.129375 0.677843 0.0746454
0.324689 0.263731 0.697462 0.100955 0.718469 0.0679261
0.657022 0.219797 0.675801 0.0517093 0.664182 0.0515335
0.616798 0.161531 0.685824 0.0637132 0.623935 0.0335053
0.597011 0.106662 0.708211 0.156039 0.676355 0.0513234
0.635254 0.156706 0.703957 0.0307073 0.718313 0.0658482
0.599072 0.400322 0.702402 0.0876848 0.608283 0.0270141
0.0865589 0.629243 0.0736897 0.620684 0.0962793 0.723319
0.219597 0.403141 0.0478069 0.664204 0.0607605 0.699215
0.541365 0.468685 0.615227 0.395826 0.648998 0.0319917
0.610393 0.246575 0.702525 0.135177 0.665266 0.101729
0.13664 0.654797 0.171252 0.692214 0.0310216 0.684839
0.401044 0.382472 0.709197 0.100897 0.697306 0.0844472
0.517747 0.538388 0.687124 0.066445 0.660516 0.0475927
0.277648 0.619066 0.119163 0.721549 0.173921 0.660266
0.289409 0.504528 0.0824348 0.679644 0.104898 0.636299
0.551726 0.292335 0.629197 0.0325907 0.626606 0.0392042
0.55241 0.189975 0.710918 0.111159 0.655154 0.0372879
0.558276 0.0830872 0.683297 0.0662275 0.683903 0.0337452
0.39218 0.395387 0.570456 0.182821 0.678248 0.0636208
0.604423 0.110923 0.652124 0.0402043 0.660219 0.0345512
0.674939 0.157903 0.711036 0.0701823 0.703308 0.0772565
0.349907 0.454645 0.0699422 0.673647 0.136585 0.685724
0.607361 0.125228 0.713748 0.0485204 0.661422 0.0864345
0.555891 0.227011 0.69693 0.0256468 0.665888 0.045246
0.102803 0.663018 0.0628199 0.683064 0.0844711 0.681818
0.199879 0.538914 0.442555 0.50785 0.123482 0.697054
0.659766 0.221771 0.717541 0.0639954 0.712774 0.115548
0.600814 0.334978 0.687744 0.0514297 0.65811 0.0246842
0.36658 0.45574 0.39168 0.599335 0.0888696 0.701521
0.562146 0.479978 0.694936 0.138875 0.679449 0.0600399
0.185936 0.693313 0.0810033 0.694968 0.032409 0.666187
0.625157 0.220408 0.673326 0.0380161 0.672375 0.04333
0.678789 0.128748 0.693944 0.0997885 0.689194 0.0786857
0.668532 0.20678 0.686146 0.0364136 0.698637 0.0352569
0.660334 0.0982152 0.713963 0.12365 0.640254 0.0342953
0.610441 0.180472 0.699272 0.049594 0.641321 0.0254536
0.396426 0.652715 0.110269 0.677145 0.0941426 0.676457
0.558393 0.51273 0.564528 0.531952 0.625824 0.0278472
0.649586 0.466009 0.6939 0.0553399 0.712263 0.0767547
0.696674 0.0581712 0.698957 0.0605648 0.672828 0.0379716
0.616972 0.498756 0.734217 0.0923087 0.690956 0.0920482
0.696805 0.0755998 0.609498 0.0364424 0.639842 0.173619
0.246757 0.412087 0.036933 0.64736 0.0501166 0.62002
0.61116 0.387366 0.655166 0.0950843 0.687084 0.058501
0.306514 0.239997 0.676793 0.0205675 0.638331 0.0513792
0.267141 0.578169 0.107772 0.672907 0.0962844 0.670247
0.722357 0.0971954 0.648541 0.0557591 0.681714 0.127992
0.648135 0.351081 0.68731 0.0524122 0.657615 0.149854
0.542158 0.182624 0.690281 0.0350777 0.712265 0.0818774
0.44655 0.423528 0.63464 0.237987 0.679559 0.066366
0.598192 0.18946 0.671618 0.05877 0.722943 0.112648
0.589363 0.0831711 0.718133 0.055935 0.674681 0.0434641
0.429802 0.25336 0.62889 0.238806 0.571212 0.136491
0.675567 0.0904021 0.687266 0.075088 0.676453 0.0522868
0.696545 0.156546 0.663901 0.0444563 0.664787 0.1072
0.107647 0.623245 0.0404279 0.619576 0.0483273 0.659353
0.575774 0.161147 0.658185 0.134886 0.681661 0.0568117
0.0827689 0.580563 0.0729047 0.666116 0.0650291 0.661319
0.349555 0.438475 0.535491 0.118679 0.705779 0.04038
0.633369 0.282256 0.691515 0.0568272 0.691289 0.123985
0.723767 0.152569 0.648947 0.153452 0.740385 0.093515
0.654997 0.189103 0.665639 0.0598704 0.638564 0.0327291
0.5733 0.137768 0.648393 0.0619818 0.678036 0.0725141
0.176881 0.596446 0.0648855 0.660667 0.0910789 0.611048
0.13073 0.601974 0.0977443 0.702444 0.0474795 0.70197
0.453621 0.411621 0.606249 0.535857 0.695255 0.118759
0.438784 0.544071 0.654277 0.0904859 0.65581 0.0723689
0.370438 0.421469 0.573294 0.567041 0.668099 0.0392737
0.609318 0.1524 0.648819 0.0859615 0.661456 0.0474407
0.569759 0.210102 0.722384 0.0999497 0.678144 0.104614
0.555331 0.511375 0.677718 0.0824053 0.662273 0.0842205
0.374593 0.624421 0.0841813 0.694709 0.0591327 0.629348
0.655955 0.154182 0.604994 0.0335118 0.672012 0.122433
0.279511 0.49761 0.0729908 0.669095 0.128418 0.667067
0.573281 0.215278 0.698663 0.0919811 0.685994 0.0556038
0.158972 0.554859 0.142988 0.637159 0.130052 0.672754
0.118483 0.57024 0.0890629 0.568939 0.0517053 0.651643
0.211657 0.607106 0.0561635 0.672368 0.0659233 0.657525
0.672733 0.155781 0.671404 0.0981817 0.703263 0.0966049
0.148807 0.534129 0.0747601 0.686372 0.130413 0.710545
0.172168 0.597716 0.0998932 0.656382 0.0586405 0.642338
0.524069 0.234806 0.634331 0.028672 0.681397 0.0649497
0.285618 0.437725 0.0823067 0.663083 0.0752041 0.68838
0.243597 0.560007 0.0475121 0.648558 0.0382113 0.662133
0.618479 0.0643563 0.719272 0.100355 0.639354 0.0572508
0.152955 0.645082 0.0586057 0.63148 0.0432698 0.634936
0.431213 0.522925 0.333101 0.631127 0.0712548 0.633554
0.298015 0.426007 0.659736 0.0690023 0.654449 0.126536
0.475109 0.202014 0.727794 0.0438369 0.678546 0.0737287
0.709633 0.119182 0.680985 0.175148 0.678598 0.065217
0.599185 0.144978 0.668103 0.0487635 0.675797 0.0578337
0.69456 0.0925265 0.649423 0.0514138 0.697369 0.114784
0.325511 0.403745 0.590905 0.22251 0.707118 0.0401666
0.215998 0.633443 0.318028 0.620466 0.591127 0.400416
0.571699 0.186358 0.661328 0.048727 0.671658 0.0392423
0.626561 0.432504 0.714897 0.0846693 0.709411 0.101525
0.430777 0.349803 0.605143 0.126198 0.677401 0.0256132
0.659028 0.291529 0.645456 0.0449544 0.71682 0.0629322
0.222784 0.664852 0.0778773 0.677467 0.0899332 0.616033
0.641352 0.0911166 0.672411 0.0434776 0.717153 0.0642456
0.380641 0.335453 0.689926 0.0610303 0.728403 0.0748914
0.649329 0.210902 0.636625 0.0612524 0.738631 0.0483284
0.528458 0.509371 0.553949 0.535627 0.699147 0.228461
0.607988 0.108793 0.66352 0.0788723 0.724934 0.0959524
0.529513 0.277271 0.6659 0.0454429 0.670402 0.0631347
0.580631 0.0834106 0.623421 0.0539564 0.69837 0.0930799
0.142044 0.551273 0.501271 0.610856 0.101984 0.63497
0.496484 0.243122 0.665566 0.115125 0.663113 0.0448751
0.171155 0.661667 0.10798 0.658112 0.0578758 0.621837
0.552251 0.216738 0.637429 0.042306 0.736748 0.117998
0.648379 0.153017 0.701771 0.0462665 0.655056 0.0571774
0.599512 0.101934 0.700411 0.0958619 0.720348 0.0492136
0.637439 0.254556 0.674329 0.0594018 0.653064 0.0832
0.48736 0.564241 0.620292 0.251142 0.666698 0.051561
0.0895209 0.592723 0.110254 0.677407 0.102217 0.699833
0.207457 0.618767 0.100065 0.654234 0.0454155 0.674246
0.583406 0.229898 0.674728 0.074858 0.702165 0.0589591
0.546303 0.351062 0.635202 0.0605555 0.707696 0.054727
0.605316 0.242065 0.664541 0.062239 0.696727 0.077935
0.200694 0.646456 0.0935089 0.672439 0.0736899 0.670133
0.659385 0.197122 0.662636 0.0677923 0.648203 0.0384272
0.0641444 0.698247 0.0995 0.711372 0.035326 0.62486
0.68791 0.0704002 0.687484 0.0328626 0.703741 0.0571658
0.477108 0.381567 0.612364 0.104675 0.661628 0.0425423
0.593288 0.307281 0.689409 0.0946617 0.641989 0.0179144
0.568532 0.549121 0.511484 0.243575 0.706626 0.0710971
0.198058 0.65475 0.0780712 0.626722 0.153731 0.667073
0.417543 0.334451 0.713413 0.0947263 0.726465 0.0627705
0.537071 0.31406 0.59059 0.0412636 0.652554 0.0503355
0.39816 0.294208 0.649459 0.0433039 0.622251 0.0788657
0.55318 0.146364 0.610093 0.073917 0.66996 0.134147
0.382944 0.451119 0.207264 0.689533 0.0360369 0.620487
0.272052 0.549597 0.567967 0.492322 0.69206 0.0991115
0.579897 0.124775 0.659649 0.0634541 0.674174 0.0338146
0.371823 0.414222 0.514303 0.557612 0.392984 0.467127
0.386187 0.338158 0.609128 0.471735 0.665938 0.19778
0.655816 0.49721 0.615838 0.119522 0.608559 0.0518695
0.341032 0.249985 0.681145 0.344892 0.557125 0.447945
0.420842 0.360347 0.324684 0.338235 0.644971 0.0616952
0.667241 0.197768 0.688087 0.108599 0.687843 0.0483412
0.379069 0.333372 0.609716 0.195666 0.64064 0.0404007
0.642307 0.378094 0.665806 0.087954 0.654306 0.088193
0.623635 0.186497 0.729611 0.0887539 0.642789 0.0699529
0.197131 0.68593 0.0611643 0.682357 0.104248 0.69343
0.385809 0.504953 0.690163 0.161239 0.714551 0.151045
0.555282 0.284117 0.683664 0.146202 0.695868 0.0661441
0.156711 0.682085 0.0805313 0.687809 0.0510025 0.713469
0.492396 0.214106 0.632199 0.0410102 0.623132 0.0448516
0.147945 0.609239 0.0915413 0.694339 0.072138 0.692918
0.61752 0.157036 0.683697 0.0733237 0.654894 0.0205595
0.629987 0.186498 0.694291 0.0710001 0.645765 0.0501735
0.415251 0.126873 0.715435 0.10327 0.735328 0.175251
0.577988 0.195009 0.696822 0.0572455 0.703446 0.118206
0.454108 0.585422 0.669734 0.291999 0.698005 0.0610899
0.330623 0.482857 0.521159 0.491972 0.651727 0.0782661
0.644954 0.11736 0.660851 0.0423338 0.741483 0.116669
0.294625 0.529818 0.19823 0.656252 0.14331 0.641013
0.499264 0.466788 0.659458 0.0942039 0.655161 0.0563033
0.399222 0.321556 0.653045 0.242423 0.724968 0.0702407
0.169924 0.617218 0.122667 0.627599 0.0931645 0.655603
0.267259 0.654961 0.517955 0.187881 0.659303 0.0548239
0.363622 0.636714 0.0893456 0.644528 0.0893489 0.721186
0.139351 0.666383 0.0767386 0.673022 0.107959 0.643127
0.148895 0.638561 0.0697899 0.685559 0.126411 0.704101
0.508716 0.311147 0.65317 0.0582375 0.601559 0.0718236
0.381962 0.535513 0.632151 0.318001 0.66736 0.0563846
0.547492 0.472189 0.566931 0.269273 0.640728 0.100888
0.359942 0.585626 0.111385 0.657834 0.125072 0.685136
0.32987 0.605871 0.393188 0.51516 0.694983 0.0606841
0.473254 0.391283 0.682464 0.153161 0.669171 0.0320956
0.312014 0.564617 0.499179 0.459425 0.6476 0.0624639
0.584925 0.159117 0.66538 0.0272254 0.616779 0.0518059
0.579445 0.45338 0.682012 0.0984313 0.701179 0.0980596
0.364608 0.346176 0.654013 0.0772359 0.659212 0.0650148
0.466777 0.523465 0.60238 0.340045 0.710155 0.0818582
0.371343 0.603549 0.0725789 0.660465 0.0911855 0.704637
0.677963 0.207064 0.671613 0.142283 0.67608 0.0929112
0.581412 0.476451 0.636569 0.166604 0.665182 0.0689917
0.669979 0.182709 0.650548 0.0698978 0.707401 0.0473685
0.503726 0.508377 0.594062 0.151636 0.702635 0.0816583
0.53288 0.192013 0.673807 0.033966 0.659792 0.0396034
0.607537 0.0749916 0.673431 0.0341974 0.711085 0.107501
0.372881 0.284763 0.723294 0.0781105 0.643322 0.0641745
0.21143 0.395859 0.120174 0.661233 0.044728 0.707369
0.239233 0.322371 0.514766 0.512411 0.648793 0.0665111
0.399553 0.525127 0.573812 0.537597 0.655255 0.0636451
0.456794 0.425426 0.666469 0.0307314 0.640187 0.0582787
0.685979 0.0556032 0.668763 0.0913811 0.658203 0.0291323
0.626441 0.0686089 0.692446 0.0749347 0.695266 0.0720118
0.0705235 0.534548 0.0753348 0.692392 0.0985797 0.682145
0.663836 0.492157 0.683174 0.142778 0.688036 0.0818547
0.404222 0.382278 0.604017 0.540695 0.639561 0.220891
0.517659 0.182767 0.646791 0.06039 0.685659 0.0295739
0.338979 0.647889 0.0786699 0.64461 0.140873 0.710159
0.211262 0.510409 0.130549 0.63825 0.0991507 0.666628
0.657739 0.451015 0.608693 0.210284 0.662647 0.0195642
0.388947 0.423234 0.603338 0.490732 0.607511 0.062203
0.1209 0.638171 0.0797979 0.664678 0.0635653 0.68766
0.654733 0.0977589 0.67768 0.0492222 0.656669 0.0756685
0.223361 0.594784 0.0604335 0.626344 0.0353851 0.61715
0.467827 0.414037 0.665339 0.101215 0.636354 0.119085
0.410613 0.272167 0.652285 0.0363043 0.669798 0.0668197
0.494382 0.306401 0.627185 0.210604 0.708808 0.0815798
0.673398 0.158781 0.62851 0.0260335 0.666918 0.0772671
0.647544 0.11779 0.710428 0.0684574 0.651762 0.0977108
0.693819 0.15461 0.63849 0.0351332 0.682477 0.0646587
0.486505 0.119686 0.674289 0.0849752 0.716071 0.112038
0.585171 0.100506 0.725912 0.0484959 0.677256 0.0579156
0.124193 0.599229 0.0664987 0.668593 0.0805961 0.674513
0.629523 0.181508 0.689822 0.0513919 0.680462 0.0823083
0.62411 0.180865 0.719328 0.0636729 0.667094 0.0709281
0.613284 0.242137 0.626067 0.0872446 0.721571 0.0634703
0.673584 0.182503 0.740442 0.0918797 0.665932 0.0539102
0.671516 0.0915838 0.681026 0.138533 0.69947 0.0607298
0.647939 0.0710919 0.707995 0.0691617 0.657137 0.0573724
0.157104 0.582868 0.0507201 0.624434 0.121561 0.678497
0.699624 0.253546 0.718201 0.0915603 0.706267 0.0737081
0.452806 0.5147 0.614978 0.371562 0.659321 0.0482586
0.659374 0.108326 0.701312 0.203048 0.671471 0.0586409
0.592738 0.26698 0.65483 0.019976 0.697654 0.0697189
0.608215 0.0668007 0.706174 0.0650725 0.660035 0.0630179
0.649475 0.133711 0.673896 0.0374738 0.665438 0.0832909
0.62006 0.120808 0.657007 0.071041 0.684121 0.0923324
0.138145 0.518451 0.0850587 0.581683 0.0343411 0.652764
0.626339 0.195998 0.721603 0.0796431 0.663947 0.0372828
0.499825 0.295954 0.720207 0.0723383 0.632515 0.0422292
0.520982 0.44764 0.695006 0.12896 0.685851 0.0379753
0.608747 0.204124 0.636487 0.0490405 0.601632 0.0419544
0.395017 0.40721 0.657136 0.0559046 0.700419 0.0963702
0.608119 0.129394 0.653741 0.0350413 0.689066 0.0653669
0.332506 0.561013 0.162647 0.695022 0.126618 0.704827
0.63485 0.386841 0.625703 0.378525 0.740581 0.142423
0.637247 0.106078 0.721226 0.101628 0.709793 0.128214
0.295256 0.590123 0.495628 0.532757 0.664064 0.145674
0.557804 0.515183 0.677323 0.0861726 0.671621 0.0981818
0.697494 0.115697 0.67142 0.0401515 0.68609 0.0596939
0.536979 0.267279 0.603196 0.0393286 0.688574 0.0543992
0.476946 0.406806 0.452636 0.265432 0.703264 0.0603615
0.536111 0.331821 0.647759 0.0394325 0.628477 0.0411994
0.539447 0.285802 0.663616 0.0410407 0.670383 0.0779068
0.658225 0.0601467 0.685619 0.0455822 0.722899 0.0857439
0.292483 0.501677 0.163773 0.69691 0.0554082 0.667608
0.304328 0.595909 0.529466 0.595293 0.700625 0.101793
0.267242 0.438721 0.0297428 0.602941 0.0711097 0.665792
0.226197 0.459205 0.121197 0.684284 0.126178 0.678918
0.591074 0.0780456 0.680038 0.0599599 0.72765 0.0481421
0.643226 0.0685818 0.642415 0.0882224 0.640492 0.0529112
0.594344 0.149181 0.617971 0.0517294 0.625881 0.0341788
0.468607 0.202616 0.677617 0.0815893 0.640319 0.0410065
0.166661 0.630921 0.0339293 0.629486 0.0726897 0.647528
0.640333 0.105472 0.673504 0.0648124 0.659547 0.0471543
0.601111 0.186386 0.669531 0.0431138 0.676246 0.10704
0.639018 0.30032 0.612626 0.0640562 0.646214 0.0687684
0.624696 0.244326 0.653565 0.101166 0.664108 0.0299021
0.595682 0.499332 0.6284 0.0444646 0.689451 0.0504994
0.104987 0.657272 0.130556 0.669282 0.148762 0.668835
0.511243 0.420411 0.697794 0.199477 0.718307 0.0842107
0.47538 0.382447 0.483598 0.381718 0.625029 0.141227
0.66367 0.201551 0.714899 0.0441115 0.562217 0.0215662
0.657329 0.0944304 0.678954 0.0293921 0.64141 0.0509985
0.556127 0.255021 0.734717 0.0502129 0.69623 0.0773923
0.259275 0.496775 0.114055 0.63449 0.12808 0.681292
0.236881 0.414084 0.0744281 0.664007 0.0674972 0.655439
0.677378 0.0788893 0.669582 0.0620812 0.62307 0.0785518
0.701639 0.0573683 0.666415 0.0557962 0.670325 0.0387469
0.505654 0.292498 0.677376 0.073291 0.719033 0.0823941
0.640591 0.0758902 0.670393 0.0375725 0.690666 0.0396316
0.700339 0.131522 0.593583 0.0333421 0.672062 0.0450783
0.497432 0.511323 0.684664 0.0779083 0.646959 0.0781908
0.649628 0.140882 0.68327 0.118126 0.623023 0.0433508
0.643547 0.0458529 0.666791 0.0529537 0.686114 0.136654
0.373619 0.322381 0.661776 0.0851338 0.693179 0.0902591
0.141906 0.641297 0.0510035 0.644895 0.118129 0.595592
0.665616 0.0710451 0.698561 0.110603 0.667176 0.0456028
0.197195 0.606798 0.0484526 0.661097 0.0556709 0.612599
0.264647 0.524043 0.0777249 0.666671 0.0874347 0.68267
0.366968 0.343884 0.68589 0.0443648 0.663314 0.0464022
0.680081 0.0891799 0.617623 0.015935 0.681285 0.0846345
0.422475 0.55958 0.613742 0.622316 0.673951 0.0620017
0.46785 0.465015 0.630316 0.173689 0.701629 0.043409
0.672918 0.0597053 0.710857 0.100072 0.667849 0.0922084
0.651823 0.0798052 0.67182 0.060291 0.666319 0.0414621
0.630108 0.176979 0.691779 0.0436929 0.665971 0.0614596
0.652851 0.23908 0.653613 0.252894 0.675042 0.0376662
0.574435 0.585925 0.619608 0.233812 0.684559 0.0759032
0.538714 0.219511 0.678432 0.0423679 0.682085 0.0614207
0.54384 0.233697 0.672503 0.0632231 0.664039 0.129398
0.122326 0.618635 0.0595734 0.668431 0.148051 0.691482
0.617762 0.163337 0.679216 0.0540971 0.640188 0.0475357
0.643788 0.15305 0.646857 0.0651437 0.649206 0.0277183
0.122454 0.629873 0.13125 0.674794 0.0563745 0.720865
0.329244 0.606632 0.550177 0.49951 0.61736 0.0343326
0.638775 0.320079 0.624606 0.060735 0.717696 0.0678959
0.63147 0.46447 0.63008 0.137437 0.650666 0.0646917
0.700415 0.0772099 0.659621 0.0259998 0.635789 0.0512073
0.539902 0.30757 0.648822 0.0315237 0.665336 0.0677328
0.122935 0.625465 0.188557 0.680564 0.117983 0.71631
0.326838 0.542372 0.0616399 0.607982 0.0719329 0.679259
0.110112 0.680322 0.0452182 0.700113 0.0409762 0.68555
0.395666 0.340587 0.695409 0.055999 0.701914 0.106077
0.621953 0.335598 0.640523 0.0399589 0.729745 0.0721865
0.630567 0.406494 0.64616 0.0290932 0.676629 0.0344501
0.690897 0.103806 0.65006 0.0920744 0.620415 0.0184084
0.606124 0.0867898 0.694615 0.0662115 0.631469 0.0614894
0.652593 0.291362 0.664264 0.0636268 0.658867 0.0394436
0.612491 0.496226 0.657976 0.0744528 0.649385 0.0839921
0.607939 0.171053 0.624923 0.104209 0.679285 0.051947
0.42844 0.140401 0.692442 0.168211 0.708582 0.0960073
0.201949 0.601234 0.105362 0.68534 0.0739115 0.635502
0.60305 0.319847 0.680199 0.0914872 0.684749 0.0506882
0.53227 0.178159 0.686786 0.0382845 0.661847 0.0882566
0.317477 0.62541 0.257667 0.546566 0.152929 0.667597
0.619319 0.13755 0.718962 0.0627601 0.682999 0.0856498
0.279636 0.292083 0.572689 0.348851 0.669851 0.0528048
0.64135 0.306808 0.667739 0.0536942 0.618701 0.0421343
0.65171 0.239282 0.668106 0.0618009 0.686086 0.084005
0.644681 0.115833 0.697943 0.0694242 0.694874 0.0732906
0.643692 0.141936 0.656237 0.0501041 0.672733 0.0565884
0.340658 0.553932 0.658095 0.0649087 0.684168 0.0923682
0.65815 0.160191 0.682621 0.067085 0.629354 0.0425052
0.628079 0.181476 0.712715 0.0809306 0.692644 0.0475431
0.39531 0.421732 0.581731 0.58603 0.637473 0.326028
0.609675 0.184482 0.697115 0.0656658 0.612283 0.0541665
0.662302 0.0680142 0.694524 0.0919518 0.70639 0.0631276
0.646892 0.20987 0.63396 0.0512115 0.638859 0.0189654
0.61619 0.167194 0.637165 0.0259031 0.723127 0.0731424
0.604014 0.187749 0.627501 0.0631038 0.639056 0.0542999
0.152508 0.532772 0.0555908 0.612639 0.0579521 0.69277
0.571467 0.185365 0.656687 0.0462789 0.672693 0.0687458
0.660329 0.0808554 0.665525 0.117423 0.671443 0.0485543
0.371155 0.310893 0.664946 0.081797 0.679964 0.0688612
0.680985 0.158299 0.697225 0.0504467 0.638137 0.087028
0.59717 0.174438 0.643025 0.0456308 0.682009 0.12757
0.488169 0.403918 0.691795 0.0731411 0.714178 0.0828413
0.504013 0.282014 0.650923 0.0876084 0.653277 0.0170446
0.327618 0.344864 0.618512 0.130627 0.670107 0.0741269
0.403021 0.644635 0.637758 0.668155 0.708077 0.0727909
0.608954 0.123878 0.673993 0.0491112 0.68375 0.107263
0.37496 0.146529 0.663032 0.0715327 0.651759 0.0742279
0.602539 0.263468 0.730655 0.0588918 0.704406 0.0449674
0.607701 0.0879356 0.703951 0.0691586 0.654793 0.0231926
0.483213 0.264565 0.695886 0.074226 0.646453 0.0550737
0.561412 0.260059 0.668542 0.0395729 0.602601 0.0514942
0.643395 0.129484 0.652186 0.0979007 0.637407 0.0405686
0.609888 0.160206 0.662472 0.0798749 0.654387 0.085267
0.581339 0.370903 0.660747 0.159612 0.708782 0.115108
0.646096 0.103248 0.718874 0.0902933 0.630435 0.108912
0.679479 0.091007 0.664208 0.029981 0.651037 0.0693965
0.631105 0.308352 0.688552 0.162592 0.680007 0.0405717
0.249713 0.580485 0.0700586 0.664513 0.112457 0.681267
0.550306 0.354271 0.543972 0.42468 0.665168 0.0584884
0.643693 0.158637 0.631353 0.0546527 0.669583 0.0947054
0.595378 0.23824 0.718638 0.0726404 0.648756 0.0512958
0.311844 0.451735 0.221666 0.636361 0.0365318 0.632524
0.56588 0.195137 0.646596 0.0342153 0.618411 0.0245021
0.6361 0.0801783 0.597326 0.0736856 0.671814 0.09263
0.412317 0.51764 0.685555 0.0781519 0.676513 0.0447802
0.609865 0.167457 0.605972 0.0614959 0.67723 0.0675013
0.745887 0.134335 0.633809 0.0423569 0.640593 0.112691
0.619346 0.216147 0.657337 0.0617826 0.685377 0.0903233
0.662859 0.135247 0.60734 0.0469236 0.674961 0.0784903
0.683533 0.0648514 0.677073 0.0529966 0.676828 0.081613
0.574758 0.277543 0.69707 0.0847928 0.694899 0.0594041
0.31016 0.589896 0.441268 0.637881 0.580996 0.425217
0.171355 0.569556 0.516347 0.473063 0.591404 0.295667
0.271787 0.46835 0.130506 0.632607 0.0898413 0.627735
0.569059 0.182644 0.650846 0.038351 0.698874 0.0749992
0.665116 0.28312 0.666839 0.0437213 0.627476 0.0519265
0.653315 0.148692 0.650083 0.0866669 0.669212 0.0552556
0.565871 0.512143 0.649737 0.233397 0.68818 0.0902059
0.664153 0.0660705 0.686339 0.0896386 0.648416 0.0659337
0.525603 0.276511 0.701816 0.137351 0.683299 0.0758239
0.661043 0.0512855 0.698212 0.0540277 0.650136 0.0687616
0.630796 0.281313 0.66694 0.110348 0.656037 0.0199247
0.604081 0.232732 0.693636 0.0530376 0.674883 0.116834
0.112828 0.62368 0.0850155 0.67041 0.10327 0.684066
0.280503 0.592643 0.179506 0.662172 0.0533918 0.641847
0.48558 0.437148 0.702094 0.0639517 0.661611 0.0672177
0.584919 0.400391 0.64104 0.061638 0.69722 0.0636366
0.464513 0.461384 0.552387 0.426839 0.682773 0.0251716
0.180175 0.55492 0.125535 0.707072 0.0841881 0.640617
0.412437 0.312669 0.655873 0.0757716 0.684192 0.0491959
0.660178 0.090602 0.66632 0.0447538 0.65436 0.101142
0.222983 0.373368 0.101594 0.700129 0.0873433 0.65029
0.690046 0.110425 0.670231 0.0487464 0.689777 0.0466103
0.592621 0.182934 0.664773 0.080883 0.613349 0.0592296
0.560334 0.133322 0.700897 0.073724 0.630929 0.0300737
0.583393 0.246099 0.678992 0.0447352 0.710334 0.068338
0.0830928 0.585929 0.058165 0.694628 0.096921 0.654778
0.609694 0.332476 0.67428 0.0813053 0.688674 0.0391704
0.294404 0.429032 0.104524 0.669572 0.0783373 0.642003
0.188316 0.601561 0.0919799 0.665258 0.0995277 0.664832
0.496637 0.542939 0.567607 0.397722 0.705519 0.0910179
0.324035 0.58672 0.617091 0.344672 0.67508 0.0485838
0.624176 0.299267 0.677405 0.0211593 0.653277 0.117776
0.277834 0.599443 0.117091 0.683284 0.081409 0.663311
0.550657 0.509187 0.659073 0.0667261 0.720372 0.0673926
0.605445 0.38144 0.695711 0.0670542 0.689228 0.0525827
0.148225 0.692948 0.148062 0.684287 0.0785662 0.640533
0.631021 0.510572 0.595143 0.343602 0.704842 0.0518848
0.623515 0.110551 0.72814 0.105375 0.699345 0.046475
0.541131 0.308496 0.667109 0.0458267 0.692333 0.0484236
0.0814688 0.648511 0.0536418 0.641626 0.0637526 0.632747
0.339169 0.585153 0.126203 0.662239 0.0602191 0.671186
0.452564 0.541125 0.536589 0.477223 0.686468 0.0812352
0.469142 0.362308 0.697128 0.101302 0.67295 0.0331735
0.138671 0.543061 0.0600784 0.668121 0.055675 0.605295
0.664312 0.0838691 0.672503 0.0445542 0.646421 0.0671816
0.494465 0.33095 0.592904 0.0312848 0.70843 0.0794572
0.512455 0.532083 0.598819 0.55991 0.629647 0.0475021
0.683191 0.0627293 0.61724 0.051385 0.697506 0.0633341
0.65155 0.220474 0.696808 0.105097 0.639272 0.0476693
0.647589 0.241419 0.684465 0.0718703 0.555915 0.054194
0.583092 0.0468014 0.69923 0.0705296 0.691847 0.0406604
0.619775 0.247575 0.70981 0.0657204 0.633235 0.0243853
0.533521 0.361259 0.707579 0.0916218 0.689531 0.0733675
0.38216 0.239506 0.642352 0.0930827 0.662539 0.102734
0.673803 0.116627 0.639412 0.0914161 0.656895 0.0434395
0.683003 0.0922504 0.61243 0.0740447 0.687653 0.0878175
0.326147 0.52126 0.490679 0.490377 0.663347 0.0896968
0.31805 0.616492 0.106947 0.643497 0.0539731 0.657001
0.632091 0.168128 0.699703 0.0730318 0.656799 0.0620927
0.428088 0.251307 0.647239 0.0195908 0.682128 0.0926414
0.665789 0.0975473 0.656474 0.016975 0.653485 0.121943
0.287281 0.512742 0.0957133 0.678415 0.159881 0.662335
0.325989 0.529778 0.0646724 0.687094 0.0662282 0.639344
0.609179 0.384625 0.662994 0.0496245 0.699591 0.111178
0.185923 0.637976 0.034496 0.555808 0.0944018 0.646078
0.499238 0.540657 0.512016 0.558235 0.707691 0.104352
0.367484 0.233031 0.679939 0.0508979 0.642405 0.0448538
0.413506 0.619153 0.626567 0.29644 0.612709 0.0383436
0.336865 0.543016 0.0820331 0.658955 0.0274004 0.659302
0.581381 0.142564 0.681111 0.0530574 0.669618 0.0505439
0.139534 0.568126 0.053269 0.678536 0.0839462 0.579253
0.263537 0.442414 0.0624209 0.646369 0.0965512 0.675469
0.622918 0.169652 0.669183 0.0459263 0.612923 0.0638373
0.380624 0.552136 0.583447 0.412131 0.691771 0.0448898
0.538124 0.351069 0.646979 0.101836 0.630678 0.0245315
0.453439 0.543921 0.692326 0.143889 0.714781 0.075804
0.682573 0.270447 0.710172 0.0735465 0.664527 0.0746735
0.21358 0.671791 0.141725 0.649716 0.077026 0.626496
0.404498 0.359319 0.665073 0.0403865 0.713535 0.0717817
0.446691 0.267317 0.617928 0.0833126 0.653274 0.0318054
0.62105 0.234152 0.740544 0.110882 0.669661 0.0670366
0.532838 0.199769 0.678695 0.0328266 0.688822 0.0918257
0.380016 0.559637 0.607799 0.433864 0.685185 0.083392
0.587128 0.146269 0.708156 0.11061 0.680288 0.113011
0.449254 0.447961 0.697858 0.120983 0.69671 0.0418794
0.352743 0.61369 0.591818 0.539509 0.644332 0.0651886
0.686936 0.100272 0.707435 0.0942084 0.647339 0.0422744
0.5856 0.167162 0.684573 0.0549842 0.701036 0.0379339
0.500951 0.399801 0.635353 0.046309 0.713156 0.0521728
0.458667 0.567073 0.551871 0.26208 0.667436 0.0979267
0.434437 0.498256 0.714985 0.0910848 0.668966 0.0617791
0.443021 0.586892 0.676194 0.149843 0.675193 0.104704
0.663554 0.0673486 0.64777 0.0598457 0.695754 0.0379332
0.520946 0.461268 0.620694 0.169888 0.678182 0.101747
0.614346 0.182282 0.658224 0.075066 0.673788 0.0316462
0.367907 0.208967 0.699098 0.0940481 0.670637 0.0394728
0.54389 0.501102 0.619757 0.438478 0.728697 0.113824
0.663717 0.155361 0.633949 0.0378753 0.692271 0.084653
0.585059 0.292122 0.71281 0.0789111 0.708578 0.0546366
0.531987 0.177213 0.66961 0.0525166 0.692022 0.0563742
0.0533042 0.575745 0.149194 0.659694 0.0740422 0.696242
0.653554 0.0961673 0.628842 0.0773839 0.660078 0.078988
0.600077 0.195282 0.702233 0.0454259 0.65225 0.0775846
0.62795 0.205375 0.658666 0.0668636 0.717284 0.0590866
0.0664539 0.665938 0.0429261 0.628782 0.0836589 0.685925
0.538159 0.251466 0.691438 0.0649343 0.704801 0.0870707
0.638263 0.199448 0.722924 0.0949153 0.671251 0.0415099
0.532345 0.197826 0.719044 0.0745336 0.721218 0.129674
0.611563 0.214307 0.660529 0.0828889 0.687786 0.0350377
0.528215 0.200953 0.606744 0.0423764 0.703407 0.112902
0.503496 0.294067 0.697545 0.076331 0.65815 0.0410305
0.522739 0.093538 0.641102 0.062527 0.709431 0.103493
0.42095 0.482024 0.682789 0.253367 0.680333 0.0462053
0.55859 0.513992 0.62868 0.243572 0.697374 0.0496529
0.228396 0.393867 0.0864953 0.641189 0.157119 0.639895
0.64958 0.0792839 0.691479 0.054169 0.679509 0.0580128
0.650072 0.247171 0.685934 0.0607145 0.68112 0.0315173
0.467333 0.238645 0.694261 0.043282 0.673671 0.0723453
0.604439 0.13187 0.701908 0.0363301 0.651037 0.116283
0.48893 0.208454 0.714259 0.0782044 0.715407 0.0398503
0.660827 0.0772399 0.661525 0.0584653 0.707366 0.0544927
0.598686 0.129067 0.687028 0.0767391 0.677394 0.0540268
0.608081 0.147803 0.668983 0.0512166 0.658646 0.0345462
0.482917 0.588584 0.644342 0.0678681 0.697577 0.0436317
0.281602 0.574532 0.0896682 0.730209 0.0972185 0.642474
0.518322 0.358464 0.638385 0.0292178 0.668059 0.0721945
0.158487 0.472893 0.148526 0.672109 0.0842277 0.643572
0.171441 0.555092 0.0588211 0.680821 0.116028 0.693282
0.218225 0.667546 0.0759591 0.630917 0.115595 0.718009
0.39724 0.511704 0.514785 0.434849 0.677821 0.0623577
0.515064 0.160683 0.684859 0.0882433 0.621766 0.0473297
0.574177 0.302938 0.663964 0.110903 0.670119 0.0412742
0.37944 0.174528 0.690776 0.0407282 0.688028 0.0300813
0.242766 0.624049 0.0603686 0.65758 0.0789167 0.665128
0.607805 0.296051 0.704275 0.0954154 0.694319 0.0530696
0.142972 0.677629 0.0954494 0.639706 0.131723 0.712235
0.550159 0.48008 0.701428 0.0672998 0.654318 0.0220507
0.323177 0.645835 0.0886252 0.596415 0.072364 0.692329
0.143997 0.6757 0.0677949 0.637872 0.0414624 0.591574
0.527425 0.436357 0.684269 0.114494 0.67816 0.0927814
0.571386 0.224405 0.661644 0.0296733 0.727016 0.0457232
0.231451 0.572848 0.0626265 0.684692 0.124052 0.65864
0.614851 0.205853 0.655541 0.0713123 0.647017 0.059981
0.678417 0.203954 0.659348 0.0636116 0.688129 0.0568093
0.107947 0.610846 0.125888 0.668674 0.0569999 0.665075
0.638552 0.234613 0.706008 0.128646 0.718153 0.104803
0.65086 0.0811181 0.640368 0.0871507 0.69971 0.07069
0.505031 0.3156 0.690402 0.0915038 0.706306 0.0648807
0.623798 0.158943 0.683394 0.105392 0.692025 0.0543616
0.649858 0.116042 0.708345 0.0407421 0.720389 0.0772558
0.694144 0.116218 0.693677 0.0335928 0.677191 0.107177
0.62734 0.22059 0.693091 0.0630309 0.737407 0.0925834
0.300011 0.44819 0.548313 0.48828 0.698676 0.0452921
0.562431 0.538598 0.552654 0.497726 0.626758 0.0324589
0.535751 0.402303 0.68261 0.0779678 0.681525 0.0694295
0.631216 0.125473 0.690824 0.0618246 0.676444 0.045344
0.648684 0.265647 0.700234 0.0872292 0.66337 0.0193
0.601257 0.112548 0.673212 0.0343801 0.647149 0.0931993
0.23406 0.487936 0.0404421 0.625385 0.0592836 0.59872
0.61209 0.0720514 0.653241 0.0421365 0.674258 0.0642464
0.543948 0.354939 0.732821 0.18835 0.627388 0.057277
0.664141 0.102941 0.732489 0.101263 0.689112 0.0760328
0.0919307 0.648054 0.144211 0.707044 0.0907714 0.661441
0.520504 0.526446 0.69175 0.293343 0.703038 0.120391
0.284717 0.445655 0.0716106 0.653907 0.27115 0.678444
0.320051 0.526347 0.205558 0.620593 0.0460192 0.655326
0.0915452 0.520424 0.112559 0.697742 0.0716369 0.661389
0.513272 0.539894 0.695912 0.0362996 0.732326 0.090641
0.426602 0.135806 0.651149 0.0473006 0.63927 0.0381349
0.202207 0.48521 0.0922733 0.619995 0.0481435 0.612564
0.315028 0.492757 0.115381 0.654836 0.069622 0.665954
0.129385 0.587272 0.0749067 0.645699 0.149009 0.645424
0.685182 0.144642 0.727882 0.152977 0.637639 0.108902
0.662643 0.0469861 0.684383 0.0903861 0.686011 0.0565217
0.651756 0.224564 0.675041 0.0484874 0.742463 0.107743
0.710122 0.218856 0.663336 0.0700926 0.662617 0.0219801
0.578737 0.12191 0.703055 0.0972816 0.634504 0.0615295
0.403152 0.524083 0.57457 0.573895 0.694985 0.118275
0.313794 0.65682 0.12735 0.646672 0.0777311 0.684901
0.592947 0.103093 0.676576 0.0653228 0.688189 0.0703819
0.302394 0.444384 0.135407 0.665004 0.112661 0.64782
0.606709 0.358526 0.628416 0.0482441 0.666683 0.0303622
0.126047 0.611036 0.144385 0.68259 0.0696435 0.667514
0.638945 0.191146 0.719048 0.0947123 0.683215 0.0852494
0.571873 0.0529772 0.703467 0.0745962 0.66795 0.0640792
0.576353 0.392825 0.111001 0.64435 0.135949 0.64436
0.638278 0.0960093 0.669608 0.0628358 0.671811 0.0520283
0.635665 0.0806119 0.623643 0.046822 0.686506 0.0754966
0.50605 0.3792 0.687236 0.112347 0.710441 0.0468497
0.174288 0.384186 0.129944 0.64582 0.0994807 0.650335
0.444446 0.147845 0.63522 0.0596162 0.656771 0.0689592
0.586468 0.112282 0.631541 0.11306 0.681786 0.0741917
0.31904 0.530872 0.0554583 0.656311 0.135133 0.695159
0.234595 0.613409 0.0738201 0.66549 0.0520062 0.5552
0.35073 0.474198 0.486982 0.466409 0.646227 0.0712839
0.311643 0.518534 0.113245 0.701037 0.0309097 0.663114
0.43728 0.527177 0.689923 0.0634589 0.749476 0.0577372
0.640288 0.200546 0.693871 0.166473 0.699594 0.0487857
0.513671 0.184766 0.685672 0.0689538 0.698984 0.0506292
0.699219 0.092904 0.675628 0.061253 0.646437 0.0652267
0.320117 0.373399 0.666956 0.0715445 0.721538 0.0377196
0.276955 0.448266 0.069249 0.64668 0.0981275 0.657058
0.162106 0.654539 0.0481464 0.662715 0.135656 0.641362
0.163178 0.610769 0.0574164 0.672707 0.0610535 0.681141
0.598668 0.156877 0.711079 0.058624 0.639361 0.0375903
0.244041 0.641077 0.133601 0.645681 0.089479 0.648051
0.505209 0.376096 0.695723 0.11219 0.64548 0.0474547
0.602597 0.292713 0.684554 0.0731256 0.604081 0.027189
0.631026 0.227092 0.665796 0.0619516 0.701733 0.0836093
0.622544 0.231161 0.650472 0.0259877 0.738495 0.116034
0.32657 0.605108 0.163556 0.60705 0.117531 0.666246
0.568492 0.310576 0.679032 0.0171766 0.636994 0.0342043
0.400092 0.449571 0.605266 0.168513 0.69957 0.0543945
0.483814 0.233964 0.643396 0.0514768 0.632127 0.0270632
0.611936 0.117345 0.697528 0.0602027 0.680351 0.0916561
0.0926342 0.592678 0.114393 0.656585 0.0655044 0.675072
0.6026 0.35679 0.622085 0.0579477 0.666682 0.0515573
0.195163 0.653877 0.549094 0.0741681 0.677494 0.0418035
0.0805429 0.668632 0.0503561 0.611009 0.191391 0.655705
0.55222 0.497716 0.695027 0.0733931 0.676227 0.0549221
0.354431 0.484889 0.564058 0.321106 0.610269 0.158031
0.727211 0.33263 0.681914 0.0592975 0.6121 0.0599351
0.629282 0.189135 0.628431 0.0286702 0.61863 0.0525914
0.672141 0.187743 0.72049 0.0821796 0.67439 0.0615383
0.236463 0.215336 0.681738 0.050561 0.682024 0.135348
0.44563 0.55302 0.300593 0.586447 0.0429294 0.677865
0.563027 0.325762 0.641641 0.0934323 0.723954 0.0938042
0.571616 0.381504 0.665411 0.0520656 0.691022 0.0579969
0.62312 0.224901 0.685818 0.0461673 0.699055 0.0547007
0.628464 0.120411 0.697725 0.0646002 0.683928 0.0566645
0.655117 0.0751955 0.698796 0.0982566 0.688166 0.0666898
0.300408 0.369254 0.569016 0.345714 0.69012 0.0611612
0.653568 0.240807 0.686824 0.0937064 0.652187 0.0382059
0.413778 0.496176 0.623983 0.21639 0.655503 0.141053
0.251849 0.551337 0.0675004 0.6917 0.0983919 0.64835
0.46079 0.444239 0.685794 0.0513604 0.721781 0.0656302
0.321346 0.360876 0.67101 0.128624 0.647272 0.0578339
0.504719 0.363332 0.676794 0.0919889 0.70192 0.0783904
0.0827502 0.5798 0.0546977 0.668592 0.0549115 0.661058
0.44161 0.484867 0.615142 0.393055 0.704765 0.109935
0.358073 0.656597 0.119511 0.686287 0.0846737 0.665467
0.677637 0.102415 0.714828 0.0816679 0.67236 0.0641874
0.22336 0.41672 0.133214 0.646357 0.105192 0.695359
0.213186 0.579368 0.100284 0.663433 0.0408293 0.646238
0.664331 0.0685098 0.69233 0.0823913 0.702593 0.114436
0.643915 0.276625 0.718191 0.107823 0.562506 0.0617266
0.489832 0.469409 0.583042 0.534467 0.572304 0.515353
0.560842 0.400847 0.700586 0.0970133 0.664258 0.0596805
0.600078 0.376731 0.62326 0.0613336 0.657521 0.0846572
0.316869 0.400704 0.633228 0.362953 0.645754 0.0537445
0.572376 0.155808 0.619079 0.0353378 0.670885 0.135511
