0.650262 0.112776 0.644548 0.0262598 0.675477 0.0658652
0.487703 0.569166 0.557808 0.515367 0.667025 0.0905558
0.579908 0.259777 0.673007 0.0483372 0.67982 0.0701385
0.649807 0.200278 0.687323 0.032864 0.716407 0.0665133
0.415232 0.42699 0.556486 0.560048 0.685377 0.0329357
0.544859 0.290771 0.656219 0.0492399 0.68876 0.0833476
0.358797 0.577064 0.0455419 0.596466 0.0664926 0.664681
0.166972 0.444253 0.074312 0.632455 0.0476979 0.658959
0.3084 0.562501 0.621833 0.625683 0.656514 0.0806792
0.630972 0.223164 0.699656 0.0617229 0.608707 0.0792624
0.390514 0.298059 0.661802 0.0436187 0.623245 0.0368438
0.434998 0.40323 0.664195 0.0779057 0.731738 0.066511
0.086118 0.608987 0.104725 0.626716 0.0591962 0.653839
0.389195 0.443611 0.633291 0.0567948 0.669279 0.0708065
0.411827 0.598647 0.0827777 0.668065 0.12625 0.64433
0.5934 0.282571 0.708895 0.0644788 0.630368 0.0480589
0.657706 0.298559 0.736228 0.0635501 0.648268 0.0336129
0.5313 0.380114 0.598396 0.582259 0.579608 0.317405
0.557906 0.287129 0.687343 0.0752315 0.657529 0.0394509
0.209328 0.552447 0.1074 0.66974 0.100002 0.65173
0.110071 0.655387 0.0652887 0.622849 0.0344211 0.692463
0.637286 0.38225 0.709781 0.0609298 0.705663 0.0634887
0.591247 0.0853243 0.701737 0.0794382 0.641219 0.078253
0.570942 0.203057 0.677636 0.0258361 0.717656 0.112817
0.147355 0.366398 0.0483057 0.625319 0.113414 0.662472
0.556877 0.284977 0.694017 0.092246 0.64383 0.0363914
0.39374 0.56694 0.0965561 0.663401 0.0496601 0.599767
0.282874 0.536358 0.582447 0.465169 0.637833 0.0406958
0.632774 0.0712896 0.626601 0.0774175 0.660407 0.0712021
0.639692 0.229812 0.702471 0.13384 0.635494 0.0563846
0.627568 0.0930747 0.720701 0.0772291 0.648756 0.036947
0.590714 0.0836884 0.703288 0.0659612 0.703317 0.140027
0.531311 0.450265 0.686771 0.13419 0.60022 0.0429631
0.235941 0.422863 0.569514 0.463935 0.651283 0.0413108
0.516982 0.193735 0.679201 0.0541465 0.643397 0.0981545
0.645963 0.124884 0.719211 0.0500554 0.654614 0.0661319
0.687089 0.165716 0.650121 0.088763 0.693404 0.0283522
0.623971 0.081513 0.678129 0.0514226 0.695945 0.0404547
0.624669 0.215884 0.679946 0.0928535 0.691457 0.0403978
0.627004 0.362121 0.727125 0.118644 0.652055 0.0603828
0.114368 0.637784 0.0372844 0.682028 0.0834886 0.643809
0.0869804 0.645784 0.141205 0.692157 0.0648358 0.653107
0.252933 0.356511 0.527823 0.573158 0.692345 0.0622402
0.629226 0.147276 0.689567 0.0665876 0.70169 0.0421507
0.398201 0.60893 0.121363 0.617958 0.0945877 0.673903
0.552346 0.418533 0.684596 0.058379 0.65463 0.031846
0.165252 0.548072 0.0335296 0.684245 0.163706 0.719155
0.513842 0.63458 0.688101 0.323811 0.683124 0.0515196
0.634044 0.197855 0.694631 0.0414935 0.653594 0.0493065
0.664213 0.26068 0.71271 0.0838086 0.666507 0.0558469
0.684825 0.152578 0.647092 0.0703634 0.656744 0.0494866
0.567634 0.198309 0.655817 0.0484513 0.669334 0.0587943
0.189203 0.635297 0.0842668 0.614238 0.0813166 0.682005
0.629191 0.0472914 0.677232 0.073757 0.651133 0.0494711
0.507401 0.266141 0.677672 0.0265466 0.696308 0.110356
0.647783 0.249465 0.623597 0.0225853 0.671478 0.0514052
0.288226 0.594 0.0782308 0.660736 0.0832031 0.665674
0.673225 0.239079 0.691582 0.0605495 0.701105 0.0559647
0.516654 0.207389 0.645669 0.0362736 0.639631 0.0342562
0.289839 0.417472 0.67148 0.0817441 0.669289 0.0533908
0.497991 0.430226 0.461158 0.394197 0.647205 0.084028
0.534264 0.557333 0.579426 0.47679 0.633972 0.0287767
0.311418 0.64427 0.0441943 0.604631 0.075183 0.625576
0.47518 0.191367 0.716529 0.110206 0.649262 0.0514931
0.214055 0.571236 0.0434974 0.580011 0.0965445 0.675381
0.229307 0.596209 0.567037 0.683031 0.664471 0.0693988
0.563883 0.196294 0.609373 0.0524432 0.662605 0.039769
0.653729 0.283269 0.646083 0.0793216 0.655762 0.16976
0.672277 0.156471 0.651674 0.0553632 0.676554 0.128718
0.381697 0.457467 0.262856 0.641229 0.0937199 0.605957
0.420168 0.619176 0.338075 0.687602 0.0594552 0.628431
0.592296 0.144299 0.670567 0.0694492 0.696852 0.0373933
0.660969 0.229373 0.543463 0.0235842 0.700923 0.0571421
0.387911 0.536672 0.332142 0.624831 0.109694 0.673625
0.612465 0.0920232 0.665633 0.0725125 0.682612 0.105206
0.492849 0.55685 0.606042 0.17704 0.632745 0.0528494
0.299192 0.548924 0.059423 0.673878 0.166875 0.6318
0.675922 0.105009 0.631041 0.0575047 0.647105 0.0495769
0.670398 0.0914822 0.704897 0.0521423 0.666092 0.0588255
0.395897 0.477697 0.578595 0.410217 0.699681 0.121974
0.494962 0.138251 0.656544 0.031421 0.553753 0.0386849
0.638152 0.189168 0.697859 0.109065 0.665701 0.0337286
0.62618 0.107796 0.701217 0.0926549 0.650631 0.0851875
0.687028 0.173317 0.680128 0.0417827 0.66764 0.0408304
0.67839 0.0460247 0.667606 0.0476596 0.682138 0.0778929
0.649473 0.141633 0.690593 0.0513876 0.620213 0.0243116
0.592123 0.164801 0.650695 0.0461164 0.661191 0.0812175
0.655634 0.256058 0.659234 0.090801 0.702681 0.0716002
0.62991 0.125924 0.676557 0.0828106 0.694645 0.0773939
0.383886 0.527025 0.470824 0.558331 0.67714 0.0982765
0.339547 0.277234 0.633772 0.0298144 0.642772 0.0761558
0.667249 0.0757135 0.668739 0.0453107 0.640664 0.0570233
0.590855 0.369814 0.724712 0.048063 0.649281 0.0550285
0.684343 0.0604895 0.66958 0.0254526 0.696905 0.0415244
0.203923 0.506859 0.184703 0.660706 0.0661333 0.650933
0.618357 0.298122 0.674281 0.0888014 0.699628 0.0806414
0.595931 0.194291 0.725933 0.0793708 0.704698 0.0539231
0.655083 0.212157 0.68143 0.0385952 0.716272 0.0492195
0.447263 0.284391 0.715928 0.10893 0.670381 0.0694046
0.507143 0.299094 0.67816 0.0657538 0.703133 0.0869665
0.141095 0.582932 0.0531542 0.656635 0.0481366 0.698534
0.605494 0.185299 0.659847 0.0541109 0.686729 0.06326
0.508123 0.559444 0.682897 0.150723 0.624429 0.0237798
0.586518 0.386286 0.543709 0.117467 0.666388 0.0383411
0.563273 0.27106 0.676632 0.0660458 0.676172 0.0328093
0.607186 0.238402 0.622998 0.0415851 0.671301 0.0544361
0.17181 0.647476 0.105303 0.649304 0.0794475 0.700669
0.674738 0.161974 0.699881 0.0511871 0.621766 0.0304417
0.581221 0.281918 0.695802 0.0628177 0.667066 0.0517668
0.68472 0.109899 0.697546 0.0376077 0.682959 0.0557604
0.547778 0.406716 0.729139 0.0869974 0.689236 0.0731329
0.616591 0.0895096 0.673536 0.0382998 0.681025 0.0665145
0.462324 0.554917 0.53831 0.407307 0.675014 0.0584625
0.312266 0.334631 0.47169 0.40342 0.685509 0.107699
0.542018 0.37033 0.689214 0.169232 0.655123 0.0942228
0.457861 0.549715 0.553552 0.52871 0.714957 0.0850477
0.222338 0.551121 0.0649032 0.622233 0.0297332 0.658926
0.637099 0.116754 0.679657 0.0705153 0.657218 0.0421425
0.118935 0.624623 0.07822 0.66489 0.0566417 0.62326
0.668357 0.0655221 0.685039 0.0579913 0.686999 0.143441
0.619702 0.319457 0.644722 0.0409687 0.685251 0.0540677
0.589842 0.154776 0.691382 0.0416719 0.63337 0.0405352
0.642688 0.172249 0.66298 0.0441157 0.635638 0.0433965
0.0902269 0.66958 0.304534 0.649595 0.0436028 0.687736
0.186111 0.627543 0.0722271 0.61516 0.0308139 0.665427
0.579332 0.121903 0.635267 0.0281787 0.71248 0.0936601
0.245901 0.658714 0.24754 0.532642 0.0814354 0.661048
0.656129 0.169736 0.639813 0.0683082 0.6541 0.0707286
0.547194 0.336648 0.710455 0.0770619 0.677557 0.0527261
0.674549 0.261991 0.693198 0.0810591 0.646409 0.0463378
0.241123 0.654794 0.156938 0.667593 0.103746 0.699806
0.110008 0.454016 0.0861682 0.672037 0.122143 0.671938
0.444754 0.419878 0.587805 0.552355 0.593298 0.283391
0.360724 0.550835 0.0953858 0.678263 0.109494 0.656359
0.129967 0.502697 0.0762093 0.695795 0.104919 0.637815
0.438643 0.556702 0.639689 0.198869 0.720896 0.0502965
0.475839 0.420706 0.654747 0.22553 0.668537 0.063769
0.579752 0.180294 0.686034 0.0738601 0.707828 0.0615587
0.315111 0.486542 0.711393 0.130624 0.670842 0.0488584
0.484689 0.162754 0.651821 0.0721025 0.651791 0.0613371
0.706111 0.105999 0.678268 0.118345 0.632807 0.0410868
0.484831 0.148651 0.694939 0.113816 0.680233 0.118957
0.384841 0.627886 0.531879 0.400285 0.611983 0.524543
0.650566 0.167552 0.66806 0.0659604 0.680837 0.0535501
0.384098 0.280218 0.682777 0.0829715 0.679982 0.0383791
0.549666 0.143137 0.674094 0.0551419 0.630687 0.0518792
0.287885 0.134811 0.666801 0.0397208 0.671895 0.0452441
0.713129 0.0922391 0.647357 0.111188 0.646375 0.0676878
0.334818 0.415216 0.285808 0.698788 0.319172 0.563848
0.182133 0.53855 0.0523971 0.678127 0.108207 0.645275
0.585716 0.15798 0.60747 0.0132292 0.650653 0.0423606
0.597008 0.179383 0.723735 0.0747943 0.71432 0.0951912
0.635208 0.298107 0.652503 0.190487 0.64778 0.0500095
0.674063 0.15346 0.675345 0.0413661 0.69003 0.0776494
0.499305 0.274613 0.712832 0.0653124 0.682529 0.0562009
0.660689 0.249338 0.706738 0.062799 0.630992 0.0509832
0.533794 0.208401 0.638176 0.0544265 0.710456 0.0974312
0.666186 0.0747398 0.676005 0.0378657 0.652054 0.0432117
0.456706 0.445047 0.712818 0.352815 0.675757 0.0368534
0.14533 0.63593 0.0808065 0.667176 0.104513 0.663811
0.476256 0.619758 0.551783 0.351414 0.624033 0.0431474
0.588804 0.280907 0.692598 0.0792537 0.625796 0.0530049
0.249842 0.628078 0.0774114 0.656243 0.0792583 0.682271
0.644766 0.297602 0.678457 0.0445033 0.673669 0.03716
0.393651 0.473736 0.612725 0.44276 0.671844 0.229848
0.304015 0.581095 0.0587698 0.666359 0.125564 0.639028
0.137127 0.675112 0.0359985 0.679054 0.0696183 0.656364
0.641209 0.060915 0.653781 0.114362 0.674399 0.0162873
0.653529 0.209644 0.694825 0.0422458 0.659238 0.0691813
0.278264 0.452829 0.0777443 0.676698 0.0498915 0.638348
0.606077 0.350172 0.681056 0.062352 0.707599 0.0374486
0.522224 0.530322 0.484346 0.480614 0.673682 0.0493341
0.18933 0.553975 0.108334 0.621137 0.0698016 0.615072
0.634596 0.353867 0.663804 0.0448888 0.673423 0.0564398
0.665716 0.270442 0.682253 0.0725549 0.687905 0.0744819
0.649298 0.294931 0.707877 0.107087 0.641292 0.0626493
0.667536 0.364445 0.638737 0.0353401 0.695732 0.0783928
0.514589 0.283595 0.662267 0.033554 0.681649 0.0453662
0.664133 0.127982 0.663228 0.0527265 0.622689 0.020884
0.693581 0.0629179 0.644658 0.0407781 0.602382 0.0177825
0.654551 0.241245 0.708346 0.124179 0.719394 0.0716198
0.369026 0.500663 0.141914 0.669896 0.05619 0.647263
0.507067 0.412043 0.610888 0.0590993 0.699708 0.109491
0.617135 0.226747 0.648771 0.0394337 0.681812 0.0989318
0.591757 0.170978 0.650688 0.0398086 0.654315 0.0237468
0.271825 0.694877 0.117362 0.689009 0.0387504 0.6837
0.337535 0.604289 0.493858 0.40304 0.603883 0.0319914
0.594385 0.345783 0.708198 0.0468708 0.694318 0.119111
0.564829 0.398079 0.683249 0.059766 0.671089 0.0793159
0.210723 0.574959 0.098735 0.608588 0.0971396 0.701643
0.682104 0.0772019 0.638625 0.171362 0.671403 0.0306103
0.632811 0.0874319 0.666328 0.0469871 0.686981 0.0661241
0.478039 0.185661 0.666794 0.0449305 0.689517 0.0567431
0.669176 0.159893 0.665751 0.0674155 0.685897 0.0918524
0.652691 0.1548 0.734605 0.0829245 0.718062 0.0875501
0.496313 0.345237 0.689634 0.0769189 0.680618 0.0566771
0.608826 0.290357 0.662675 0.0426883 0.694257 0.0381257
0.553276 0.0678562 0.697014 0.0410061 0.750429 0.147606
0.102807 0.551054 0.039355 0.660223 0.0554021 0.591946
0.271659 0.602514 0.0885998 0.669124 0.0624925 0.666637
0.60702 0.377571 0.651062 0.0592585 0.631823 0.0531908
0.604323 0.143287 0.678094 0.0950538 0.670393 0.0655103
0.601261 0.120689 0.636926 0.0275557 0.71997 0.08717
0.260876 0.305188 0.531741 0.419485 0.666146 0.0667499
0.398222 0.243984 0.695542 0.0673779 0.685469 0.0523494
0.669925 0.0975687 0.693205 0.105648 0.650514 0.0637816
0.1665 0.543345 0.0757094 0.686619 0.102057 0.584086
0.500864 0.651102 0.083732 0.645538 0.0457848 0.625775
0.630971 0.0868398 0.709601 0.0834996 0.683509 0.0404135
0.619619 0.102588 0.599225 0.106739 0.69318 0.0798172
0.232463 0.623221 0.0885516 0.642307 0.0672568 0.685078
0.556914 0.132065 0.71545 0.25584 0.621503 0.0399421
0.631982 0.111463 0.634714 0.0404666 0.692249 0.0440934
0.251221 0.606802 0.102476 0.718536 0.0875211 0.679736
0.524666 0.515931 0.696465 0.0962708 0.710991 0.073387
0.645681 0.174363 0.710591 0.0289289 0.639926 0.0812072
0.103513 0.634548 0.0868813 0.69186 0.0437251 0.667389
0.471219 0.41527 0.612578 0.179387 0.624711 0.0417591
0.586083 0.259194 0.645596 0.0629524 0.646217 0.0527898
0.625511 0.166688 0.678591 0.0750749 0.64156 0.0393971
0.380545 0.46624 0.643409 0.279466 0.643018 0.0668104
0.702547 0.178239 0.681226 0.0727066 0.700589 0.0907144
0.55518 0.126628 0.632455 0.0706854 0.695316 0.0937307
0.197254 0.59991 0.116123 0.651757 0.102241 0.670552
0.179937 0.613286 0.0708489 0.672443 0.124432 0.704437
0.632092 0.0968363 0.682202 0.0733553 0.66564 0.0780403
0.591539 0.067833 0.667885 0.0342225 0.691958 0.0779203
0.295949 0.678914 0.0744466 0.678064 0.0305955 0.628321
0.413924 0.283867 0.685563 0.0520827 0.633807 0.040523
0.301813 0.463004 0.0729637 0.672098 0.174211 0.676271
0.255505 0.391226 0.689456 0.13572 0.592198 0.0342694
0.279045 0.662424 0.172211 0.671061 0.0688348 0.677211
0.589039 0.343934 0.697498 0.0344442 0.679103 0.117574
0.688773 0.231642 0.711483 0.119744 0.699898 0.0614225
0.64745 0.147462 0.649631 0.0824874 0.695948 0.0432617
0.662391 0.0660717 0.714315 0.137085 0.676462 0.0411254
0.196916 0.608181 0.081774 0.673986 0.0259961 0.632536
0.702804 0.22516 0.720156 0.0952055 0.671017 0.0542214
0.459981 0.320567 0.661935 0.0649845 0.669915 0.0611984
0.342275 0.323182 0.574486 0.374061 0.679817 0.0574497
0.609008 0.146469 0.67036 0.0573866 0.690761 0.0600447
0.659224 0.0665316 0.704566 0.0682224 0.675184 0.0541209
0.578231 0.206391 0.693477 0.0313054 0.683271 0.0524949
0.612732 0.186254 0.687844 0.0652845 0.685048 0.0545635
0.439958 0.420557 0.685956 0.120929 0.698797 0.11181
0.0450334 0.631976 0.065543 0.593135 0.125103 0.611177
0.375765 0.263339 0.711255 0.0563576 0.647366 0.0767403
0.506219 0.30544 0.691197 0.038947 0.615718 0.0413051
0.0751178 0.650003 0.140141 0.633736 0.04608 0.663419
0.353673 0.516187 0.720022 0.174794 0.658304 0.0344258
0.300855 0.489562 0.0765537 0.596465 0.109324 0.701493
0.485026 0.32873 0.655732 0.0765348 0.688465 0.0815737
0.621755 0.301651 0.672924 0.0537262 0.711351 0.0617882
0.155225 0.632094 0.0543816 0.650795 0.0591092 0.699459
0.491375 0.383966 0.716407 0.0322513 0.63745 0.0560294
0.20172 0.553605 0.0599462 0.611004 0.121997 0.663251
0.49336 0.190929 0.683536 0.0898735 0.703257 0.108843
0.606974 0.186705 0.680734 0.0524489 0.674706 0.0621111
0.150265 0.614067 0.0906904 0.664108 0.124801 0.644922
0.462144 0.260759 0.691056 0.0646793 0.68428 0.130339
0.431449 0.322896 0.680886 0.0532648 0.696486 0.097673
0.432117 0.487612 0.609689 0.107808 0.701684 0.104896
0.628846 0.130359 0.653897 0.0691271 0.69824 0.0703864
0.346717 0.623433 0.484648 0.429615 0.651028 0.0885402
0.638462 0.151923 0.624046 0.064216 0.676728 0.0657251
0.548098 0.234919 0.66665 0.0715888 0.676194 0.0834798
0.579653 0.187647 0.699221 0.0309572 0.691714 0.061842
0.59127 0.445516 0.644694 0.249213 0.639573 0.0483153
0.635501 0.0505417 0.705865 0.0834445 0.736037 0.065157
0.645739 0.287833 0.685792 0.0388874 0.689055 0.052917
0.614586 0.0770838 0.679903 0.119077 0.645365 0.0556182
0.635394 0.408098 0.67337 0.0798907 0.67124 0.067356
0.397009 0.462318 0.461355 0.432044 0.654993 0.145182
0.192152 0.164474 0.644961 0.0842981 0.704709 0.143054
0.607068 0.536775 0.397726 0.47476 0.0681284 0.676776
0.136642 0.563415 0.109219 0.679875 0.0587061 0.65631
0.686619 0.1034 0.688647 0.0912611 0.693505 0.0552278
0.510379 0.613315 0.567866 0.563468 0.65049 0.0366685
0.659297 0.180733 0.681441 0.0239315 0.662528 0.0305456
0.654911 0.0862887 0.674246 0.0944972 0.683769 0.104668
0.32516 0.456739 0.72879 0.180487 0.629253 0.0389915
0.683831 0.112502 0.65942 0.12053 0.648166 0.0529195
0.525079 0.073782 0.643094 0.0586762 0.663314 0.0140379
0.368712 0.429856 0.616646 0.0384129 0.643623 0.0901634
0.555773 0.480899 0.626042 0.289049 0.71876 0.0447364
0.507228 0.451563 0.500059 0.551467 0.663471 0.0621327
0.642547 0.142037 0.680271 0.0492554 0.667028 0.0661578
0.304276 0.469058 0.529586 0.52259 0.640448 0.0579334
0.504846 0.104565 0.623357 0.0500656 0.668337 0.0562226
0.639544 0.159621 0.692447 0.0545461 0.653433 0.042846
0.624467 0.200959 0.678536 0.068903 0.599348 0.0584621
0.047234 0.608176 0.0672144 0.635241 0.0710596 0.639507
0.696636 0.153887 0.675785 0.0512009 0.649563 0.108422
0.659136 0.187494 0.670816 0.0758279 0.630825 0.080733
0.402613 0.673882 0.667107 0.197614 0.674454 0.043562
0.270881 0.686151 0.126943 0.672589 0.0496166 0.669677
0.616063 0.314613 0.670595 0.0484304 0.648756 0.0465893
0.671433 0.155407 0.677091 0.028762 0.696952 0.0567858
0.104249 0.607408 0.0907094 0.685584 0.0963858 0.61471
0.624948 0.0776242 0.645202 0.0583768 0.664358 0.0814406
0.632855 0.258091 0.698224 0.105031 0.635498 0.043553
0.582316 0.411372 0.672793 0.044188 0.633913 0.0352426
0.671743 0.106449 0.694188 0.0849427 0.681678 0.0480203
0.548252 0.374925 0.559656 0.18217 0.657244 0.0586815
0.571173 0.242058 0.678525 0.0802425 0.725325 0.063799
0.158149 0.668922 0.0871381 0.675198 0.0956439 0.67272
0.673508 0.0947575 0.704737 0.0876412 0.636573 0.0250832
0.292952 0.617824 0.384527 0.444167 0.6646 0.0317852
0.197324 0.391814 0.182071 0.656836 0.0383938 0.64019
0.33302 0.531744 0.322931 0.558325 0.621767 0.358029
0.508071 0.0803496 0.676983 0.0686468 0.668806 0.0557141
0.590018 0.0994025 0.708498 0.0640376 0.666797 0.0710082
0.100818 0.617012 0.053664 0.697206 0.0917026 0.664898
0.225613 0.578815 0.0999659 0.665964 0.0478798 0.629215
0.125526 0.635696 0.124231 0.68224 0.0330396 0.649078
0.566552 0.247818 0.670969 0.0666035 0.715573 0.121559
0.517227 0.178126 0.661234 0.0805999 0.636051 0.0294086
0.385672 0.435437 0.544487 0.454881 0.680967 0.0418836
0.60236 0.167506 0.685106 0.051756 0.716056 0.112824
0.320811 0.479337 0.237365 0.64661 0.0747118 0.684529
0.68913 0.124531 0.680642 0.0668437 0.720036 0.107142
0.407161 0.407367 0.655476 0.485145 0.711733 0.0857844
0.531084 0.354381 0.665715 0.124095 0.640255 0.0616129
0.489859 0.36076 0.651201 0.0346375 0.699885 0.0736285
0.45947 0.460614 0.640572 0.126899 0.650738 0.122486
0.501584 0.327092 0.677034 0.0850708 0.700836 0.05111
0.248809 0.27858 0.645787 0.265956 0.6452 0.0510487
0.688552 0.140041 0.683638 0.0474969 0.686577 0.077478
0.649444 0.117537 0.673117 0.0876291 0.665225 0.0939201
0.575697 0.259861 0.663138 0.0648048 0.66268 0.043293
0.597452 0.413862 0.572419 0.2183 0.66951 0.0727277
0.618025 0.187152 0.704417 0.0947591 0.635632 0.0253087
0.645137 0.180233 0.653233 0.045711 0.665574 0.0422526
0.640237 0.220314 0.674188 0.0703009 0.674304 0.0367977
0.141474 0.628508 0.0828429 0.666161 0.0456178 0.633917
0.397381 0.333585 0.710625 0.0649688 0.685082 0.0291751
0.487481 0.553251 0.619987 0.314251 0.722891 0.106581
0.563934 0.292627 0.637057 0.047621 0.695768 0.0579586
0.218594 0.618202 0.130684 0.693965 0.0760655 0.639386
0.426633 0.522958 0.114067 0.701216 0.134208 0.706744
0.474166 0.104284 0.683266 0.0963998 0.64342 0.0915766
0.675425 0.161544 0.67575 0.0668035 0.711332 0.0392877
0.226422 0.662075 0.125309 0.699578 0.0537106 0.638452
0.567649 0.116229 0.691469 0.0419559 0.688519 0.045414
0.382204 0.307912 0.660734 0.0393046 0.657575 0.0742909
0.100092 0.653559 0.115442 0.69121 0.0288143 0.66369
0.676094 0.0802643 0.714491 0.072425 0.628264 0.0788014
0.593237 0.195198 0.693964 0.0480085 0.732497 0.096598
0.594755 0.215225 0.686518 0.0292821 0.713472 0.143362
0.198768 0.525824 0.138297 0.677429 0.0889812 0.677974
0.378289 0.496367 0.548736 0.406491 0.693545 0.031623
0.113669 0.637197 0.0818286 0.700628 0.0362262 0.657818
0.473963 0.376114 0.660031 0.0921201 0.681683 0.0940142
0.618315 0.127629 0.651598 0.0662856 0.685386 0.0346239
0.385918 0.338639 0.684444 0.0729164 0.681038 0.0778658
0.693213 0.249751 0.662179 0.0327602 0.668582 0.100803
0.413542 0.509991 0.587753 0.442635 0.670059 0.120039
0.662627 0.146197 0.683818 0.0659187 0.656988 0.0716107
0.399906 0.341094 0.566948 0.119826 0.615913 0.0324224
0.241485 0.607494 0.259478 0.591748 0.200127 0.639623
0.670254 0.26051 0.634313 0.0678467 0.62975 0.0624507
0.255448 0.565409 0.195384 0.703741 0.112687 0.709739
0.668267 0.13014 0.710468 0.0432246 0.712673 0.0437218
0.215495 0.553407 0.479524 0.59644 0.658597 0.0538228
0.44291 0.247788 0.682205 0.0788564 0.709402 0.115468
0.626433 0.153027 0.648489 0.0492049 0.678975 0.0785339
0.457103 0.565804 0.627912 0.0616482 0.703769 0.063374
0.318925 0.528095 0.0465262 0.60614 0.11685 0.608045
0.285309 0.257391 0.663225 0.167791 0.706114 0.0247035
0.641811 0.283875 0.624971 0.0809792 0.672457 0.0449102
0.611726 0.262603 0.748118 0.137959 0.636193 0.054236
0.473486 0.611476 0.194335 0.670988 0.110722 0.698508
0.656028 0.261577 0.704868 0.0422045 0.673389 0.0393705
0.594042 0.060929 0.700247 0.0563876 0.68614 0.0556978
0.609991 0.126518 0.678608 0.0942146 0.702529 0.0911872
0.562484 0.224661 0.673885 0.0320853 0.672254 0.0479158
0.630937 0.257247 0.630864 0.0836705 0.660782 0.058942
0.373016 0.495258 0.535821 0.393974 0.679241 0.05629
0.59019 0.197785 0.64618 0.0559974 0.680962 0.0533425
0.635368 0.183067 0.698994 0.0530335 0.701813 0.0929718
0.62117 0.130872 0.673143 0.0132028 0.674314 0.0483113
0.639531 0.120388 0.715852 0.0805115 0.719333 0.0745754
0.640109 0.068344 0.708947 0.0551056 0.712648 0.0604341
0.58067 0.132465 0.693557 0.0482389 0.714706 0.0456594
0.581125 0.174927 0.686656 0.0409676 0.665588 0.0475107
0.283999 0.282183 0.669531 0.0472611 0.71394 0.140695
0.0778788 0.673972 0.0492638 0.634312 0.0519632 0.69399
0.63392 0.06679 0.689441 0.0984715 0.692218 0.0402028
0.6548 0.110015 0.671909 0.0336661 0.688598 0.0339247
0.637312 0.127862 0.696521 0.0505267 0.701064 0.0716918
0.465481 0.588197 0.618659 0.087732 0.642241 0.0455852
0.609836 0.106764 0.668013 0.0387777 0.706528 0.0474324
0.530364 0.122976 0.641478 0.0565863 0.690163 0.0610949
0.653525 0.131316 0.645224 0.0334135 0.615155 0.0444935
0.585473 0.216447 0.670656 0.0509681 0.661464 0.0550429
0.295199 0.425374 0.564 0.387812 0.687631 0.0816923
0.596439 0.141618 0.645689 0.0903496 0.652221 0.0691523
0.588936 0.279103 0.688376 0.0487551 0.706616 0.0773598
0.187173 0.54521 0.0725741 0.650994 0.320048 0.651506
0.310301 0.480332 0.457316 0.499864 0.673648 0.070442
0.648663 0.303276 0.737395 0.0438072 0.588095 0.0791359
0.665418 0.161054 0.666557 0.100206 0.669794 0.0611284
0.62805 0.0657401 0.696311 0.115098 0.698848 0.0819555
0.688037 0.270665 0.701299 0.073051 0.681124 0.117194
0.578008 0.227642 0.682582 0.080549 0.672045 0.0503454
0.559158 0.0959672 0.682689 0.139701 0.69397 0.0346421
0.590011 0.0796655 0.705275 0.0874228 0.667087 0.053417
0.523275 0.115309 0.608366 0.0306899 0.685401 0.0290421
0.622482 0.041064 0.685832 0.0886832 0.652538 0.050909
0.565509 0.298161 0.698662 0.0689544 0.72469 0.0673097
0.622467 0.102419 0.639555 0.0639067 0.64295 0.026843
0.37017 0.395047 0.593412 0.456795 0.672696 0.0873936
0.49324 0.259344 0.688003 0.078814 0.680731 0.0618875
0.625396 0.14987 0.708268 0.0658977 0.677526 0.0561814
0.464006 0.506828 0.095794 0.682565 0.0443058 0.684127
0.52605 0.456563 0.613919 0.253905 0.655855 0.0558649
0.545237 0.248433 0.684415 0.0432075 0.713419 0.0604726
0.612667 0.474284 0.392679 0.452531 0.558978 0.451596
0.620163 0.29851 0.716244 0.072884 0.639829 0.0682726
0.636095 0.40893 0.702583 0.0629948 0.697026 0.0460463
0.397609 0.158877 0.695245 0.108931 0.63424 0.0603618
0.524437 0.252068 0.67982 0.0593616 0.700965 0.0604653
0.680497 0.154818 0.676868 0.0577736 0.693753 0.0545154
0.29372 0.53507 0.0585135 0.577373 0.112224 0.667068
0.358157 0.417781 0.519918 0.386435 0.655501 0.128662
0.61582 0.13294 0.688983 0.0501008 0.68967 0.138066
0.632305 0.0989381 0.646114 0.0599945 0.677223 0.0432741
0.652228 0.147412 0.681497 0.0667073 0.636789 0.0352384
0.400009 0.224188 0.663194 0.0377305 0.698743 0.0642449
0.70969 0.182121 0.673128 0.0785782 0.70404 0.0834662
0.587349 0.0712471 0.655806 0.0335009 0.668686 0.0704419
0.521378 0.414355 0.530678 0.471546 0.670334 0.20428
0.535236 0.352472 0.708622 0.0753087 0.660132 0.0446808
0.548656 0.154228 0.673167 0.0695401 0.678683 0.0591415
0.628419 0.249266 0.744324 0.0745943 0.678353 0.103775
0.331698 0.59982 0.0782919 0.717684 0.128239 0.685502
0.427134 0.17081 0.664344 0.0309525 0.675135 0.0473925
0.642672 0.0577774 0.665627 0.0323702 0.614064 0.0499827
0.604721 0.41003 0.667753 0.0302802 0.695932 0.0560691
0.564632 0.162935 0.683106 0.0513276 0.683084 0.0496089
0.350228 0.562386 0.580078 0.394755 0.647887 0.254317
0.43858 0.39909 0.661479 0.255342 0.616179 0.0760223
0.621971 0.164139 0.635677 0.0452296 0.653062 0.0429534
0.372642 0.228641 0.726399 0.0635126 0.657915 0.0601635
0.655841 0.0610605 0.668371 0.0340971 0.681562 0.0749986
0.723737 0.121704 0.660694 0.0284292 0.664808 0.123169
0.616355 0.218294 0.640589 0.0370792 0.650094 0.0332075
0.681569 0.108496 0.650048 0.0646043 0.657749 0.0417568
0.1988 0.466939 0.0959722 0.67201 0.150046 0.643237
0.133748 0.449797 0.0774803 0.621287 0.0409834 0.650989
0.459753 0.217206 0.682688 0.11478 0.667994 0.0314281
0.636308 0.406524 0.677902 0.0399887 0.638455 0.0523372
0.649278 0.0851501 0.69946 0.041611 0.699071 0.0979805
0.610764 0.121733 0.695954 0.1382 0.649226 0.0426112
0.460671 0.11124 0.632519 0.108965 0.664331 0.0363958
0.546451 0.158815 0.644025 0.0494189 0.672194 0.0713311
0.558196 0.506004 0.632171 0.198773 0.7007 0.045416
0.344384 0.374004 0.614849 0.0617693 0.707719 0.074111
0.664698 0.103856 0.642635 0.0384439 0.691254 0.0279327
0.648866 0.137871 0.681056 0.056374 0.659506 0.0568364
0.529113 0.509774 0.512398 0.473449 0.662323 0.0445689
0.195489 0.578594 0.11889 0.714138 0.10491 0.685943
0.701633 0.337799 0.635147 0.0699438 0.702798 0.107195
0.282936 0.440598 0.061449 0.689586 0.106284 0.660454
0.616892 0.0850591 0.654921 0.0228334 0.686041 0.162584
0.0795376 0.627618 0.0832982 0.724771 0.0918924 0.694542
0.641037 0.077087 0.676548 0.0704899 0.652126 0.0185718
0.5771 0.177851 0.642608 0.0569499 0.712245 0.111865
0.491431 0.23533 0.680307 0.0708472 0.662875 0.035047
0.371176 0.518096 0.601653 0.473196 0.66683 0.0554575
0.485104 0.377115 0.661493 0.0528229 0.689812 0.034236
0.0605174 0.621523 0.0600025 0.655111 0.0701001 0.686988
0.593297 0.220979 0.648058 0.270259 0.65569 0.0515192
0.568612 0.442228 0.685623 0.040479 0.646695 0.0755573
0.339311 0.377171 0.512077 0.400132 0.699838 0.0519301
0.597157 0.322931 0.638133 0.0779872 0.638625 0.0539853
0.261181 0.606406 0.06834 0.63494 0.0394687 0.606866
0.358443 0.532661 0.131583 0.682546 0.120841 0.665094
0.37965 0.238937 0.305479 0.540851 0.529036 0.351135
0.52154 0.40865 0.672833 0.0414819 0.678454 0.0563867
0.59831 0.143304 0.64779 0.0542601 0.668133 0.0435706
0.563556 0.107238 0.69824 0.0735902 0.624555 0.0621624
0.63788 0.117968 0.684125 0.0412085 0.6324 0.0640995
0.603217 0.0860215 0.676704 0.0501554 0.693494 0.0763761
0.560446 0.279311 0.671255 0.080488 0.69038 0.0945969
0.648664 0.262864 0.710898 0.0474192 0.656631 0.0361914
0.487976 0.285329 0.64524 0.0738976 0.568722 0.0600249
0.602135 0.247081 0.665469 0.0710812 0.69525 0.0744697
0.65396 0.0547961 0.691068 0.0530245 0.634786 0.0814409
0.301615 0.537035 0.141604 0.71847 0.125237 0.645258
0.550519 0.304632 0.641314 0.0441103 0.676268 0.0557715
0.697232 0.278637 0.702054 0.114011 0.689204 0.0670739
0.682928 0.220492 0.715514 0.0845053 0.686219 0.112561
0.675342 0.187185 0.646422 0.0631616 0.67011 0.0474769
0.554602 0.225252 0.627361 0.0452795 0.65245 0.072658
0.215324 0.664679 0.0440742 0.614375 0.108838 0.645972
0.563482 0.227528 0.502115 0.506949 0.667539 0.106747
0.428932 0.529766 0.488787 0.510234 0.663365 0.0447347
0.446737 0.491031 0.594399 0.558803 0.634714 0.255866
0.596423 0.212738 0.647578 0.0545031 0.706252 0.08396
0.680868 0.174835 0.668617 0.0666721 0.660332 0.0508207
0.685982 0.114376 0.617723 0.0416576 0.679078 0.023296
0.539489 0.124725 0.686943 0.112385 0.632664 0.02739
0.556791 0.199383 0.712755 0.158011 0.669892 0.0341541
0.430379 0.400366 0.679553 0.0958155 0.685397 0.0511888
0.709418 0.188552 0.641326 0.047754 0.700782 0.114283
0.203292 0.610905 0.0704591 0.694497 0.085693 0.676214
0.371542 0.617134 0.0420618 0.639934 0.13634 0.693036
0.420097 0.421067 0.662391 0.0838487 0.690184 0.0787623
0.414677 0.597488 0.568778 0.424975 0.705428 0.0510125
0.307506 0.489567 0.594595 0.46044 0.643181 0.0420541
0.555399 0.290741 0.68387 0.247651 0.634618 0.0358858
0.603062 0.280563 0.642756 0.0287349 0.634247 0.02895
0.579297 0.256362 0.681184 0.0943829 0.701156 0.0369328
0.365769 0.579462 0.127133 0.663546 0.0952313 0.718569
0.519597 0.299294 0.633406 0.0724119 0.650838 0.094883
0.338119 0.583981 0.179809 0.644795 0.0824635 0.621487
0.456161 0.560768 0.228865 0.587486 0.165243 0.686788
0.344134 0.647377 0.54132 0.583438 0.673013 0.0752225
0.665179 0.0938565 0.584361 0.0231471 0.688783 0.0598158
0.628164 0.254267 0.706091 0.0687472 0.695743 0.0310475
0.357068 0.652032 0.0670446 0.671343 0.108249 0.698609
0.546623 0.358968 0.695093 0.0530747 0.676952 0.066095
0.637833 0.0881288 0.699711 0.0557691 0.733038 0.0630013
0.141421 0.681564 0.0484341 0.648735 0.0852382 0.69651
0.322896 0.605165 0.143729 0.680439 0.0513111 0.635776
0.600436 0.14871 0.637246 0.0557416 0.680193 0.0467772
0.673083 0.131889 0.707107 0.0958485 0.680273 0.0914255
0.679016 0.114085 0.663579 0.0415308 0.640275 0.028109
0.665699 0.100033 0.687991 0.0541172 0.682052 0.097264
0.392934 0.506205 0.551802 0.585636 0.636512 0.29397
0.450617 0.422206 0.69493 0.15374 0.67481 0.0616461
0.686764 0.0649958 0.657567 0.0304542 0.658077 0.0693978
0.145049 0.667115 0.0952512 0.647081 0.0559302 0.70359
0.163676 0.639233 0.110588 0.683441 0.0545598 0.618251
0.556901 0.371015 0.713635 0.0809119 0.685926 0.0602427
0.462347 0.540811 0.617283 0.204512 0.669573 0.0388219
0.603199 0.303518 0.668402 0.0450539 0.628553 0.0685808
0.595813 0.164012 0.653404 0.0979979 0.709638 0.0915501
0.470671 0.602591 0.656757 0.12446 0.687041 0.126789
0.636379 0.0978331 0.680169 0.0788043 0.714829 0.0749428
0.338384 0.403417 0.722555 0.12705 0.660012 0.0470861
0.186999 0.451149 0.167167 0.58454 0.0790649 0.629848
0.560527 0.0807388 0.666004 0.0607619 0.70275 0.135909
0.242923 0.617573 0.0728056 0.653289 0.103703 0.681923
0.648279 0.121804 0.652207 0.0532346 0.656109 0.048097
0.70255 0.145294 0.707827 0.0718821 0.658485 0.120148
0.187203 0.677555 0.060948 0.660527 0.181461 0.673265
0.657782 0.121308 0.687032 0.0438348 0.601703 0.0471528
0.557759 0.296096 0.702897 0.0551239 0.673123 0.108161
0.637451 0.3181 0.65936 0.0629927 0.686463 0.0558878
0.545427 0.29548 0.647906 0.110452 0.69063 0.144703
0.600554 0.209551 0.626522 0.0473209 0.65657 0.0646498
0.3913 0.41948 0.665315 0.0380109 0.681898 0.0443303
0.161572 0.68274 0.153969 0.667047 0.115447 0.599745
0.0941012 0.691846 0.0537724 0.619305 0.179143 0.651755
0.651906 0.155979 0.671264 0.148309 0.690687 0.0799251
0.652307 0.294746 0.690481 0.103246 0.685328 0.0921854
0.586424 0.204625 0.639265 0.0769026 0.745344 0.0906791
0.141765 0.661526 0.129506 0.553694 0.0932562 0.626758
0.186104 0.647568 0.0815176 0.642519 0.0696502 0.714322
0.559237 0.509961 0.668898 0.086335 0.672406 0.0460952
0.682189 0.0748488 0.68471 0.0603432 0.69759 0.104062
0.138735 0.552862 0.162799 0.70686 0.106969 0.685906
0.576768 0.342426 0.647953 0.0795056 0.676017 0.0439749
0.642309 0.123807 0.665339 0.0668253 0.704872 0.0951644
0.390069 0.536358 0.587404 0.222535 0.669578 0.102269
0.491216 0.517421 0.677079 0.37133 0.661673 0.0586238
0.723826 0.0971094 0.695752 0.0856698 0.71341 0.0464751
0.629747 0.110128 0.698895 0.0381283 0.658179 0.0820397
0.672876 0.0930687 0.708635 0.0443538 0.715809 0.0948605
0.434734 0.52864 0.659238 0.204773 0.680237 0.0698247
0.477476 0.360525 0.642889 0.279049 0.704162 0.114801
0.397383 0.195258 0.680089 0.0840385 0.676639 0.0431383
0.424545 0.411291 0.606265 0.352133 0.636656 0.061225
0.464027 0.121741 0.705986 0.0312829 0.646016 0.0456848
0.69728 0.156263 0.683902 0.0271341 0.671184 0.0297543
0.694499 0.0444676 0.66702 0.0428336 0.616175 0.0494373
0.453808 0.351871 0.691326 0.0542913 0.704022 0.0661383
0.681641 0.0812001 0.678611 0.0758452 0.644148 0.0655038
0.638615 0.371295 0.691985 0.0690689 0.718427 0.067312
0.358666 0.376304 0.56719 0.380545 0.659038 0.0640684
0.633524 0.280561 0.657238 0.0743901 0.698251 0.0303032
0.622073 0.342212 0.621688 0.0420579 0.614354 0.048243
0.517023 0.496105 0.675909 0.0726082 0.723553 0.0549544
0.124836 0.64314 0.116699 0.679356 0.0397334 0.658717
0.212042 0.660564 0.0567627 0.674744 0.0565773 0.66588
0.662191 0.255085 0.689633 0.068302 0.69499 0.0685504
0.213398 0.609619 0.0886935 0.653189 0.0772861 0.633022
0.523552 0.336551 0.673878 0.0734631 0.6705 0.0932814
0.240334 0.560947 0.0474188 0.59372 0.056919 0.60419
0.674492 0.156325 0.736872 0.0722076 0.674454 0.0589526
0.579892 0.114891 0.672368 0.0501798 0.649089 0.0336835
0.283122 0.547684 0.585604 0.39031 0.624765 0.054978
0.5459 0.0887341 0.755508 0.0686902 0.638297 0.0503724
0.157564 0.195289 0.520082 0.43029 0.643364 0.0600505
0.447624 0.563876 0.510143 0.24175 0.669755 0.16004
0.661556 0.187887 0.696363 0.163939 0.667469 0.0616759
0.688369 0.160209 0.66105 0.0782819 0.671849 0.087851
0.539464 0.16216 0.645719 0.0710835 0.665914 0.0666991
0.221985 0.563146 0.0709811 0.68342 0.130887 0.664145
0.506376 0.498273 0.578593 0.258724 0.693708 0.0690411
0.616671 0.444005 0.698993 0.0823497 0.679661 0.0648979
0.422944 0.398383 0.167696 0.619937 0.128666 0.653401
0.612982 0.108475 0.69784 0.091429 0.713201 0.0770117
0.565069 0.0622029 0.695104 0.0295491 0.671975 0.100757
0.673883 0.113934 0.688737 0.105502 0.662004 0.0389498
0.158059 0.588552 0.163277 0.675238 0.0819492 0.689522
0.676312 0.372151 0.702956 0.0992166 0.669727 0.0999689
0.313965 0.498526 0.596874 0.256496 0.659554 0.044509
0.05108 0.596233 0.0411127 0.619711 0.149539 0.641363
0.409618 0.366908 0.693898 0.0714588 0.646395 0.0526052
0.202541 0.61893 0.0982185 0.672682 0.120413 0.613709
0.521071 0.287162 0.672582 0.188903 0.697903 0.0700976
0.407397 0.387501 0.668809 0.0855203 0.675948 0.041381
0.485862 0.514997 0.61228 0.197461 0.682211 0.0938614
0.0942506 0.614167 0.141725 0.639626 0.066592 0.642134
0.640408 0.196819 0.66758 0.0650264 0.637172 0.0416962
0.53051 0.122038 0.666583 0.0308762 0.611575 0.0499526
0.458967 0.527763 0.499113 0.22511 0.700343 0.0730516
0.262493 0.396058 0.0799781 0.614535 0.0731777 0.654177
0.521004 0.34766 0.6556 0.0653245 0.637943 0.105292
0.685982 0.171142 0.648235 0.0125873 0.699113 0.113255
0.576033 0.216055 0.663719 0.0361899 0.703983 0.114855
0.201222 0.526158 0.0846624 0.675226 0.0596783 0.671122
0.185226 0.671251 0.155091 0.663583 0.0398069 0.662961
0.663643 0.0931183 0.689514 0.0759134 0.67443 0.0838772
0.610864 0.235456 0.679082 0.0496826 0.668765 0.0562226
0.380542 0.186166 0.7021 0.060317 0.690742 0.0411203
0.702767 0.0557374 0.722 0.128503 0.70415 0.0829001
0.473808 0.315199 0.679332 0.0400128 0.654836 0.139216
0.66382 0.0881761 0.670307 0.0878089 0.652559 0.0589298
0.533151 0.484346 0.654362 0.0565385 0.685034 0.0614227
0.672058 0.0768635 0.697531 0.100026 0.714475 0.0662388
0.27446 0.430951 0.0970069 0.691844 0.036756 0.600126
0.668341 0.220002 0.702372 0.0388068 0.662449 0.0638637
0.547076 0.15536 0.736778 0.0391173 0.630351 0.0577123
0.217376 0.628986 0.0651217 0.682465 0.0974486 0.642414
0.291017 0.611087 0.0754669 0.658644 0.0275879 0.610703
0.536362 0.32386 0.692998 0.0880102 0.674689 0.0528635
0.577791 0.294138 0.675334 0.0850379 0.647965 0.0714308
0.136334 0.671341 0.0538906 0.658238 0.0772337 0.698089
0.538626 0.323038 0.681137 0.055537 0.678399 0.0686194
0.669866 0.0689615 0.712802 0.128009 0.658765 0.089996
0.336682 0.234755 0.662079 0.0781333 0.660497 0.0521528
0.556408 0.567117 0.542524 0.599834 0.48201 0.254348
0.610598 0.373221 0.672338 0.0745026 0.622325 0.0343051
0.647228 0.092805 0.701308 0.0530144 0.669961 0.0549841
0.146111 0.587515 0.0493711 0.607978 0.0816836 0.641252
0.610441 0.158782 0.698243 0.0867797 0.644891 0.0643553
0.39412 0.1466 0.711169 0.0529725 0.62473 0.0214148
0.649083 0.158595 0.650534 0.0583975 0.675354 0.084135
0.634349 0.0914583 0.683123 0.0554367 0.681341 0.0806864
0.683716 0.155565 0.675954 0.0471588 0.658188 0.0764473
0.349844 0.540087 0.0789074 0.69448 0.0753779 0.721562
0.57665 0.070407 0.693778 0.0846683 0.641105 0.0741008
0.730798 0.0963751 0.695491 0.0479448 0.636931 0.0536219
0.502678 0.543791 0.652757 0.447471 0.66218 0.0447991
0.592315 0.398733 0.700994 0.112291 0.575568 0.022379
0.639298 0.557319 0.60183 0.0693959 0.669012 0.0692887
0.640913 0.064552 0.67624 0.0439761 0.663536 0.0727176
0.604911 0.169078 0.665338 0.0277436 0.704895 0.0683678
0.442627 0.489594 0.217987 0.689825 0.107362 0.627374
0.31841 0.630921 0.0949253 0.658656 0.0684618 0.646589
0.594165 0.192471 0.639051 0.0401945 0.712831 0.0373012
0.48809 0.472011 0.674201 0.0965649 0.719014 0.054177
0.439517 0.373689 0.403008 0.496869 0.531214 0.42313
0.527251 0.273014 0.723786 0.0623332 0.621857 0.0462851
0.607613 0.202237 0.717013 0.0767546 0.701184 0.109891
0.609607 0.267899 0.673979 0.0611665 0.679096 0.0215853
0.451556 0.349279 0.691819 0.0533021 0.674052 0.0435222
0.515196 0.241214 0.685547 0.0740962 0.629129 0.04666
0.638872 0.271348 0.725387 0.0604894 0.679787 0.0916881
0.623214 0.0999965 0.644337 0.0523319 0.664861 0.0413825
0.572862 0.176144 0.660834 0.0373283 0.662163 0.0232295
0.567018 0.185086 0.667649 0.0259139 0.685943 0.063487
0.615281 0.0961333 0.682353 0.0815121 0.675576 0.0945148
0.163343 0.57107 0.0556905 0.647545 0.115932 0.690295
0.448711 0.30886 0.63189 0.0441332 0.680693 0.191978
0.580644 0.324348 0.650048 0.0574185 0.643735 0.054806
0.713681 0.147427 0.718369 0.069169 0.650292 0.0559948
0.382104 0.196019 0.690939 0.0387067 0.685631 0.107424
0.154773 0.31565 0.0646285 0.656476 0.0827186 0.662962
0.648179 0.09917 0.716126 0.0562616 0.720497 0.0838775
0.598211 0.215482 0.620022 0.124134 0.727233 0.104974
0.38848 0.421737 0.581624 0.321501 0.673583 0.0826269
0.434443 0.605427 0.0703566 0.640838 0.0412855 0.591484
0.491542 0.442246 0.671135 0.182246 0.653132 0.0672582
0.49457 0.287664 0.653397 0.0513348 0.667803 0.0485833
0.588046 0.200808 0.701209 0.0657766 0.668541 0.0297996
0.43639 0.4619 0.600785 0.467561 0.681368 0.035103
0.702204 0.0565864 0.682023 0.0925922 0.690492 0.041039
0.630542 0.169538 0.66148 0.0366003 0.709644 0.075553
0.373565 0.634698 0.181323 0.624663 0.103096 0.640677
0.613314 0.165058 0.669142 0.0497797 0.726447 0.0490628
0.684882 0.104269 0.676094 0.0676441 0.690721 0.0688408
0.564111 0.263119 0.661975 0.0465135 0.659958 0.0754662
0.302843 0.611469 0.474254 0.432734 0.117758 0.627418
0.0851882 0.646537 0.15534 0.674712 0.096059 0.681204
0.260275 0.662482 0.155625 0.618117 0.116038 0.626713
0.0966401 0.687546 0.0532228 0.600285 0.0491598 0.624962
0.640101 0.171417 0.579212 0.0524065 0.663361 0.0740807
0.278724 0.588151 0.122504 0.656704 0.0871824 0.661868
0.670904 0.153042 0.703721 0.0805437 0.68715 0.108307
0.165818 0.580188 0.0974453 0.663223 0.117262 0.606931
0.682854 0.111094 0.710016 0.0557804 0.634557 0.0436664
0.679711 0.131663 0.651317 0.0316274 0.690971 0.0763891
0.227856 0.571171 0.091014 0.667032 0.043977 0.59343
0.128246 0.711467 0.0931749 0.700635 0.107824 0.673816
0.555957 0.111195 0.698447 0.075447 0.645627 0.0449992
0.555794 0.393104 0.695864 0.0909477 0.650798 0.0701964
0.641535 0.181144 0.627286 0.0369411 0.651907 0.105475
0.361026 0.22647 0.740874 0.0582969 0.649699 0.0591762
0.556915 0.266146 0.697174 0.0522606 0.680203 0.0568537
0.646219 0.0967131 0.677934 0.0488988 0.659836 0.0448534
0.465551 0.536984 0.509066 0.41155 0.696555 0.0634661
0.543596 0.488462 0.591797 0.217396 0.667003 0.140861
0.23805 0.581395 0.0506042 0.668607 0.0909989 0.663534
0.627486 0.325147 0.521679 0.302521 0.648803 0.0315381
0.324251 0.474093 0.108926 0.6776 0.0622196 0.644488
0.334819 0.503562 0.038443 0.64761 0.0567936 0.68631
0.36063 0.580298 0.104698 0.689229 0.143626 0.663218
0.635627 0.148157 0.681947 0.051729 0.669026 0.0668178
0.203614 0.67847 0.0858801 0.658722 0.0983072 0.652683
0.630586 0.0613014 0.627564 0.0716013 0.699181 0.0890947
0.583211 0.462546 0.6379 0.0538549 0.653891 0.0513822
0.52882 0.173214 0.674939 0.104665 0.710319 0.0758063
0.191925 0.685456 0.0617979 0.666002 0.0547984 0.587009
0.518886 0.53684 0.628528 0.361397 0.532719 0.319167
0.446189 0.26831 0.691838 0.0985403 0.680672 0.0580617
0.570027 0.140867 0.650886 0.0656108 0.642106 0.0375179
0.437787 0.337729 0.673764 0.0430946 0.638944 0.100436
0.276348 0.57715 0.0881881 0.675093 0.0858674 0.65663
0.610739 0.192802 0.669186 0.0266694 0.675411 0.0241996
0.101194 0.55683 0.0462558 0.600346 0.0682905 0.663862
0.348472 0.524647 0.0747668 0.66778 0.127913 0.704976
0.505854 0.423751 0.562192 0.0257697 0.67277 0.0283455
0.376269 0.395114 0.523067 0.486182 0.710347 0.0518233
0.54638 0.444519 0.670145 0.0939036 0.629928 0.0652557
0.625278 0.102488 0.650107 0.056282 0.708451 0.132967
0.623907 0.160993 0.607576 0.0535669 0.686509 0.0258137
0.602321 0.312766 0.646472 0.0612308 0.693004 0.0763137
0.159087 0.356254 0.0572464 0.672493 0.142943 0.657239
0.385279 0.290433 0.629835 0.0357398 0.619126 0.0224591
0.498512 0.388076 0.6229 0.203769 0.677359 0.0949221
0.66769 0.112044 0.70854 0.0831452 0.695102 0.101215
0.641818 0.46353 0.63725 0.0901686 0.697975 0.0546185
0.654335 0.069145 0.681603 0.0423951 0.635447 0.145168
0.657772 0.147095 0.654064 0.0478298 0.687492 0.0615306
0.429452 0.399169 0.701152 0.0635549 0.688667 0.0414726
0.167912 0.636998 0.092601 0.644787 0.0794177 0.648832
0.625164 0.364814 0.646266 0.0218774 0.696836 0.0517277
0.606885 0.243287 0.677699 0.0745274 0.661567 0.0956536
0.645342 0.134852 0.654182 0.0349917 0.625275 0.027635
0.10232 0.549371 0.045228 0.61182 0.0428669 0.630195
0.341535 0.402375 0.540434 0.492664 0.654149 0.0368724
0.398259 0.539662 0.685814 0.0815664 0.663252 0.0622748
0.483653 0.342175 0.667746 0.0598575 0.65786 0.0609827
0.285382 0.445158 0.678887 0.107442 0.679204 0.0400189
0.533818 0.167199 0.677168 0.0782069 0.651886 0.034325
0.508028 0.234372 0.699841 0.0798627 0.667801 0.0790446
0.676597 0.233128 0.655468 0.0426197 0.638567 0.0380932
0.616113 0.105295 0.69473 0.0670963 0.647016 0.0645169
0.235304 0.619053 0.083692 0.666436 0.116187 0.666773
0.229716 0.596123 0.10368 0.695663 0.15884 0.694458
0.669824 0.218887 0.618338 0.0390493 0.655267 0.0929871
0.668136 0.0940135 0.677044 0.0527189 0.730381 0.0830835
0.587988 0.1354 0.663415 0.0468577 0.665963 0.0394203
0.412564 0.569757 0.347522 0.320105 0.676514 0.0621978
0.657842 0.111207 0.649463 0.0538149 0.630886 0.0715477
0.407179 0.602556 0.242151 0.648984 0.126809 0.65776
0.316721 0.328646 0.47236 0.416266 0.675835 0.054339
0.694518 0.0887173 0.672257 0.0438032 0.69003 0.0716246
0.675322 0.238961 0.671996 0.0608197 0.647854 0.0223159
0.616799 0.150092 0.707906 0.0543003 0.684686 0.0759318
0.529577 0.450733 0.71003 0.0722158 0.713886 0.0848308
0.270342 0.608813 0.0393639 0.666051 0.0840457 0.628554
0.623619 0.0967448 0.698349 0.126065 0.628498 0.0737306
0.265045 0.61506 0.0753572 0.671555 0.0463512 0.663415
0.526541 0.131154 0.64603 0.0575658 0.687141 0.0484262
0.337026 0.656332 0.0998469 0.691806 0.283024 0.614184
0.459582 0.540528 0.501552 0.373238 0.654399 0.037271
0.660288 0.108188 0.659602 0.0505758 0.712332 0.188696
0.553204 0.137395 0.703369 0.112214 0.73786 0.0613453
0.161278 0.670539 0.041051 0.689297 0.0914488 0.672788
0.599211 0.063705 0.615365 0.0289558 0.712927 0.0672404
0.71766 0.195062 0.623249 0.050309 0.702108 0.0525758
0.662907 0.174517 0.623552 0.0657691 0.673717 0.110649
0.336463 0.62221 0.0691533 0.670825 0.0913745 0.608217
0.478382 0.245396 0.70751 0.0806389 0.712309 0.0916996
0.236167 0.60551 0.0809689 0.663479 0.089374 0.634752
0.508342 0.633631 0.134645 0.667469 0.0919139 0.692334
0.681212 0.146117 0.614795 0.194234 0.670014 0.0573947
0.59163 0.313218 0.680925 0.102387 0.609783 0.114921
0.36612 0.536796 0.671206 0.512454 0.661934 0.0476084
0.531072 0.442068 0.623643 0.0953826 0.644418 0.0965396
0.661904 0.222435 0.704402 0.0568646 0.711469 0.0714446
0.158367 0.54413 0.109412 0.646805 0.0720295 0.686022
0.628337 0.154968 0.702657 0.0789922 0.656791 0.0629937
0.648587 0.121102 0.655823 0.0230725 0.706823 0.0730012
0.210685 0.448567 0.270027 0.669207 0.0481709 0.640539
0.4874 0.239961 0.667427 0.0263499 0.690535 0.0836303
0.299108 0.66062 0.0425041 0.653813 0.0666972 0.646274
0.347958 0.467183 0.0940506 0.684972 0.0541974 0.662926
0.589821 0.121456 0.679536 0.0619331 0.663743 0.0742094
0.0795097 0.603084 0.0784163 0.631517 0.0924961 0.650736
0.53328 0.185155 0.645546 0.0450633 0.689045 0.080822
0.611899 0.253379 0.635201 0.049627 0.62416 0.0613393
0.175596 0.565764 0.0753439 0.676872 0.0263841 0.593696
0.655814 0.273448 0.684717 0.0923162 0.691054 0.0579729
0.186214 0.427154 0.0611936 0.662023 0.0552722 0.671905
0.124082 0.579024 0.0604698 0.648589 0.060183 0.652096
0.546159 0.264988 0.599975 0.335776 0.726454 0.0907992
0.662585 0.103633 0.648981 0.0987192 0.708831 0.0556504
0.654803 0.183579 0.69668 0.0869245 0.654732 0.045976
0.332391 0.444676 0.235637 0.687631 0.165644 0.722002
0.58214 0.476561 0.675481 0.11548 0.665382 0.050433
0.603382 0.0932994 0.666034 0.062137 0.658424 0.0914907
0.0997643 0.530499 0.0937543 0.640998 0.0865374 0.693455
0.642197 0.0574886 0.706509 0.0554852 0.635505 0.0338527
0.646382 0.0895316 0.697637 0.0828543 0.668657 0.0579293
0.304687 0.504744 0.0621388 0.639406 0.113683 0.650129
0.228176 0.110769 0.663305 0.0822906 0.642645 0.029875
0.542059 0.346834 0.620864 0.0471665 0.673799 0.0290227
0.292797 0.624149 0.0371837 0.598785 0.127562 0.640803
0.635724 0.175023 0.679703 0.0419586 0.633272 0.0492635
0.696222 0.137692 0.686205 0.0939668 0.654708 0.0754272
0.371162 0.27321 0.697028 0.062216 0.659987 0.0643915
0.558423 0.457181 0.691626 0.0917029 0.688723 0.0688039
0.595313 0.397992 0.690337 0.0797787 0.694282 0.0508794
0.243091 0.453474 0.101319 0.638885 0.0408327 0.630316
0.669404 0.261364 0.589851 0.0206587 0.682007 0.0276533
0.507848 0.279799 0.638837 0.0531038 0.701221 0.0758657
0.584031 0.251931 0.649527 0.0642185 0.622657 0.0293931
0.331872 0.59195 0.057889 0.716522 0.0742657 0.681273
0.495287 0.213906 0.696181 0.0659776 0.662463 0.0478585
0.499513 0.494894 0.684617 0.0814914 0.66565 0.0447253
0.338688 0.426778 0.408374 0.531452 0.0268721 0.6144
0.65338 0.0451587 0.68224 0.0838262 0.685456 0.0225452
0.402682 0.583754 0.0818841 0.653241 0.0783234 0.705366
0.0844821 0.582887 0.113756 0.628009 0.040702 0.629748
0.590519 0.35298 0.645936 0.0500812 0.658338 0.0866501
0.518852 0.460931 0.635841 0.0800792 0.710376 0.124376
0.116458 0.596291 0.0704388 0.682553 0.0577528 0.628501
0.571974 0.278895 0.675863 0.0713556 0.684966 0.0359922
0.370043 0.557118 0.107395 0.640932 0.0855026 0.661221
0.619361 0.0958893 0.652034 0.0542466 0.638425 0.0831533
0.699882 0.181459 0.672335 0.0485058 0.613751 0.0524703
0.700951 0.0789199 0.686115 0.130835 0.700295 0.041657
0.39225 0.275211 0.694057 0.0973134 0.665346 0.0755274
0.689568 0.295638 0.620129 0.0591858 0.658819 0.0604127
0.455617 0.428457 0.678441 0.048464 0.670613 0.0499984
0.406677 0.579402 0.0850033 0.63376 0.0845777 0.694915
0.5977 0.274901 0.625401 0.0630313 0.669314 0.0661216
0.607823 0.0526484 0.675555 0.0506615 0.675326 0.20299
0.637812 0.112366 0.690282 0.0592873 0.685982 0.0948331
0.342914 0.619217 0.567393 0.361336 0.69947 0.0590141
0.54438 0.495396 0.504964 0.491234 0.714341 0.0917193
0.602117 0.0864468 0.685655 0.0446489 0.632502 0.0860143
0.537583 0.464863 0.646043 0.108419 0.735297 0.0794903
0.551203 0.510024 0.609217 0.467592 0.706133 0.103684
0.546291 0.22936 0.648989 0.0253985 0.673702 0.0344761
0.651032 0.213658 0.671458 0.0220687 0.577825 0.0476084
0.362074 0.596966 0.587075 0.425829 0.650303 0.0459709
0.678909 0.235975 0.683047 0.0688156 0.673101 0.0360545
0.371599 0.587051 0.619956 0.587327 0.637755 0.0604884
0.60971 0.129289 0.703425 0.0742465 0.703778 0.158072
0.524599 0.350015 0.680464 0.0697003 0.669233 0.0734269
0.656156 0.133389 0.633147 0.03779 0.677556 0.0499686
0.257219 0.595213 0.123863 0.659469 0.142429 0.682863
0.504683 0.118412 0.690389 0.0434931 0.694956 0.0799583
0.618822 0.180994 0.700058 0.0864743 0.689849 0.101754
0.569267 0.245377 0.665292 0.0845547 0.545387 0.0333655
0.202197 0.531239 0.0752369 0.599721 0.04446 0.626251
0.595412 0.2321 0.686291 0.0513749 0.662708 0.0664331
0.365598 0.582289 0.64483 0.259936 0.643188 0.103253
0.641106 0.221592 0.702362 0.0443077 0.692378 0.106917
0.63694 0.0583499 0.672339 0.0372157 0.685609 0.0526374
0.666962 0.0747875 0.619609 0.043186 0.705104 0.0415652
0.65645 0.194745 0.681962 0.0433375 0.681002 0.0714793
0.555805 0.407125 0.705233 0.055599 0.701024 0.0652982
0.619332 0.0766716 0.647807 0.0961865 0.67864 0.0722585
0.661386 0.140992 0.628547 0.052611 0.72623 0.0624322
0.147928 0.607163 0.0743632 0.663103 0.115219 0.631878
0.214793 0.620528 0.470301 0.577945 0.658099 0.115551
0.57521 0.242444 0.658312 0.0608079 0.709897 0.091653
0.600566 0.0829243 0.684215 0.0435545 0.682875 0.0419677
0.663317 0.106706 0.646901 0.0737593 0.694942 0.0927038
0.265329 0.668593 0.046998 0.615052 0.106595 0.702578
0.640396 0.202019 0.699287 0.0881411 0.667438 0.066771
0.57754 0.442773 0.616975 0.189617 0.632608 0.0489458
0.0841405 0.647671 0.0937982 0.572606 0.0403888 0.641609
0.694905 0.199558 0.68585 0.0774162 0.69358 0.0806324
0.58453 0.243406 0.622521 0.0454106 0.705105 0.108862
0.250429 0.577908 0.167148 0.696416 0.172882 0.665853
0.439714 0.416171 0.60073 0.167354 0.696378 0.144115
0.558976 0.364871 0.700035 0.0502239 0.688425 0.0686638
0.685235 0.0697493 0.714398 0.0451734 0.673248 0.0978842
0.513519 0.414932 0.725299 0.0648649 0.693464 0.0659456
0.560846 0.38728 0.546609 0.338436 0.662532 0.0441727
0.471952 0.224333 0.578112 0.0480266 0.642284 0.0501819
0.15382 0.668501 0.0865346 0.687543 0.065867 0.643475
0.536719 0.326282 0.59446 0.0484663 0.676587 0.0622416
0.677639 0.0969068 0.681763 0.0776553 0.628852 0.0448506
0.576608 0.133281 0.629079 0.0688657 0.690715 0.125335
0.58768 0.119325 0.73565 0.108335 0.651277 0.0371142
0.532946 0.204681 0.664533 0.0766682 0.694112 0.0425874
0.286893 0.640512 0.076342 0.626138 0.0757411 0.688817
0.600654 0.200386 0.654481 0.081945 0.663855 0.0497321
0.279167 0.654992 0.0737424 0.615253 0.230658 0.672522
0.56638 0.358582 0.669599 0.080752 0.663855 0.0771525
0.360336 0.449829 0.574532 0.517861 0.685065 0.0891564
0.103322 0.558694 0.0821068 0.654278 0.290118 0.633153
0.600686 0.0774107 0.698739 0.104566 0.655583 0.0885142
0.4357 0.326322 0.670556 0.172251 0.677182 0.0602334
0.478987 0.399023 0.687961 0.0501198 0.661063 0.0429781
0.688066 0.16833 0.660348 0.0835308 0.660844 0.0352369
0.660991 0.0507439 0.641285 0.0378529 0.687791 0.035819
0.687275 0.082689 0.648955 0.0791129 0.649578 0.0630087
0.394848 0.615288 0.50207 0.529737 0.672199 0.0750574
0.657001 0.177339 0.620956 0.0556497 0.66858 0.0830995
0.523781 0.214419 0.632435 0.0300341 0.72428 0.0800881
0.612496 0.192352 0.659194 0.0805295 0.633464 0.0928289
0.602135 0.326851 0.716654 0.0603176 0.71365 0.048948
0.563758 0.174054 0.632679 0.0742678 0.658442 0.0495889
0.379565 0.302105 0.632499 0.164864 0.665718 0.0904209
0.210743 0.0842969 0.704357 0.0661966 0.701697 0.069595
0.194373 0.587702 0.196374 0.622752 0.0792703 0.655146
0.615627 0.292278 0.68159 0.0376341 0.679606 0.102595
0.511115 0.365637 0.687914 0.074876 0.665333 0.0498532
0.64703 0.219457 0.67711 0.0568979 0.661703 0.0431824
0.0927944 0.637629 0.0472147 0.649794 0.181994 0.631433
0.246369 0.580341 0.0819047 0.599229 0.140316 0.739907
0.503975 0.398264 0.687993 0.0955641 0.694402 0.0610258
0.569186 0.135076 0.674624 0.0795039 0.706374 0.0625681
0.56132 0.213654 0.672538 0.0599924 0.688214 0.0445838
0.627769 0.155947 0.707316 0.0671626 0.638367 0.0318524
0.327165 0.612553 0.51977 0.560785 0.707612 0.07305
0.438722 0.598616 0.461973 0.329654 0.669798 0.0533257
0.681864 0.250695 0.66441 0.0936049 0.717837 0.115798
0.501261 0.581852 0.308243 0.636424 0.129264 0.703963
0.13472 0.595589 0.114453 0.671148 0.0810329 0.717124
0.681195 0.111234 0.665041 0.0436702 0.606349 0.0357422
0.534989 0.208013 0.636946 0.0798114 0.695105 0.122529
0.63184 0.174201 0.689803 0.0257317 0.679233 0.0818393
0.520727 0.160727 0.681422 0.0882998 0.681962 0.0493518
0.59009 0.469015 0.70157 0.0767298 0.733746 0.0956717
0.627268 0.157949 0.684566 0.0498921 0.67651 0.0356082
0.630738 0.104231 0.721219 0.0570581 0.679328 0.0475448
0.31623 0.415486 0.172756 0.702919 0.0870738 0.667798
0.54613 0.495875 0.6782 0.182383 0.651156 0.105105
0.688152 0.126644 0.692202 0.0518301 0.704489 0.0702069
0.487368 0.41764 0.556956 0.375316 0.673292 0.135294
0.672632 0.0722448 0.697829 0.102026 0.625558 0.0542278
0.422475 0.543906 0.60258 0.374837 0.68087 0.0524538
0.478225 0.495664 0.558348 0.49209 0.632197 0.0720137
0.0756627 0.606379 0.0856371 0.635737 0.116141 0.645339
0.527521 0.562152 0.529141 0.345815 0.714863 0.105588
0.153396 0.353289 0.112991 0.647337 0.043949 0.681153
0.35392 0.567205 0.573089 0.489973 0.665704 0.0896095
0.529037 0.171782 0.692417 0.113906 0.656032 0.0603711
0.311288 0.282129 0.678336 0.0814929 0.627045 0.0225413
0.474659 0.517988 0.111576 0.702787 0.0781529 0.688555
0.524186 0.352947 0.674882 0.0391758 0.641334 0.11022
0.561273 0.261656 0.604205 0.0597082 0.671733 0.0723017
0.628947 0.267239 0.750859 0.102392 0.702319 0.0272444
0.62283 0.216828 0.678879 0.0366933 0.680212 0.0725181
0.700275 0.0413315 0.706215 0.102339 0.691402 0.112527
0.670387 0.0540806 0.627474 0.0358876 0.675798 0.0761888
0.588909 0.443266 0.664571 0.177732 0.693984 0.0470329
0.623133 0.378335 0.674037 0.0722451 0.680033 0.0554467
0.293208 0.625507 0.103043 0.633325 0.0639726 0.710271
0.201771 0.593744 0.0759592 0.653388 0.09016 0.6595
0.660165 0.0988514 0.696559 0.0632283 0.680992 0.0631554
0.382018 0.577695 0.298203 0.596819 0.0955394 0.689358
0.242863 0.650339 0.0495338 0.612334 0.108603 0.614731
0.259507 0.643683 0.0716267 0.682956 0.037969 0.644994
0.651214 0.0750278 0.656787 0.0429249 0.67842 0.0650544
0.664156 0.0516702 0.67668 0.0506033 0.689172 0.0700762
0.706907 0.13467 0.688901 0.0868322 0.67004 0.0885524
0.60254 0.14408 0.68999 0.0321258 0.670677 0.0375247
0.632047 0.0902929 0.647173 0.0499473 0.675125 0.0609009
0.60419 0.229123 0.669086 0.0836405 0.623363 0.0728358
0.253281 0.580349 0.0949295 0.685032 0.157508 0.681252
0.663668 0.366563 0.692093 0.279757 0.668739 0.0497922
0.566014 0.265497 0.68064 0.0688853 0.650939 0.0404689
0.48124 0.324075 0.671391 0.0468548 0.658898 0.0630486
0.383021 0.369726 0.67742 0.0613963 0.702006 0.0877136
0.526285 0.197182 0.686329 0.0422173 0.733731 0.0327973
0.579181 0.154446 0.637508 0.0486507 0.727699 0.0893266
0.478776 0.1085 0.664777 0.0649625 0.679683 0.0449001
0.685647 0.113276 0.659562 0.0736851 0.696228 0.0547672
0.647832 0.156794 0.706089 0.109901 0.709452 0.0497222
0.0974646 0.609331 0.114673 0.6657 0.179794 0.699601
0.576046 0.120113 0.656032 0.0474874 0.686108 0.0650328
0.136187 0.63683 0.0804478 0.696393 0.061197 0.653837
0.664577 0.141395 0.710722 0.0719148 0.634174 0.117354
0.584388 0.325469 0.677654 0.115366 0.642926 0.0484489
0.54313 0.244222 0.648991 0.0479468 0.691629 0.0543868
0.500016 0.614971 0.708469 0.0874872 0.682233 0.0449854
