0.617203 0.105231 0.727626 0.0753972 0.738399 0.113025
0.0894592 0.582745 0.0747808 0.646977 0.0785967 0.676381
0.66961 0.175994 0.691574 0.0754894 0.664586 0.0799966
0.496822 0.458557 0.648044 0.375949 0.719219 0.0487434
0.649876 0.143206 0.639651 0.0597773 0.667081 0.0290793
0.505076 0.162 0.690369 0.11751 0.703112 0.183843
0.66405 0.089685 0.692663 0.103069 0.661302 0.0634904
0.690786 0.387323 0.667097 0.0351008 0.6328 0.10491
0.253915 0.645947 0.0353456 0.62621 0.0477685 0.668193
0.490121 0.607459 0.350555 0.616733 0.140174 0.673208
0.620437 0.146463 0.678148 0.125932 0.690289 0.0419644
0.62798 0.388042 0.689339 0.0564681 0.678521 0.0429073
0.69347 0.111931 0.70176 0.0386584 0.672937 0.053783
0.682679 0.0630248 0.639137 0.0903746 0.645669 0.0328971
0.642862 0.265738 0.663546 0.11256 0.642418 0.0222881
0.685345 0.164874 0.674736 0.05987 0.702292 0.0744819
0.333026 0.550489 0.615649 0.234592 0.707717 0.0258305
0.342398 0.623077 0.610386 0.184387 0.673297 0.102825
0.28819 0.480788 0.0953255 0.622401 0.099271 0.662096
0.272095 0.344623 0.590491 0.348737 0.609899 0.030664
0.464274 0.408602 0.575311 0.0976993 0.670108 0.040743
0.115296 0.70883 0.0834995 0.662398 0.0577942 0.656118
0.514278 0.332309 0.701183 0.0677008 0.666404 0.0488213
0.585347 0.0762738 0.706857 0.0582081 0.660896 0.0853703
0.532021 0.450288 0.555455 0.409731 0.712344 0.191291
0.152978 0.609278 0.110942 0.671707 0.228674 0.645529
0.251814 0.524138 0.0994871 0.649664 0.0773458 0.59855
0.716282 0.078631 0.648425 0.0523235 0.711874 0.045623
0.15476 0.408774 0.0588572 0.643237 0.121487 0.704862
0.303499 0.175295 0.643444 0.0789882 0.685071 0.0734318
0.685132 0.0989359 0.652867 0.0524445 0.635566 0.067008
0.334861 0.540766 0.0815257 0.687361 0.0898762 0.626226
0.550405 0.194379 0.661838 0.0586998 0.661434 0.101622
0.333518 0.501542 0.0802076 0.700449 0.0767828 0.701147
0.495812 0.288411 0.683871 0.0655663 0.608054 0.0294734
0.428776 0.511071 0.668061 0.109552 0.662414 0.0347221
0.659885 0.122499 0.664131 0.0802181 0.678292 0.120074
0.336053 0.416831 0.613226 0.288584 0.691952 0.0568906
0.701005 0.109001 0.630561 0.0369283 0.646862 0.0558401
0.639491 0.113122 0.694886 0.0605957 0.684772 0.0517068
0.578906 0.338566 0.678049 0.0529828 0.673823 0.0322268
0.61162 0.147328 0.621283 0.0192003 0.69523 0.0442528
0.492625 0.560527 0.562705 0.579579 0.697039 0.0535893
0.649037 0.177889 0.702721 0.0563976 0.673224 0.0581266
0.43792 0.28679 0.704648 0.0635825 0.665168 0.0422158
0.654793 0.21019 0.677647 0.0749534 0.670623 0.0933398
0.354128 0.471617 0.605338 0.439468 0.690564 0.0276558
0.534879 0.304435 0.691889 0.0398802 0.714415 0.0706336
0.554144 0.270552 0.668003 0.076263 0.631143 0.0200985
0.444342 0.147401 0.570919 0.0399906 0.708687 0.103411
0.389654 0.219842 0.654582 0.0412917 0.652573 0.0789624
0.189884 0.634365 0.116201 0.675569 0.0379631 0.664
0.727397 0.0648237 0.681266 0.0778865 0.672144 0.0302263
0.688479 0.244986 0.67521 0.091473 0.701889 0.0953984
0.563556 0.463548 0.703197 0.0807951 0.663552 0.0723864
0.658825 0.106381 0.676373 0.0681836 0.563253 0.0306829
0.623593 0.0964498 0.67257 0.0425389 0.717283 0.0677018
0.664729 0.10579 0.66724 0.0495896 0.681265 0.043454
0.596779 0.189855 0.706989 0.0946649 0.657781 0.0452685
0.627021 0.0861271 0.69728 0.0754355 0.643309 0.103178
0.516014 0.19471 0.678734 0.0435177 0.66271 0.0464814
0.575898 0.0702475 0.689359 0.0449049 0.688956 0.0552464
0.571225 0.283215 0.664902 0.0502185 0.698905 0.0476541
0.458991 0.313503 0.701974 0.115083 0.699765 0.0516285
0.666054 0.189087 0.678627 0.0608455 0.679196 0.18043
0.494592 0.514741 0.594224 0.452973 0.679695 0.0487355
0.59322 0.191597 0.606178 0.0373182 0.604337 0.0462945
0.581525 0.159741 0.675589 0.0446315 0.691046 0.0821546
0.575282 0.316604 0.659392 0.0664525 0.681198 0.074467
0.180071 0.59205 0.0640357 0.608839 0.0650187 0.672595
0.367762 0.404558 0.679936 0.0479275 0.682975 0.0320544
0.265158 0.449628 0.0871675 0.668789 0.0543413 0.638905
0.129065 0.670658 0.0805605 0.632487 0.0485581 0.608921
0.148385 0.662568 0.0944326 0.647218 0.068543 0.673057
0.419908 0.532636 0.193794 0.608737 0.104932 0.647702
0.271868 0.579116 0.112795 0.676402 0.118347 0.690075
0.534803 0.205165 0.714935 0.239463 0.658951 0.0402774
0.673136 0.253461 0.634405 0.0521247 0.736833 0.0908907
0.606177 0.125084 0.670837 0.0582312 0.656287 0.0893447
0.670505 0.126888 0.69675 0.0316605 0.627474 0.0437505
0.64188 0.082747 0.679493 0.0520439 0.669504 0.0441197
0.597754 0.603327 0.645434 0.24449 0.703902 0.0774631
0.315046 0.552542 0.145877 0.687884 0.0542311 0.715744
0.602347 0.190902 0.699668 0.0690129 0.686669 0.0385635
0.679786 0.140796 0.676243 0.0536572 0.64494 0.079293
0.676731 0.114315 0.658195 0.0585388 0.670516 0.0462719
0.604006 0.16369 0.655534 0.115327 0.642269 0.0497353
0.297828 0.133251 0.625071 0.0336556 0.617018 0.0424952
0.666828 0.387132 0.621705 0.045025 0.657062 0.0544791
0.538074 0.492533 0.663499 0.0719917 0.707469 0.125452
0.683726 0.0942695 0.583241 0.0262764 0.629031 0.0365548
0.137549 0.648194 0.0865641 0.670726 0.0805514 0.671161
0.598375 0.341909 0.634652 0.0326886 0.643016 0.0336978
0.1675 0.682359 0.093233 0.693681 0.125297 0.668357
0.523398 0.119702 0.66331 0.0781515 0.660912 0.0320207
0.537759 0.589999 0.659775 0.170112 0.575845 0.0413262
0.649852 0.51252 0.704213 0.0877021 0.707536 0.0630589
0.259776 0.629627 0.0681388 0.674147 0.0893713 0.652613
0.496707 0.46547 0.623056 0.473291 0.677733 0.0854461
0.127274 0.60792 0.0882654 0.675296 0.0772236 0.672625
0.254333 0.448315 0.143449 0.688805 0.104175 0.661396
0.14802 0.555124 0.0536507 0.556733 0.0548075 0.639061
0.382977 0.314618 0.679703 0.035691 0.686331 0.0410939
0.415647 0.609493 0.541315 0.491061 0.630521 0.17089
0.429865 0.658643 0.522212 0.463104 0.63104 0.499333
0.63484 0.0919657 0.649073 0.079337 0.692544 0.0877494
0.552283 0.125002 0.724072 0.0877186 0.616782 0.0387813
0.536372 0.392718 0.677277 0.0760752 0.598055 0.0267232
0.583427 0.364648 0.667616 0.0197823 0.650923 0.045967
0.594584 0.273195 0.70401 0.0629981 0.614399 0.0333193
0.0845466 0.632203 0.0735286 0.673502 0.0786859 0.635625
0.634418 0.221153 0.61253 0.0366201 0.679695 0.0419278
0.6132 0.122661 0.706772 0.047201 0.686697 0.0455987
0.446815 0.502076 0.601887 0.537646 0.709827 0.0867426
0.115109 0.645598 0.075356 0.640672 0.0906854 0.656431
0.522729 0.267834 0.708729 0.0809278 0.730406 0.092564
0.626372 0.228412 0.621568 0.045773 0.620341 0.0220915
0.435213 0.256728 0.643333 0.125349 0.655726 0.0674211
0.473865 0.374252 0.588986 0.301919 0.700442 0.0814332
0.176307 0.440806 0.0952072 0.687953 0.0871279 0.62704
0.644991 0.32209 0.697434 0.0648772 0.686574 0.0541394
0.302274 0.305779 0.682094 0.254401 0.727233 0.0932988
0.637913 0.312583 0.670107 0.166957 0.608429 0.0349671
0.640071 0.12612 0.710129 0.0822746 0.666699 0.0598381
0.644425 0.257605 0.656264 0.0512192 0.654843 0.0401686
0.664721 0.17697 0.633467 0.0789188 0.650819 0.0393469
0.196271 0.596789 0.0536152 0.633703 0.0713559 0.624938
0.624653 0.493433 0.669541 0.0704891 0.627144 0.0481041
0.372148 0.53087 0.563799 0.43518 0.650404 0.0602811
0.608202 0.3871 0.714646 0.053349 0.707921 0.0706772
0.672908 0.140106 0.628041 0.0585753 0.65737 0.0361024
0.61906 0.153412 0.622352 0.0525759 0.671048 0.0253428
0.651207 0.237021 0.692707 0.0553551 0.630431 0.0430656
0.567283 0.193294 0.655438 0.067245 0.717606 0.106897
0.343918 0.365959 0.638087 0.0696854 0.679728 0.0898035
0.192489 0.661084 0.071427 0.630619 0.101923 0.654416
0.613662 0.0984459 0.641598 0.0605001 0.673939 0.0538723
0.432071 0.327584 0.654688 0.109031 0.664639 0.0345887
0.641524 0.0930478 0.664391 0.0507549 0.648426 0.0859739
0.552839 0.196335 0.709955 0.0389756 0.64639 0.088494
0.63705 0.0987957 0.648729 0.0275968 0.654115 0.0291372
0.466098 0.414992 0.589376 0.13937 0.660319 0.0485219
0.657981 0.125611 0.701534 0.055343 0.677108 0.0887848
0.296425 0.460377 0.694271 0.271882 0.684861 0.0350616
0.656985 0.380647 0.475896 0.353412 0.691963 0.0889328
0.139497 0.574343 0.0438192 0.668396 0.0587176 0.679602
0.608163 0.24837 0.668812 0.0711811 0.654511 0.0660629
0.654638 0.219005 0.638433 0.0239131 0.64659 0.017854
0.353076 0.283521 0.61965 0.416561 0.651933 0.0600153
0.202686 0.652742 0.0514072 0.632326 0.0502798 0.633898
0.507353 0.0647776 0.632927 0.0409269 0.659074 0.0430943
0.560282 0.157013 0.658454 0.0418056 0.656224 0.0423473
0.652452 0.135829 0.687208 0.0798495 0.63528 0.0651147
0.716203 0.248699 0.598833 0.0476393 0.682663 0.0610679
0.393347 0.513006 0.585272 0.308159 0.680691 0.0709788
0.634172 0.0913406 0.691397 0.0480189 0.708365 0.185644
0.0932752 0.564839 0.0434355 0.607611 0.122106 0.658408
0.553841 0.154464 0.645153 0.0678324 0.654175 0.0638773
0.661172 0.0672607 0.677451 0.025141 0.696408 0.0960637
0.588933 0.341758 0.653886 0.0406432 0.648655 0.0264943
0.590287 0.186306 0.654229 0.0795536 0.649969 0.0612348
0.318027 0.610597 0.0726264 0.671143 0.0810084 0.696904
0.610689 0.186842 0.662161 0.0765835 0.661757 0.0446496
0.335454 0.553509 0.152795 0.673732 0.0817148 0.68145
0.359333 0.623872 0.0542419 0.681383 0.0606738 0.684565
0.639808 0.0695218 0.671294 0.0319241 0.736287 0.0704001
0.50952 0.167622 0.626345 0.0297639 0.694923 0.0393082
0.366718 0.194607 0.743485 0.090905 0.632192 0.0525029
0.648979 0.224488 0.713377 0.103021 0.684447 0.0861078
0.662041 0.0768975 0.648128 0.0450839 0.654189 0.0496948
0.641121 0.0717662 0.691236 0.085555 0.638281 0.0559767
0.596426 0.149974 0.654472 0.0519564 0.689558 0.0965675
0.278217 0.639158 0.143392 0.646191 0.127347 0.614755
0.621851 0.184268 0.686535 0.0494476 0.675103 0.068613
0.555495 0.12231 0.70317 0.0685269 0.689968 0.0629692
0.288308 0.583616 0.0782691 0.669308 0.1653 0.682519
0.188948 0.505976 0.0701764 0.666729 0.0426637 0.689758
0.316811 0.307455 0.6627 0.0314945 0.700546 0.0283842
0.664917 0.0786078 0.652311 0.0769539 0.620164 0.0443761
0.659028 0.0938396 0.653307 0.0523213 0.686804 0.0498826
0.431029 0.647546 0.0626644 0.640438 0.0613661 0.688775
0.153057 0.512011 0.183629 0.692286 0.0452318 0.596924
0.550003 0.234589 0.686445 0.0762338 0.699512 0.0855995
0.478232 0.529415 0.470234 0.535154 0.0863962 0.584125
0.616193 0.190061 0.696728 0.043776 0.648841 0.111377
0.243449 0.593661 0.06832 0.710991 0.105958 0.677117
0.325 0.605242 0.167251 0.634628 0.066247 0.672608
0.0998306 0.634656 0.111245 0.658932 0.135655 0.665448
0.710822 0.0917504 0.717306 0.0555861 0.661267 0.079004
0.654753 0.48253 0.683638 0.104015 0.673924 0.0832573
0.129207 0.59419 0.114174 0.621654 0.0935755 0.65082
0.68499 0.141309 0.688833 0.0794658 0.658903 0.0579692
0.386683 0.517733 0.140343 0.703906 0.0552513 0.66192
0.596635 0.0578818 0.685734 0.0490517 0.621771 0.0387749
0.519433 0.455966 0.387475 0.415967 0.644066 0.147623
0.590141 0.238166 0.691638 0.0403719 0.68946 0.0476491
0.477693 0.273887 0.69318 0.0928641 0.671782 0.106836
0.602453 0.111972 0.662717 0.0545755 0.639008 0.0482721
0.331161 0.243389 0.650031 0.0567881 0.666927 0.0470406
0.383787 0.490542 0.101431 0.692533 0.0707428 0.635519
0.134238 0.6488 0.068114 0.638131 0.176514 0.629573
0.618979 0.147982 0.652142 0.0220963 0.734063 0.124646
0.638499 0.201329 0.676895 0.0991283 0.722532 0.123648
0.513011 0.135757 0.686934 0.0646669 0.69498 0.0592281
0.222871 0.558666 0.110524 0.680006 0.0924878 0.67267
0.664854 0.0716841 0.641417 0.0527691 0.662097 0.0546048
0.577019 0.373191 0.67058 0.0877046 0.673004 0.0643005
0.608239 0.321137 0.611345 0.072091 0.730854 0.0836616
0.525169 0.636329 0.570201 0.475844 0.6921 0.0962425
0.682524 0.0839142 0.677082 0.0588391 0.709623 0.0857642
0.608212 0.108623 0.669132 0.0730946 0.695863 0.114256
0.585479 0.116275 0.656991 0.0584902 0.695734 0.0669194
0.644463 0.134247 0.698596 0.0859202 0.705435 0.068258
0.573994 0.172264 0.673976 0.0440257 0.697548 0.0753486
0.69253 0.153351 0.676556 0.0919462 0.733236 0.0919146
0.548982 0.231188 0.727538 0.108416 0.657978 0.0614826
0.346594 0.662247 0.354159 0.538614 0.0398586 0.553823
0.691573 0.093331 0.684523 0.0598427 0.626812 0.0259958
0.062534 0.646907 0.178681 0.689806 0.0898405 0.711216
0.634145 0.448709 0.684557 0.0555876 0.680213 0.0571057
0.437277 0.26475 0.623389 0.0580496 0.721275 0.057155
0.504431 0.219267 0.623732 0.0701918 0.659167 0.0975218
0.633324 0.258726 0.651703 0.0573674 0.654958 0.0422417
0.452094 0.248245 0.629644 0.0657506 0.68383 0.114997
0.54512 0.323941 0.723431 0.0600535 0.623394 0.04632
0.405522 0.414913 0.636481 0.541125 0.673047 0.0171724
0.47016 0.280731 0.640947 0.0527547 0.644603 0.0253079
0.113496 0.581396 0.101981 0.619742 0.108208 0.679288
0.458476 0.541693 0.598198 0.363765 0.689553 0.0819693
0.507204 0.554064 0.681748 0.0248414 0.605597 0.0322608
0.600582 0.135872 0.626847 0.0339855 0.642942 0.0295182
0.154571 0.62973 0.0451816 0.562947 0.114938 0.634493
0.464387 0.3302 0.609642 0.0726332 0.722913 0.0364402
0.637786 0.0923367 0.70519 0.0596874 0.657716 0.0472793
0.676177 0.12007 0.708401 0.0681255 0.621743 0.12454
0.142656 0.629051 0.0758181 0.622558 0.102307 0.614872
0.669367 0.106037 0.695862 0.0954908 0.697001 0.055755
0.43173 0.314158 0.61894 0.058459 0.678088 0.0655955
0.69982 0.12225 0.682176 0.0693332 0.681828 0.0838025
0.552845 0.554494 0.613537 0.259046 0.709821 0.121696
0.665751 0.220768 0.667515 0.0270157 0.686175 0.057363
0.548766 0.089939 0.656373 0.036453 0.717607 0.05786
0.587567 0.1252 0.634728 0.0780447 0.680889 0.0998149
0.525285 0.117456 0.644056 0.0357064 0.638329 0.0816638
0.622403 0.11258 0.634978 0.0768953 0.663644 0.0949633
0.62214 0.20917 0.71341 0.0435754 0.68817 0.0955374
0.201813 0.621316 0.0904452 0.640363 0.0997244 0.705004
0.638766 0.23676 0.671069 0.0371396 0.646296 0.0324515
0.486973 0.451303 0.672698 0.0486301 0.657903 0.0487008
0.528458 0.333875 0.646643 0.141582 0.620845 0.0464368
0.666446 0.0809989 0.666162 0.0347582 0.657534 0.0296018
0.665476 0.0863198 0.677707 0.0644297 0.671451 0.0606052
0.542535 0.345296 0.649137 0.066204 0.671096 0.119104
0.343281 0.595301 0.646346 0.289211 0.636867 0.0402892
0.246791 0.540153 0.045008 0.678576 0.076189 0.685941
0.217125 0.531188 0.0619708 0.660941 0.083699 0.66193
0.623369 0.344057 0.714725 0.105888 0.664885 0.0272225
0.506268 0.277679 0.665537 0.0380802 0.649883 0.0684187
0.144208 0.608317 0.0821507 0.654102 0.108024 0.706006
0.629459 0.11833 0.64558 0.0678961 0.690092 0.0670985
0.629197 0.218511 0.667891 0.0761703 0.672347 0.0759774
0.561797 0.484584 0.611145 0.0688458 0.670721 0.0745655
0.578085 0.225559 0.666489 0.0703464 0.672374 0.0869141
0.474414 0.172505 0.694134 0.0667455 0.639469 0.0388258
0.484101 0.269745 0.647253 0.0266745 0.696018 0.0934262
0.585044 0.249286 0.671139 0.125798 0.67525 0.0644323
0.196166 0.639513 0.0669535 0.570235 0.132234 0.639668
0.592771 0.517663 0.550142 0.589847 0.660512 0.050796
0.195014 0.554122 0.060337 0.652108 0.0423694 0.622947
0.680098 0.121645 0.68616 0.0554712 0.72235 0.122494
0.279729 0.600934 0.298069 0.630198 0.134497 0.706612
0.60819 0.450884 0.508146 0.569522 0.714989 0.091681
0.491952 0.553229 0.411779 0.504064 0.549724 0.309932
0.214913 0.563407 0.0856194 0.659641 0.139907 0.661421
0.11706 0.45831 0.0640176 0.701285 0.0670821 0.593419
0.63893 0.378904 0.66943 0.0724738 0.710467 0.0908872
0.582149 0.190233 0.726751 0.0833905 0.708521 0.0551248
0.0803972 0.516705 0.086235 0.640185 0.0770197 0.670418
0.68115 0.179069 0.653126 0.0497173 0.670579 0.031571
0.373262 0.647784 0.112807 0.641536 0.0943916 0.665337
0.535946 0.45219 0.626042 0.0532048 0.618019 0.0535597
0.454133 0.323306 0.736287 0.13152 0.693584 0.0893243
0.694776 0.257463 0.686058 0.0692457 0.620382 0.0430489
0.499086 0.588488 0.668547 0.214382 0.681283 0.0412166
0.107412 0.622969 0.0624921 0.597037 0.0488873 0.657433
0.391856 0.146796 0.676321 0.0498773 0.661281 0.0646405
0.322741 0.350771 0.651716 0.0719548 0.686227 0.0537054
0.322342 0.64782 0.076937 0.664189 0.0843396 0.64969
0.520527 0.381997 0.663226 0.0911142 0.696844 0.0947002
0.32722 0.522248 0.120949 0.616665 0.0734908 0.697894
0.507419 0.426397 0.528803 0.266804 0.662763 0.0712467
0.50149 0.12737 0.687953 0.0633926 0.667046 0.0671864
0.593895 0.295725 0.660499 0.0547229 0.703656 0.029383
0.579424 0.2655 0.647277 0.0425526 0.677969 0.0384428
0.295166 0.515196 0.503709 0.620437 0.615093 0.497559
0.329448 0.565878 0.623854 0.28115 0.712682 0.139053
0.580174 0.113532 0.705644 0.0813829 0.659597 0.0532851
0.42114 0.306835 0.665039 0.0971504 0.713273 0.0625803
0.582868 0.098611 0.672327 0.0316485 0.592826 0.0349988
0.211817 0.639289 0.0776865 0.620715 0.0428887 0.691029
0.177262 0.609252 0.0773045 0.685359 0.0696486 0.650026
0.395172 0.462959 0.62507 0.253136 0.686321 0.0624917
0.454788 0.587425 0.6708 0.100494 0.670303 0.0639649
0.611156 0.279714 0.64467 0.0553829 0.692259 0.0763801
0.558244 0.568244 0.33404 0.592446 0.0958762 0.709216
0.520441 0.357721 0.660032 0.0614686 0.61934 0.0373789
0.226633 0.544875 0.15451 0.681263 0.0430904 0.644364
0.211435 0.420795 0.0282298 0.66277 0.0931189 0.66679
0.62558 0.21523 0.668513 0.0461671 0.638802 0.0495188
0.445134 0.427429 0.411374 0.666058 0.108848 0.643907
0.677515 0.127185 0.709403 0.0450031 0.648464 0.0610691
0.653334 0.0715369 0.659737 0.0658708 0.687311 0.054564
0.610972 0.195317 0.644437 0.0468498 0.695606 0.0386641
0.512401 0.305487 0.709317 0.0576396 0.695118 0.110736
0.58197 0.322524 0.528192 0.28811 0.646743 0.0553341
0.663657 0.257591 0.667879 0.0335428 0.662047 0.0428155
0.671046 0.0696525 0.675173 0.0441507 0.649158 0.0699873
0.450316 0.44517 0.656433 0.0897331 0.693226 0.0570869
0.396423 0.337765 0.565312 0.373822 0.645281 0.0934231
0.322427 0.206487 0.657198 0.0287632 0.666172 0.0358148
0.591135 0.268803 0.690508 0.0664545 0.693971 0.0573716
0.467505 0.283464 0.668581 0.058837 0.634722 0.0543139
0.654713 0.123856 0.685665 0.0864211 0.585231 0.0879674
0.612815 0.423101 0.685713 0.0476555 0.685031 0.0654337
0.446456 0.290266 0.727293 0.0693295 0.705193 0.106468
0.673076 0.115104 0.623472 0.109323 0.690041 0.0876001
0.695985 0.139523 0.669301 0.0845155 0.662796 0.104645
0.643222 0.356611 0.693823 0.0511717 0.666903 0.066322
0.546783 0.472284 0.422878 0.54503 0.613909 0.0285667
0.564226 0.193654 0.711868 0.0838608 0.663654 0.0536625
0.512543 0.247269 0.669941 0.0389372 0.696636 0.0563195
0.677992 0.15645 0.702711 0.0555976 0.720888 0.0644429
0.438858 0.58411 0.627992 0.0359465 0.68324 0.0819814
0.393502 0.574364 0.682908 0.216604 0.690255 0.0865079
0.494658 0.467771 0.577633 0.303753 0.608787 0.0446006
0.171838 0.645363 0.0847254 0.707275 0.0444795 0.665751
0.595104 0.103522 0.650518 0.0457437 0.700365 0.0419591
0.587404 0.273437 0.708832 0.0284818 0.684248 0.0556122
0.575577 0.329706 0.719542 0.0648933 0.674096 0.0519894
0.125582 0.651374 0.0594067 0.679056 0.0537032 0.615089
0.667172 0.0941169 0.702223 0.10652 0.661456 0.0543439
0.465102 0.337347 0.666473 0.04916 0.705692 0.0542283
0.15582 0.625784 0.121361 0.662193 0.0255033 0.592228
0.603247 0.102275 0.667376 0.0696543 0.656356 0.067453
0.315748 0.57014 0.0621862 0.652953 0.0775254 0.660874
0.434637 0.455935 0.659173 0.256458 0.670132 0.0383455
0.661269 0.184854 0.659439 0.0541665 0.686024 0.0988221
0.615391 0.109934 0.694338 0.201207 0.651392 0.101289
0.197431 0.330556 0.0863079 0.670504 0.167413 0.711752
0.637022 0.140278 0.647389 0.0544133 0.657805 0.05405
0.406173 0.428536 0.561991 0.500548 0.704661 0.0440048
0.586373 0.19566 0.696775 0.117234 0.688536 0.0546479
0.653605 0.580901 0.450569 0.415038 0.685909 0.0520966
0.627229 0.234876 0.67699 0.038778 0.661739 0.0651798
0.632198 0.128224 0.680523 0.0671847 0.689027 0.0979855
0.401797 0.381212 0.637519 0.061903 0.714939 0.0586708
0.678901 0.158147 0.665515 0.0424515 0.653805 0.122132
0.276474 0.425328 0.069369 0.690778 0.114297 0.644196
0.637512 0.190044 0.732458 0.139701 0.645067 0.0536223
0.549725 0.166536 0.687555 0.0695169 0.630365 0.0385076
0.334497 0.580409 0.552426 0.495118 0.658817 0.063692
0.619787 0.155065 0.626253 0.110265 0.708027 0.0386736
0.494293 0.285853 0.740123 0.1164 0.707957 0.0505433
0.448224 0.213253 0.680132 0.0511513 0.673008 0.0658602
0.632166 0.156706 0.621451 0.0562831 0.67847 0.0777355
0.633948 0.150986 0.638327 0.044352 0.660362 0.0417651
0.598687 0.109588 0.677553 0.170248 0.666038 0.0571345
0.249893 0.58496 0.05839 0.615333 0.0549791 0.663646
0.60235 0.312909 0.661965 0.068561 0.656867 0.0630145
0.62224 0.213874 0.683378 0.0695714 0.628691 0.0352953
0.167714 0.618578 0.101721 0.592705 0.0759239 0.714817
0.185336 0.381951 0.044127 0.668474 0.0664547 0.652744
0.559799 0.220107 0.702702 0.0553715 0.656481 0.0371109
0.592253 0.164295 0.687017 0.0646613 0.713951 0.0513636
0.357075 0.64196 0.672713 0.1044 0.591937 0.0403454
0.325747 0.448106 0.102287 0.678199 0.113833 0.662386
0.671778 0.118973 0.668524 0.0682289 0.696132 0.0765951
0.160058 0.600374 0.0427229 0.680582 0.0519526 0.632918
0.344922 0.495723 0.552922 0.475931 0.71016 0.0453608
0.290027 0.564895 0.0643457 0.671873 0.148293 0.66818
0.663399 0.184781 0.681524 0.0362124 0.688967 0.0667152
0.519323 0.350113 0.611922 0.0779031 0.666516 0.080673
0.673598 0.132 0.666152 0.0448995 0.710453 0.0577427
0.602968 0.183776 0.712866 0.0734936 0.66588 0.0691713
0.386793 0.63446 0.497311 0.513478 0.513761 0.355218
0.438014 0.240319 0.626913 0.0474665 0.706091 0.0353639
0.656939 0.163599 0.678284 0.0431499 0.659035 0.0657366
0.679711 0.107302 0.713277 0.0916732 0.679428 0.0496767
0.594239 0.0614733 0.675566 0.0969044 0.699502 0.0463205
0.632971 0.124669 0.7086 0.0608023 0.641385 0.0408452
0.548814 0.504373 0.642956 0.0550251 0.673742 0.0844435
0.247113 0.547112 0.0370386 0.652328 0.1519 0.681069
0.39614 0.381024 0.436167 0.447586 0.619782 0.0422954
0.551609 0.525244 0.628046 0.244074 0.72105 0.0869196
0.584011 0.225956 0.684499 0.08176 0.673809 0.0408468
0.511898 0.207072 0.694889 0.0383673 0.669216 0.0376456
0.577047 0.491959 0.571486 0.461921 0.688077 0.0609964
0.640858 0.10845 0.681663 0.0513144 0.692522 0.068262
0.306917 0.647534 0.0502902 0.641983 0.0599503 0.689043
0.643777 0.0533992 0.691694 0.0466153 0.676115 0.0765679
0.144169 0.666202 0.0965868 0.690238 0.145287 0.706089
0.19119 0.415525 0.0832872 0.693564 0.0591246 0.645584
0.250377 0.663 0.0748884 0.644902 0.0703094 0.644649
0.610902 0.353516 0.681646 0.0199546 0.703382 0.112825
0.639072 0.106344 0.666933 0.0368766 0.648328 0.111455
0.283935 0.625528 0.123706 0.643765 0.0989847 0.700318
0.171318 0.521435 0.332333 0.48974 0.153426 0.676159
0.251128 0.685886 0.182297 0.72224 0.0959289 0.664659
0.165361 0.566754 0.0767819 0.648605 0.046656 0.652121
0.146855 0.625523 0.106715 0.728547 0.0955362 0.677439
0.598852 0.0870331 0.6396 0.105142 0.601963 0.012565
0.680728 0.104821 0.664651 0.0480919 0.631464 0.082886
0.373672 0.329187 0.666518 0.0278066 0.646626 0.0549986
0.474661 0.403513 0.568574 0.456597 0.601959 0.0705178
0.667579 0.174885 0.639088 0.0787056 0.685792 0.0729722
0.624933 0.19973 0.692717 0.0719301 0.658766 0.0673795
0.659107 0.447789 0.664424 0.0793152 0.69468 0.0641289
0.550939 0.16087 0.685173 0.0722496 0.661263 0.0482655
0.504414 0.0887772 0.649809 0.0570697 0.624443 0.0444919
0.695246 0.311982 0.686174 0.0314259 0.692029 0.0504162
0.646759 0.0792115 0.697982 0.0912651 0.674303 0.0562125
0.680358 0.377133 0.716181 0.0640353 0.686074 0.106882
0.226415 0.532477 0.0550291 0.568576 0.058245 0.640875
0.165277 0.555564 0.168229 0.625733 0.0666328 0.647399
0.604573 0.191797 0.689608 0.0912102 0.657698 0.0784107
0.644532 0.123098 0.660312 0.112201 0.657864 0.0308877
0.592543 0.402102 0.703358 0.101248 0.691687 0.109203
0.600722 0.146814 0.7184 0.0305556 0.652819 0.0760244
0.364789 0.346431 0.66941 0.0895676 0.679867 0.0485824
0.208371 0.574693 0.116735 0.676753 0.080812 0.650968
0.580413 0.319797 0.641275 0.0536987 0.650776 0.0520589
0.601756 0.155088 0.682952 0.0507632 0.689781 0.075051
0.605973 0.438127 0.471215 0.487676 0.709016 0.138134
0.249808 0.658627 0.0528833 0.633322 0.0654051 0.637663
0.662389 0.0357287 0.686343 0.0200619 0.682692 0.0599697
0.591234 0.387014 0.656187 0.0809979 0.668186 0.0488402
0.648383 0.220602 0.685982 0.0685146 0.716417 0.0772779
0.305883 0.501838 0.556869 0.403922 0.693712 0.0938416
0.680506 0.191259 0.655112 0.045123 0.638128 0.075058
0.608391 0.209042 0.643107 0.0370035 0.693646 0.0533114
0.173039 0.434112 0.0657234 0.705797 0.111761 0.607633
0.550575 0.188358 0.627549 0.0546459 0.68239 0.0816087
0.383649 0.602358 0.227849 0.600472 0.156945 0.687952
0.650819 0.260372 0.667175 0.058275 0.662339 0.0538444
0.604481 0.199139 0.698835 0.12102 0.718133 0.0762651
0.184045 0.551925 0.0894649 0.708235 0.0700098 0.567489
0.619369 0.187554 0.713823 0.0784534 0.578571 0.0594717
0.250357 0.575103 0.0242055 0.652326 0.0505379 0.633246
0.578207 0.144393 0.663681 0.0725348 0.6257 0.0141359
0.690118 0.0734744 0.675439 0.0393547 0.687887 0.0978952
0.352941 0.408896 0.169216 0.64627 0.108103 0.698469
0.637676 0.162549 0.67703 0.0338502 0.66191 0.0476648
0.0656868 0.622041 0.109922 0.682926 0.0561795 0.610832
0.61979 0.187312 0.679307 0.0682013 0.69595 0.0522373
0.272211 0.592485 0.057605 0.668321 0.0589432 0.595279
0.670793 0.095513 0.637209 0.0511952 0.710474 0.0576235
0.544597 0.182815 0.694119 0.0532103 0.67964 0.0488946
0.663246 0.117721 0.696805 0.0978328 0.650054 0.0351903
0.408445 0.268647 0.594285 0.311136 0.712059 0.137179
0.155602 0.687728 0.0459848 0.669187 0.12189 0.700215
0.623811 0.131903 0.643837 0.0512766 0.68089 0.0544697
0.619563 0.149677 0.714815 0.122188 0.629443 0.0705708
0.649964 0.202163 0.64128 0.0570435 0.686742 0.0893947
0.449617 0.42266 0.676939 0.0498854 0.618643 0.0307481
0.114452 0.590177 0.0402789 0.664056 0.105715 0.681946
0.633189 0.120313 0.694355 0.0508203 0.704866 0.0748976
0.576462 0.166338 0.712702 0.05867 0.631632 0.0634105
0.135081 0.582863 0.0867407 0.657327 0.100198 0.692101
0.292872 0.515189 0.0882192 0.699009 0.0506123 0.611049
0.51858 0.451298 0.61587 0.251954 0.702192 0.0771717
0.539282 0.0835893 0.688201 0.0482838 0.683818 0.0277476
0.323606 0.583411 0.10698 0.595011 0.0767463 0.630956
0.691118 0.41639 0.716206 0.0801973 0.667672 0.0801109
0.516979 0.576872 0.618822 0.0490985 0.706362 0.0558249
0.641699 0.100937 0.688399 0.0486952 0.682209 0.0343689
0.695482 0.126525 0.667798 0.0927937 0.681903 0.0912786
0.47918 0.471883 0.690823 0.0790835 0.682988 0.0845354
0.608502 0.409195 0.601261 0.0470706 0.651318 0.0879726
0.276778 0.367314 0.122228 0.666667 0.0710806 0.649814
0.681409 0.102954 0.690804 0.0743746 0.705266 0.0580659
0.648091 0.226779 0.699166 0.0434476 0.668839 0.0536795
0.651961 0.329622 0.693138 0.0957466 0.6552 0.075675
0.362175 0.681502 0.0693952 0.625142 0.0338541 0.64645
0.53712 0.349133 0.690884 0.0502994 0.646485 0.0697247
0.570748 0.28441 0.675422 0.0477565 0.651414 0.0406233
0.430124 0.224358 0.684104 0.0437417 0.575545 0.0484997
0.505015 0.176385 0.615983 0.0670584 0.693922 0.0428196
0.647499 0.0897839 0.66847 0.0597127 0.7025 0.0690335
0.611249 0.268893 0.739212 0.119545 0.665659 0.0530413
0.521988 0.526196 0.685394 0.237656 0.703146 0.0675416
0.310969 0.595346 0.258936 0.590556 0.097505 0.678201
0.524532 0.254782 0.652668 0.0337357 0.632029 0.0355337
0.637297 0.254181 0.627305 0.0486204 0.689285 0.129061
0.623825 0.0723926 0.677564 0.074834 0.674078 0.0420751
0.568275 0.473896 0.65863 0.0936606 0.690977 0.0687096
0.218143 0.648773 0.0921924 0.690913 0.0880721 0.655545
0.589663 0.116808 0.70122 0.165339 0.676415 0.0770422
0.507866 0.286306 0.697554 0.0483316 0.702983 0.138426
0.603153 0.126657 0.687432 0.0481797 0.69824 0.200206
0.548119 0.116669 0.627726 0.0281643 0.671343 0.03554
0.126756 0.607998 0.143499 0.634186 0.0834509 0.654295
0.436594 0.302437 0.686641 0.0626018 0.681469 0.0600889
0.417011 0.520549 0.661485 0.202229 0.680342 0.0343558
0.622217 0.183823 0.635391 0.0749667 0.698818 0.152343
0.542977 0.574717 0.644372 0.186931 0.676046 0.129369
0.573271 0.300822 0.686701 0.0451868 0.660782 0.0685245
0.354477 0.575706 0.112857 0.682821 0.15523 0.68943
0.63813 0.0552097 0.682346 0.0585487 0.681991 0.0661525
0.330648 0.514944 0.123907 0.705508 0.0553741 0.609485
0.632629 0.159609 0.708555 0.0714192 0.71192 0.0385624
0.444869 0.492508 0.708943 0.070744 0.652539 0.0505104
0.383537 0.424218 0.648195 0.121535 0.589666 0.0230568
0.11576 0.54248 0.042083 0.67311 0.103021 0.654231
0.176483 0.585114 0.0997892 0.650779 0.121817 0.673731
0.540506 0.223783 0.657092 0.038897 0.676444 0.0528297
0.201177 0.664156 0.207845 0.664264 0.122973 0.58597
0.589398 0.397167 0.727641 0.0678136 0.746 0.119692
0.462542 0.51959 0.692991 0.131022 0.678668 0.0849625
0.437123 0.464107 0.660076 0.128348 0.614368 0.0597733
0.355333 0.511089 0.598713 0.533885 0.652879 0.0614279
0.629122 0.164325 0.657072 0.109281 0.713084 0.0886762
0.585154 0.201929 0.628687 0.0494578 0.639966 0.0397682
0.656758 0.15512 0.680217 0.0778017 0.630309 0.0270391
0.585998 0.156855 0.676349 0.0196898 0.667773 0.0988007
0.220615 0.584294 0.0872505 0.673954 0.203566 0.628596
0.218414 0.651239 0.1638 0.66505 0.0450568 0.684434
0.228542 0.497068 0.0886875 0.689544 0.0901393 0.699972
0.5545 0.261242 0.632565 0.0435216 0.694042 0.0762015
0.656118 0.145595 0.69189 0.0544702 0.691188 0.057554
0.264892 0.615393 0.0701956 0.603822 0.17228 0.68403
0.540709 0.244446 0.634995 0.05924 0.653917 0.039454
0.319487 0.655587 0.201899 0.643096 0.056005 0.636709
0.443213 0.308079 0.701681 0.108819 0.691398 0.0562776
0.220906 0.573853 0.147182 0.617385 0.059476 0.669562
0.145059 0.416109 0.0771541 0.673776 0.0896705 0.716707
0.31346 0.554138 0.0768237 0.594069 0.105413 0.708153
0.624978 0.192797 0.6655 0.0530709 0.664364 0.14794
0.545485 0.34833 0.644428 0.0270064 0.67577 0.0399184
0.651789 0.394195 0.671744 0.0753219 0.673526 0.0453392
0.443471 0.434968 0.533224 0.604634 0.583707 0.460097
0.617922 0.198592 0.662652 0.0516626 0.701362 0.0745952
0.145278 0.612689 0.111129 0.653617 0.0940517 0.684256
0.675836 0.125492 0.693246 0.047735 0.680936 0.0379873
0.669319 0.0757866 0.701557 0.0765988 0.711317 0.0540879
0.33151 0.505095 0.0667907 0.591544 0.0560622 0.675872
0.252161 0.541782 0.0565841 0.636083 0.048633 0.578367
0.639656 0.222952 0.701462 0.0692764 0.682532 0.06307
0.509894 0.39782 0.626877 0.0536683 0.696353 0.0499282
0.628026 0.247855 0.722726 0.164989 0.698536 0.0359779
0.552389 0.307021 0.600524 0.169291 0.687354 0.0820052
0.6648 0.0919846 0.670042 0.0381564 0.702667 0.0275928
0.647756 0.131343 0.687439 0.0625796 0.689443 0.134291
0.604968 0.218313 0.684577 0.0948188 0.706504 0.0801678
0.692592 0.100137 0.683081 0.0681877 0.699043 0.0545155
0.0880103 0.644533 0.0688859 0.653843 0.129864 0.684336
0.693898 0.130141 0.68339 0.0696493 0.693814 0.0682612
0.588644 0.240157 0.586204 0.0331116 0.65215 0.0497775
0.584548 0.368592 0.659618 0.062821 0.691902 0.115862
0.665188 0.105489 0.685968 0.0831963 0.661781 0.0857024
0.699977 0.0679021 0.66809 0.0740963 0.66375 0.0786744
0.611086 0.106624 0.715958 0.106857 0.681316 0.0667013
0.544688 0.33638 0.677437 0.0700337 0.62754 0.0617461
0.540868 0.221368 0.67829 0.126237 0.664712 0.0407207
0.588335 0.178013 0.688646 0.0432188 0.706261 0.0760666
0.27456 0.516353 0.0884622 0.704848 0.0862658 0.701973
0.416747 0.498309 0.646791 0.299383 0.721045 0.0728426
0.216112 0.480545 0.157447 0.682059 0.042833 0.634706
0.12417 0.60488 0.123381 0.645172 0.078526 0.647537
0.593819 0.565081 0.608175 0.33387 0.673345 0.0351463
0.625097 0.125242 0.618681 0.0352144 0.643071 0.0644366
0.626376 0.231539 0.648474 0.0731267 0.647543 0.0692625
0.124841 0.653427 0.0940567 0.687547 0.121429 0.70356
0.654757 0.372809 0.646981 0.037584 0.654672 0.0824049
0.494134 0.197774 0.62305 0.0224943 0.678218 0.060047
0.498771 0.144572 0.649571 0.0559218 0.668344 0.0480673
0.408871 0.617569 0.185964 0.700866 0.072999 0.685028
0.365134 0.225277 0.657467 0.0411918 0.720619 0.0672727
0.398219 0.352016 0.704381 0.0328345 0.670235 0.0812271
0.672751 0.242069 0.696342 0.0568978 0.653532 0.0575406
0.21487 0.309248 0.405209 0.484634 0.662521 0.0666435
0.401256 0.211616 0.710533 0.0639997 0.663966 0.0500113
0.0694467 0.720623 0.0871363 0.676394 0.0847745 0.668552
0.662645 0.511205 0.578295 0.392427 0.665142 0.048912
0.116734 0.630727 0.083498 0.57911 0.346045 0.688198
0.620026 0.266906 0.63085 0.0529381 0.704121 0.0580399
0.559026 0.0611701 0.706321 0.0778989 0.64688 0.0215643
0.630677 0.0819367 0.705622 0.0672213 0.683328 0.109086
0.634597 0.277527 0.706819 0.13516 0.691583 0.0502073
0.545574 0.296424 0.667792 0.0346754 0.704338 0.0870681
0.595893 0.228016 0.636624 0.0790978 0.649688 0.0484791
0.60371 0.281931 0.651235 0.0401016 0.68578 0.0754619
0.523047 0.319095 0.727249 0.0832554 0.640896 0.0641249
0.656039 0.182373 0.653923 0.0968942 0.598083 0.0130797
0.622794 0.0387247 0.612539 0.0498475 0.667508 0.0670181
0.615489 0.14368 0.675346 0.0635542 0.68713 0.122871
0.436249 0.204098 0.648366 0.0789346 0.677256 0.0609451
0.13077 0.54557 0.0719761 0.627757 0.085367 0.579302
0.69383 0.155945 0.703354 0.0586814 0.690518 0.0679324
0.433104 0.297857 0.669411 0.0305134 0.672921 0.0550887
0.60733 0.237232 0.671465 0.0682753 0.657195 0.0571932
0.230865 0.639132 0.0670281 0.607009 0.152023 0.661895
0.604592 0.229626 0.663236 0.106279 0.639922 0.0318147
0.490946 0.324425 0.68791 0.062592 0.639127 0.0382149
0.102902 0.614663 0.0547653 0.683856 0.100422 0.665981
0.0851425 0.654819 0.193164 0.667881 0.0911281 0.652264
0.347143 0.640427 0.223002 0.563823 0.0599803 0.663181
0.197297 0.632455 0.0390502 0.643533 0.113374 0.64663
0.587341 0.221281 0.659384 0.0843469 0.656755 0.0624464
0.39606 0.529927 0.610343 0.285826 0.689824 0.0537783
0.659914 0.147221 0.718872 0.104343 0.689146 0.0394517
0.615824 0.123828 0.659002 0.0452363 0.670412 0.0553739
0.675344 0.131601 0.685215 0.119663 0.690306 0.0728301
0.537645 0.306992 0.641952 0.0364783 0.696628 0.0435329
0.68987 0.0983142 0.702811 0.0617247 0.703574 0.0727069
0.612526 0.547383 0.605959 0.324619 0.592267 0.0568324
0.121638 0.61713 0.170005 0.711725 0.0232135 0.615912
0.634462 0.170047 0.632874 0.0403709 0.647384 0.0289208
0.587196 0.157706 0.669723 0.108359 0.658737 0.0537911
0.65703 0.159133 0.688356 0.0691636 0.651713 0.0605393
0.255354 0.626016 0.365646 0.612988 0.0729427 0.609495
0.0964054 0.646499 0.121463 0.682026 0.0452424 0.660747
0.634308 0.31235 0.659266 0.0634397 0.684516 0.0712307
0.246401 0.472957 0.0744778 0.624516 0.128364 0.69579
0.608288 0.205727 0.665807 0.267982 0.676599 0.0849141
0.300368 0.648054 0.197016 0.652473 0.129654 0.650664
0.620085 0.511974 0.604129 0.315987 0.70311 0.108374
0.616863 0.327699 0.685425 0.106949 0.671655 0.0361893
0.295184 0.507487 0.0711448 0.675071 0.0677045 0.661636
0.616692 0.155797 0.692584 0.0541393 0.695155 0.105941
0.620029 0.214225 0.702869 0.0474421 0.671035 0.059777
0.284896 0.627663 0.0674862 0.632627 0.103036 0.604724
0.195989 0.662348 0.044813 0.650264 0.0832716 0.619998
0.549014 0.441163 0.729276 0.0458118 0.661532 0.0391123
0.200741 0.626287 0.167432 0.680848 0.0757902 0.538231
0.706969 0.172263 0.6288 0.0441053 0.661281 0.0694577
0.252694 0.532225 0.205755 0.659046 0.077779 0.692876
0.602585 0.262432 0.649145 0.0697461 0.660611 0.036658
0.521493 0.561875 0.535469 0.521783 0.591785 0.524933
0.597365 0.277389 0.659595 0.0572631 0.702298 0.152479
0.587732 0.388528 0.61754 0.05721 0.709341 0.0695398
0.113867 0.53515 0.0447952 0.66247 0.125015 0.689318
0.599489 0.324216 0.633184 0.104499 0.632442 0.0289345
0.684989 0.0486229 0.691025 0.047386 0.662744 0.0570526
0.33414 0.507262 0.0841316 0.657277 0.100892 0.667287
0.636959 0.202671 0.686474 0.092914 0.701942 0.0474192
0.535008 0.144627 0.636798 0.0147614 0.620184 0.0287037
0.325976 0.583599 0.254238 0.59871 0.166543 0.65154
0.680132 0.0606797 0.717486 0.0534283 0.64438 0.0530741
0.653844 0.320589 0.678908 0.0561326 0.655728 0.0818749
0.461194 0.544671 0.512382 0.526932 0.660008 0.0366237
0.604097 0.199609 0.602476 0.0634076 0.685798 0.0852494
0.235117 0.471862 0.0450986 0.585727 0.0693962 0.685357
0.435111 0.493514 0.680412 0.0835195 0.665218 0.0508002
0.725682 0.0912073 0.647463 0.107156 0.693108 0.0719643
0.422239 0.561317 0.639603 0.1607 0.680801 0.14028
0.266598 0.410993 0.0736638 0.646417 0.125045 0.717287
0.66452 0.246766 0.6219 0.0289019 0.631453 0.0421069
0.544744 0.277271 0.673309 0.0911594 0.681069 0.0694784
0.431862 0.27801 0.650499 0.0587871 0.698442 0.0371472
0.583577 0.135996 0.644662 0.0615624 0.628767 0.0774832
0.473651 0.275156 0.677709 0.0673111 0.669736 0.0511998
0.614076 0.286654 0.671662 0.0577279 0.67768 0.0603517
0.684029 0.0564045 0.678969 0.0314934 0.657414 0.0600614
0.613024 0.391972 0.66055 0.074796 0.715881 0.0931693
0.0954162 0.611606 0.0915242 0.631164 0.0949916 0.671905
0.478982 0.465956 0.700287 0.149844 0.663748 0.0268571
0.635657 0.562296 0.642749 0.225555 0.614331 0.0226808
0.715097 0.194867 0.664584 0.117028 0.67803 0.0215725
0.499453 0.380562 0.652185 0.104626 0.693039 0.063061
0.666203 0.145964 0.629577 0.0682495 0.686671 0.0542096
0.314558 0.442054 0.586968 0.561514 0.649129 0.235201
0.512198 0.316419 0.686052 0.0382003 0.648678 0.0419926
0.324244 0.250029 0.687456 0.0489121 0.658337 0.074788
0.445113 0.537703 0.603927 0.220526 0.705671 0.12457
0.508614 0.575408 0.655427 0.109589 0.680133 0.0690909
0.64405 0.208707 0.688422 0.0679273 0.647393 0.0403626
0.274282 0.613698 0.105327 0.635636 0.0332637 0.618441
0.322072 0.668124 0.0755967 0.702826 0.183519 0.626768
0.60069 0.271024 0.679577 0.0837018 0.704602 0.139244
0.475926 0.178985 0.694378 0.0973738 0.618607 0.0685116
0.257139 0.363049 0.149253 0.644334 0.134242 0.677387
0.504437 0.332818 0.640619 0.0340853 0.679392 0.0464555
0.277936 0.34947 0.635262 0.39895 0.692339 0.0702888
0.554854 0.428945 0.604884 0.234812 0.665825 0.0755316
0.599916 0.30738 0.669443 0.0660055 0.715781 0.0543545
0.287917 0.477431 0.117655 0.680711 0.12064 0.673226
0.499644 0.218489 0.652793 0.0742101 0.635805 0.115687
0.298155 0.343439 0.519228 0.496114 0.635423 0.273498
0.641897 0.0869662 0.721676 0.066181 0.734247 0.0429482
0.54864 0.49005 0.40425 0.407092 0.438903 0.376459
0.619362 0.134255 0.71871 0.0806774 0.688379 0.0391219
0.63798 0.539174 0.716129 0.0608622 0.685284 0.061082
0.229477 0.633332 0.110397 0.713903 0.0926865 0.64409
0.60387 0.0866039 0.686259 0.0430384 0.717583 0.115386
0.601935 0.255043 0.686628 0.0584591 0.710782 0.0750154
0.610739 0.246398 0.698198 0.10516 0.691373 0.0481903
0.643848 0.253997 0.675454 0.0408615 0.686929 0.0657693
0.176459 0.535686 0.0742151 0.666961 0.0872187 0.668332
0.26636 0.344758 0.259733 0.564691 0.1078 0.681957
0.70019 0.209901 0.63969 0.0773261 0.70976 0.117359
0.671452 0.0604807 0.625031 0.0369908 0.672271 0.0942683
0.193914 0.312749 0.0853893 0.637772 0.0436635 0.631937
0.492958 0.251483 0.711137 0.0740942 0.649024 0.0772173
0.664557 0.277953 0.694446 0.0368509 0.675668 0.0564943
0.318936 0.196284 0.653769 0.0211055 0.702665 0.0857284
0.654182 0.35552 0.67132 0.0433715 0.631714 0.0577326
0.573576 0.37423 0.708077 0.0586012 0.683999 0.0587297
0.597848 0.199814 0.643051 0.0282008 0.686981 0.063702
0.507159 0.131344 0.688813 0.0333415 0.655593 0.053502
0.549309 0.468122 0.675729 0.0690121 0.714699 0.0877522
0.715115 0.123078 0.678613 0.0223219 0.676214 0.0708482
0.525762 0.382261 0.702372 0.0548368 0.662604 0.0325757
0.53873 0.419453 0.665507 0.184978 0.690955 0.0723059
0.640514 0.0953543 0.678046 0.0645594 0.636498 0.0299148
0.486732 0.655201 0.654935 0.055893 0.681767 0.0787372
0.521414 0.517032 0.670044 0.0833864 0.673188 0.0233564
0.192327 0.612769 0.130185 0.672762 0.108136 0.65813
0.689323 0.0555469 0.683535 0.035631 0.714986 0.0877189
0.297085 0.280725 0.620693 0.250107 0.69012 0.0415765
0.412687 0.116706 0.611219 0.0515386 0.673012 0.0712668
0.269673 0.272962 0.641448 0.079036 0.699942 0.0679218
0.640338 0.11595 0.718001 0.0583223 0.698676 0.0463834
0.611239 0.114259 0.675178 0.037388 0.67174 0.0207916
0.650522 0.112225 0.717858 0.0922662 0.644987 0.0600289
0.544224 0.499336 0.66492 0.0575889 0.708578 0.155377
0.197269 0.678021 0.0670769 0.623322 0.0708979 0.665675
0.180006 0.614064 0.0727392 0.66221 0.0408372 0.61558
0.641207 0.119607 0.602456 0.0430885 0.680008 0.0641081
0.458194 0.243594 0.677118 0.0294095 0.588169 0.0135651
0.18523 0.522529 0.0567156 0.693402 0.0657025 0.696173
0.663446 0.0640739 0.717098 0.0821331 0.688302 0.120258
0.199548 0.718911 0.105562 0.660347 0.0855852 0.651292
0.660923 0.116723 0.673398 0.0644171 0.683154 0.043363
0.470073 0.438833 0.711512 0.0548766 0.714686 0.098705
0.662713 0.235046 0.634689 0.0650603 0.647584 0.0338653
0.46894 0.203106 0.666005 0.0680316 0.69412 0.0445807
0.103518 0.60966 0.0432984 0.652438 0.0765257 0.708366
0.599506 0.135132 0.686594 0.0980436 0.707382 0.0637264
0.153058 0.566543 0.104413 0.60747 0.129993 0.677348
0.70785 0.195931 0.68291 0.0589418 0.675532 0.133461
0.590639 0.0818351 0.670516 0.0488951 0.705758 0.0918339
0.591684 0.170435 0.689375 0.0585841 0.572023 0.061324
0.64266 0.118999 0.614358 0.0408092 0.66298 0.0645461
0.609899 0.130755 0.655992 0.0799286 0.649729 0.0649671
0.162162 0.588084 0.0976176 0.677518 0.0708504 0.644689
0.549219 0.358429 0.661551 0.0250027 0.676001 0.0937347
0.13917 0.566669 0.0884325 0.648288 0.147368 0.676629
0.602799 0.228035 0.6645 0.0604456 0.696713 0.0392068
0.651081 0.0870986 0.703725 0.128203 0.656208 0.0457657
0.681811 0.0810127 0.643287 0.0626042 0.700997 0.0413343
0.530652 0.124573 0.677838 0.104483 0.650805 0.0589864
0.698924 0.201835 0.680015 0.0647376 0.719689 0.15544
0.517533 0.173216 0.676617 0.0881858 0.706369 0.0617869
0.619388 0.203136 0.632445 0.0453744 0.65736 0.0520497
0.6606 0.11019 0.685349 0.0400415 0.707907 0.0748796
0.23676 0.595183 0.140433 0.670599 0.0650891 0.691422
0.681909 0.102181 0.720982 0.0704271 0.713288 0.0571692
0.612827 0.107723 0.713055 0.0887405 0.646596 0.0587152
0.681395 0.0907181 0.681157 0.0557228 0.682535 0.106773
0.666495 0.081372 0.672606 0.0512397 0.674516 0.0846421
0.490852 0.293375 0.633565 0.244715 0.715202 0.065059
0.590908 0.212103 0.666242 0.0315605 0.650726 0.0357224
0.564787 0.411845 0.638431 0.0600272 0.690983 0.0574445
0.585357 0.0568951 0.684453 0.0682706 0.69687 0.0768854
0.593428 0.295258 0.663829 0.0699423 0.680005 0.033094
0.508833 0.459778 0.626959 0.220144 0.71367 0.043748
0.304931 0.654492 0.0821066 0.675758 0.106277 0.556591
0.260604 0.550762 0.105769 0.669563 0.0665834 0.688074
0.680947 0.0942754 0.665029 0.0665799 0.684638 0.0780985
0.0978325 0.503451 0.0741155 0.618715 0.0731319 0.643536
0.490358 0.353553 0.650946 0.101258 0.657112 0.139972
0.548404 0.225637 0.697581 0.0881486 0.651826 0.0339913
0.330349 0.586037 0.496823 0.624842 0.682485 0.577751
0.698909 0.207737 0.719365 0.124289 0.657606 0.0858938
0.261632 0.430361 0.0609933 0.6401 0.0997882 0.644904
0.555768 0.146043 0.653536 0.0527285 0.600058 0.039067
0.226775 0.544432 0.120143 0.601329 0.0936048 0.718161
0.673673 0.0795205 0.662038 0.0707149 0.606331 0.0538789
0.577202 0.458211 0.652644 0.118036 0.645897 0.0543881
0.525365 0.411447 0.67313 0.043911 0.685146 0.0708241
0.380327 0.552916 0.224772 0.646689 0.112632 0.691625
0.64936 0.516365 0.478962 0.431931 0.685386 0.0511801
0.634556 0.233412 0.685836 0.0562473 0.700575 0.0879405
0.590814 0.177426 0.68646 0.041323 0.710732 0.068426
0.208686 0.608582 0.110092 0.627008 0.0588625 0.624627
0.325173 0.463828 0.341779 0.412575 0.693818 0.054188
0.612753 0.283056 0.644714 0.0551998 0.670755 0.0654226
0.523445 0.364884 0.705929 0.141389 0.63184 0.0258989
0.309429 0.473943 0.05385 0.659088 0.17279 0.642777
0.295646 0.411095 0.458663 0.632416 0.680186 0.046929
0.666164 0.0810305 0.677188 0.0645493 0.690911 0.159614
0.66353 0.188609 0.685713 0.0946053 0.632474 0.0544932
0.733843 0.25984 0.644768 0.044996 0.713483 0.0838623
0.60807 0.0914125 0.702597 0.131759 0.629975 0.0683669
0.509014 0.414655 0.682262 0.0717373 0.726818 0.0807006
0.64173 0.172337 0.673491 0.0702023 0.657228 0.0582331
0.65898 0.104839 0.695041 0.0615316 0.654156 0.0419511
0.537656 0.592392 0.542808 0.495369 0.709858 0.0870421
0.568297 0.393999 0.696872 0.105997 0.653772 0.0285159
0.684752 0.125418 0.682599 0.147207 0.661534 0.0352971
0.638035 0.152622 0.634806 0.0887546 0.666052 0.0702347
0.655097 0.130097 0.669833 0.069254 0.657899 0.0250298
0.596888 0.13718 0.682224 0.0514538 0.629685 0.0194201
0.300708 0.65938 0.491844 0.477025 0.689217 0.0691742
0.554275 0.0463664 0.655829 0.058155 0.675406 0.0505033
0.119084 0.592081 0.102158 0.632878 0.129045 0.705011
0.588101 0.352579 0.709724 0.119791 0.679659 0.0328625
0.53384 0.316953 0.667156 0.0465039 0.660477 0.093481
0.474184 0.298503 0.645535 0.0456024 0.649836 0.0467754
0.592924 0.378543 0.669381 0.0515453 0.693987 0.106368
0.639732 0.134289 0.634975 0.0423704 0.667943 0.0718066
0.502325 0.383928 0.652329 0.0379643 0.744649 0.138825
0.362583 0.65634 0.1057 0.597567 0.0887178 0.695561
0.336921 0.521149 0.201526 0.681621 0.120596 0.636957
0.384394 0.199966 0.659087 0.0495905 0.695571 0.101524
0.435844 0.519042 0.543515 0.246659 0.660375 0.0791295
0.577442 0.283503 0.651085 0.0368483 0.714659 0.0950333
0.652604 0.0690927 0.681543 0.0834398 0.682319 0.124785
0.521139 0.149005 0.669091 0.0502756 0.660037 0.0727113
0.520182 0.279464 0.705642 0.0864815 0.713381 0.0718108
0.691843 0.358643 0.62388 0.0618264 0.64449 0.0746677
0.267498 0.595571 0.338535 0.607404 0.0721889 0.664895
0.677785 0.107892 0.620682 0.0296857 0.622624 0.0381562
0.50573 0.464119 0.42643 0.571356 0.655874 0.552309
0.225202 0.484331 0.0894014 0.637655 0.0319614 0.624854
0.579766 0.0630575 0.65965 0.0508897 0.694884 0.0335209
0.542189 0.491646 0.571903 0.452013 0.653273 0.0628688
0.391736 0.656507 0.0884712 0.666269 0.119269 0.656566
0.633251 0.0587866 0.640391 0.0315984 0.672885 0.0464588
0.264913 0.603768 0.12906 0.676524 0.0873376 0.645221
0.187483 0.563987 0.0664198 0.694939 0.0451652 0.619758
0.586677 0.325958 0.657878 0.129648 0.657787 0.0525676
0.510296 0.490041 0.634123 0.0856479 0.694785 0.0826629
0.182336 0.496718 0.0891503 0.690112 0.112059 0.692413
0.470729 0.47786 0.653844 0.238141 0.728824 0.131983
0.612244 0.0919583 0.689279 0.072784 0.650839 0.0543125
0.70332 0.115639 0.714949 0.127156 0.652894 0.0889846
0.658822 0.159302 0.670484 0.0366172 0.623294 0.0502206
0.65103 0.189323 0.688641 0.0526468 0.648167 0.0699849
0.159697 0.632105 0.0394952 0.619795 0.178898 0.704408
0.262672 0.462787 0.111812 0.640638 0.067738 0.637953
0.550944 0.159852 0.604565 0.0516351 0.666583 0.0444807
0.669377 0.0909974 0.627124 0.0582584 0.688743 0.0429538
0.574704 0.27454 0.669534 0.0719368 0.692961 0.071765
0.285521 0.507749 0.515514 0.505235 0.520082 0.550199
0.640952 0.20437 0.688447 0.0583455 0.687696 0.0355735
0.582867 0.132585 0.666905 0.0409071 0.682952 0.0389822
0.259813 0.661273 0.0446778 0.660118 0.108173 0.675955
0.22991 0.619764 0.109561 0.698032 0.0690782 0.628085
0.544382 0.524715 0.692932 0.0518392 0.674195 0.146908
0.106992 0.522412 0.089643 0.664384 0.0968793 0.660291
0.570546 0.194177 0.596946 0.29507 0.654736 0.0391964
0.699308 0.11097 0.682141 0.0957854 0.683825 0.0441806
0.328293 0.431925 0.62046 0.234204 0.704851 0.0840403
0.587069 0.110137 0.657647 0.0429174 0.64754 0.0158045
0.417403 0.2469 0.695348 0.0885676 0.693833 0.0697189
0.627817 0.28195 0.702503 0.0867532 0.648598 0.0495788
0.442381 0.371065 0.666741 0.0875539 0.678223 0.0885631
0.62585 0.159472 0.650643 0.0731738 0.68718 0.0649347
0.499697 0.441406 0.686878 0.0865424 0.669388 0.0566569
0.536637 0.474431 0.533586 0.415161 0.658591 0.0490901
0.509591 0.430429 0.695442 0.100817 0.671598 0.0735414
0.126417 0.662286 0.0636502 0.671825 0.0213849 0.6578
0.641432 0.264891 0.681676 0.0567982 0.695001 0.0542685
0.703261 0.314775 0.652866 0.0477051 0.659858 0.0855557
0.604828 0.238915 0.677336 0.0414582 0.705802 0.0428798
0.423217 0.540912 0.0629744 0.704918 0.17206 0.655435
0.238579 0.62002 0.133442 0.631229 0.0521554 0.673567
0.517069 0.171674 0.665243 0.0638341 0.686207 0.104964
0.667257 0.0917863 0.646089 0.048496 0.673558 0.0493429
0.693512 0.092058 0.611204 0.0312298 0.67337 0.0542698
0.599418 0.0931484 0.703052 0.0583936 0.725213 0.098197
0.131761 0.694742 0.0711632 0.68463 0.0544474 0.624339
0.603551 0.321819 0.667306 0.0380917 0.664856 0.0420906
0.127243 0.556022 0.12147 0.665405 0.160606 0.70115
0.352803 0.581613 0.06166 0.627645 0.166219 0.698624
0.577651 0.50079 0.677435 0.0797568 0.702154 0.0493735
0.530575 0.510482 0.633692 0.0669236 0.664825 0.0758091
0.689171 0.129378 0.701438 0.0427306 0.695094 0.0420897
0.477665 0.157932 0.718399 0.058627 0.647417 0.0502178
0.646228 0.0862045 0.615978 0.0586872 0.665524 0.0463288
0.567779 0.268665 0.617231 0.0229868 0.686246 0.068277
0.650194 0.120896 0.738552 0.0842076 0.700369 0.0424791
0.635742 0.124571 0.682193 0.0747013 0.643428 0.0625375
0.357261 0.564728 0.498456 0.48322 0.649629 0.0424918
0.572633 0.0586988 0.69714 0.0482375 0.690505 0.12995
0.714276 0.108761 0.666678 0.0546597 0.700527 0.0702095
0.585799 0.527889 0.627656 0.121166 0.713441 0.0538794
0.702869 0.141733 0.666711 0.0869019 0.668122 0.100674
0.0606883 0.555132 0.0344738 0.671688 0.0525033 0.665556
0.200615 0.683031 0.0900747 0.623603 0.0615991 0.653843
0.257034 0.613585 0.0519347 0.668711 0.07142 0.654181
0.518775 0.245592 0.687529 0.0372563 0.64852 0.0571051
0.379249 0.655511 0.516345 0.580568 0.709946 0.0337526
0.627717 0.380842 0.286761 0.580642 0.115291 0.709129
0.612418 0.0962081 0.652824 0.0341462 0.656444 0.0527292
0.500021 0.455817 0.615276 0.339579 0.612755 0.0469904
0.534233 0.149626 0.614588 0.0334897 0.674402 0.0588177
0.585424 0.172388 0.684115 0.0499753 0.697508 0.0640343
0.498918 0.616121 0.546288 0.310969 0.646917 0.0701071
0.461825 0.497828 0.64783 0.0328563 0.735414 0.064666
0.642082 0.126742 0.695449 0.0523226 0.670302 0.0440889
0.656829 0.141692 0.606885 0.0370026 0.690142 0.0479847
0.664099 0.13664 0.654342 0.0442031 0.660462 0.0586284
0.644395 0.0684026 0.676262 0.0712876 0.664425 0.0337356
0.636644 0.118339 0.60157 0.0407923 0.677203 0.0894431
0.504835 0.340331 0.652507 0.0571716 0.614903 0.0579603
0.683544 0.0665096 0.68692 0.0757097 0.631171 0.0452277
0.667104 0.265158 0.687458 0.033987 0.65793 0.0442817
0.178079 0.641137 0.0563216 0.64655 0.0526275 0.627165
0.518217 0.544133 0.663511 0.192411 0.69999 0.0504273
0.710631 0.117014 0.633244 0.0545569 0.73308 0.0611744
0.686437 0.20174 0.66 0.0239662 0.669745 0.0771826
0.709846 0.13145 0.65079 0.0451336 0.618681 0.0693447
0.186144 0.644166 0.138981 0.690249 0.060135 0.643644
0.163755 0.480048 0.241117 0.676403 0.0781682 0.633306
0.580293 0.346249 0.588573 0.134122 0.622442 0.0688387
0.117417 0.62922 0.167384 0.668499 0.0949961 0.650123
0.64047 0.572861 0.612411 0.506417 0.578748 0.13164
0.41681 0.414422 0.666585 0.0912058 0.703866 0.103094
0.653191 0.098282 0.651341 0.0601156 0.711224 0.123851
0.566413 0.183392 0.661026 0.0364654 0.687024 0.0950869
0.377092 0.197163 0.656539 0.044992 0.673562 0.0589126
0.0649313 0.562258 0.0693533 0.675282 0.149582 0.694277
0.553477 0.393513 0.659192 0.0550619 0.737689 0.112686
0.160364 0.426242 0.113036 0.679529 0.0429682 0.650625
0.273167 0.50011 0.132264 0.621496 0.0881092 0.681152
0.419685 0.513183 0.55607 0.477615 0.668363 0.0693601
0.601821 0.326631 0.681254 0.0501538 0.671182 0.0859129
0.59436 0.0690027 0.693856 0.109499 0.618016 0.0529869
0.668881 0.152322 0.681939 0.035402 0.669621 0.060379
0.632948 0.302415 0.623621 0.0199178 0.672726 0.0557639
0.119357 0.631411 0.0528278 0.655251 0.0862877 0.650934
0.53255 0.403727 0.688974 0.0765496 0.706117 0.064554
0.442074 0.560402 0.0904287 0.663899 0.0297713 0.653518
0.640064 0.331234 0.674615 0.0417525 0.683856 0.0329906
0.578392 0.226169 0.717043 0.117049 0.684583 0.0678372
0.603411 0.0821746 0.639912 0.053408 0.589762 0.0371962
0.548961 0.3085 0.749538 0.0770423 0.667789 0.0646194
0.692687 0.153891 0.681094 0.0564033 0.653452 0.0436787
0.124548 0.641939 0.0453171 0.676457 0.0569561 0.640883
0.595214 0.277698 0.691802 0.0685138 0.692568 0.0699477
0.482073 0.374633 0.664538 0.123679 0.613038 0.0354226
0.468657 0.349207 0.634859 0.0636593 0.681366 0.102814
0.715302 0.171618 0.707346 0.087157 0.663283 0.0626107
0.524138 0.346533 0.684429 0.0575535 0.598337 0.0401581
0.686012 0.165111 0.626105 0.0228143 0.622491 0.0427421
0.684742 0.215793 0.675171 0.0862356 0.632966 0.0740468
0.193641 0.471801 0.0770254 0.629747 0.0490924 0.657508
0.678424 0.206774 0.688583 0.111064 0.643815 0.119309
0.600509 0.425248 0.668987 0.151711 0.712683 0.101889
0.296457 0.388069 0.622055 0.536642 0.498986 0.560099
0.554789 0.516906 0.678107 0.0753344 0.678523 0.0753293
0.674477 0.0377196 0.664696 0.108765 0.642122 0.137725
0.532951 0.205581 0.652393 0.0523674 0.697414 0.113577
0.641512 0.112983 0.61223 0.057484 0.7086 0.0571606
0.142892 0.610893 0.072999 0.657547 0.190093 0.698386
0.433617 0.615905 0.27151 0.59001 0.0789679 0.666215
0.515673 0.234269 0.653489 0.0588244 0.569661 0.0475425
0.529735 0.365574 0.689809 0.0469981 0.653126 0.0397936
0.159132 0.499335 0.11536 0.684897 0.0626372 0.639875
0.639315 0.172353 0.696427 0.0836262 0.667794 0.0391457
0.586163 0.169909 0.667083 0.110454 0.69063 0.0680742
0.478367 0.460193 0.721729 0.097789 0.688873 0.120798
0.701409 0.146287 0.65364 0.051898 0.701612 0.0475737
0.564541 0.280428 0.65899 0.0667816 0.620651 0.0716793
0.649462 0.0874637 0.650556 0.0682285 0.70096 0.0764452
0.680398 0.15458 0.640403 0.0395727 0.593958 0.0293385
0.624785 0.27068 0.67305 0.146014 0.659773 0.0616493
0.673261 0.0693486 0.708259 0.219922 0.65965 0.073951
0.602917 0.167576 0.665528 0.0475195 0.681957 0.0332938
0.621707 0.139418 0.658458 0.0449019 0.713322 0.0571429
0.57579 0.432432 0.656782 0.0489373 0.690133 0.0561559
0.609405 0.20243 0.70095 0.102914 0.679427 0.0632054
0.547365 0.478806 0.598907 0.18987 0.632595 0.046466
0.0718785 0.649721 0.114221 0.685912 0.0518536 0.672117
0.658553 0.0619402 0.673844 0.0375388 0.648712 0.0397373
0.469786 0.559683 0.509898 0.519593 0.630649 0.0440918
0.420349 0.143406 0.686638 0.113585 0.71049 0.0758993
0.575579 0.231569 0.668136 0.058339 0.703135 0.053716
0.534764 0.274954 0.670873 0.101896 0.669447 0.0573579
0.634007 0.175274 0.695996 0.0793669 0.643308 0.0237127
0.65353 0.0477147 0.700531 0.0201451 0.622496 0.119049
0.195295 0.648404 0.0805343 0.610747 0.0630404 0.700416
0.66979 0.0995309 0.678339 0.0662206 0.658945 0.0518903
0.550972 0.220879 0.665804 0.0608925 0.66822 0.129448
0.364509 0.271456 0.69553 0.139367 0.697586 0.0507961
0.623222 0.202409 0.633895 0.0503739 0.62864 0.029445
0.239287 0.470369 0.141095 0.689859 0.0618196 0.658726
0.0950718 0.601349 0.0983414 0.657433 0.0442004 0.6536
0.481421 0.620406 0.473813 0.419289 0.691923 0.077014
0.599103 0.103477 0.65799 0.12686 0.682563 0.041642
0.674119 0.310284 0.698117 0.0659237 0.738497 0.0486259
0.238231 0.602027 0.0427066 0.632118 0.0633379 0.636984
0.371019 0.656473 0.168554 0.682348 0.0515044 0.643633
0.649622 0.164791 0.665232 0.0801088 0.645452 0.0411254
0.564005 0.29629 0.639271 0.0431242 0.694986 0.209477
0.46557 0.365784 0.586655 0.0545138 0.673276 0.0434777
0.599189 0.251311 0.679001 0.0370787 0.703665 0.0748647
0.501281 0.497921 0.597562 0.320937 0.684458 0.0860366
