0.0129887 0.5089
0.0136815 0.5086
0.0143488 0.5051
0.0150127 0.5034
0.0156757 0.5026
0.0163469 0.5051
0.0170112 0.5036
0.0176724 0.5029
0.0183337 0.5033
0.0190066 0.5041
0.0196603 0.5052
0.0203167 0.5063
0.0210025 0.5101
0.0216704 0.5122
0.0223306 0.5116
0.0230157 0.5142
0.0236733 0.5119
0.0243363 0.5097
0.0249905 0.51
0.0256299 0.5096
0.0263262 0.5086
0.026988 0.5064
0.0276672 0.5066
0.028363 0.506
0.029033 0.5065
0.0297135 0.5045
0.0303958 0.5069
0.0310508 0.5066
0.0317162 0.5066
0.0324132 0.5078
0.0330756 0.5066
0.0337762 0.5079
0.0344731 0.5083
0.0351374 0.509
0.0358351 0.5102
0.0365425 0.5091
0.0372282 0.5075
0.0378988 0.5074
0.0386187 0.5056
0.039316 0.5066
0.04002 0.5055
0.0407181 0.5055
0.0414327 0.5053
0.04213 0.5047
0.0428096 0.5046
0.0435259 0.506
0.0442677 0.5067
0.0450016 0.5079
0.045721 0.5097
0.0464445 0.5095
0.0471447 0.5084
0.0478823 0.5089
0.0486201 0.5098
0.0493733 0.5087
0.0500841 0.5099
0.0508038 0.5084
0.0515042 0.5086
0.0522136 0.507
0.0529571 0.5091
0.0536912 0.5107
0.0543929 0.5114
0.0551325 0.5117
0.0558962 0.5111
0.0566351 0.5115
0.057395 0.5121
0.0581691 0.5109
0.0589686 0.5131
0.0597347 0.5132
0.0604427 0.5129
0.0612354 0.5127
0.0619945 0.5119
0.0627595 0.5142
0.0635418 0.5128
0.0643023 0.5115
0.0650782 0.5114
0.0658398 0.5116
0.0666079 0.5117
0.0673852 0.5122
0.0682023 0.5123
0.0689823 0.5126
0.0697564 0.514
0.0705355 0.5144
0.0713431 0.5143
0.0721497 0.5166
0.0728992 0.5161
0.073717 0.5138
0.0745319 0.5151
0.0753169 0.5142
0.0760851 0.5143
0.0768867 0.5144
0.0777267 0.5119
0.0785635 0.5112
0.0793862 0.5098
0.0801933 0.51
0.0809925 0.5113
0.0818246 0.5103
0.0826654 0.5112
0.0834693 0.5095
0.0842471 0.5091
0.0850691 0.5089
0.0858726 0.5101
0.0866019 0.5095
0.0874667 0.5085
0.088303 0.5084
0.0891318 0.5083
0.0899915 0.511
0.090824 0.511
0.0916381 0.5102
0.0924975 0.5091
0.0933348 0.5087
0.0942226 0.5094
0.0950604 0.5086
0.0958832 0.5073
0.0967197 0.5081
0.097615 0.5087
0.0985029 0.5078
0.0993706 0.5087
0.100319 0.5091
0.101214 0.508
0.102055 0.5073
0.102885 0.508
0.10371 0.5079
0.104558 0.5081
0.105407 0.5083
0.106276 0.5075
0.107136 0.5077
0.108046 0.5086
0.108926 0.5092
0.109801 0.5095
0.110689 0.5097
0.11151 0.5107
0.112353 0.5113
0.113211 0.5111
0.11406 0.5126
0.114955 0.5112
0.115823 0.5116
0.116713 0.5124
0.117648 0.5114
0.118546 0.5123
0.119408 0.5115
0.120328 0.5103
0.121261 0.5097
0.122167 0.5109
0.123083 0.5101
0.124031 0.5114
0.124963 0.5113
0.125895 0.5099
0.126858 0.5081
0.127863 0.5069
0.128829 0.5066
0.129762 0.5083
0.130705 0.5091
0.131568 0.5088
0.132457 0.5076
0.133419 0.5073
0.134358 0.5069
0.13519 0.5066
0.136137 0.5035
0.137009 0.5038
0.137977 0.5044
0.138901 0.505
0.139864 0.5065
0.140822 0.507
0.14169 0.5075
0.142673 0.5075
0.143597 0.5083
0.144636 0.5107
0.145622 0.51
0.14664 0.5097
0.147614 0.5098
0.148588 0.51
0.149411 0.5102
0.150357 0.5103
0.151253 0.5108
0.152241 0.5116
0.153173 0.5128
0.154093 0.5121
0.1551 0.5138
0.156104 0.5137
0.157169 0.512
0.158094 0.5123
0.159067 0.5109
0.160011 0.5112
0.161075 0.511
0.162146 0.5112
0.163157 0.5128
0.164172 0.5129
0.165199 0.5122
0.166175 0.5118
0.167111 0.5104
0.168126 0.5105
0.169099 0.5096
0.170113 0.5105
0.171253 0.5107
0.172201 0.5091
0.17315 0.5102
0.174113 0.5082
0.175113 0.5069
0.176171 0.5062
0.177176 0.5057
0.178205 0.507
0.179127 0.5064
0.180175 0.5068
0.181219 0.507
0.182238 0.5062
0.183337 0.5069
0.184375 0.5077
0.185401 0.5096
0.186374 0.511
0.187335 0.5103
0.188309 0.5098
0.189427 0.5083
0.19047 0.5085
0.191526 0.5089
0.192526 0.5085
0.193676 0.5087
0.194781 0.5101
0.195742 0.5102
0.196771 0.5082
0.197821 0.508
0.198998 0.5078
0.200046 0.5074
0.201122 0.5072
0.202152 0.5073
0.203171 0.5069
0.204217 0.5081
0.205186 0.509
0.206284 0.5087
0.207356 0.51
0.208484 0.5108
0.209479 0.5103
0.210617 0.5098
0.211824 0.5097
0.212816 0.5092
0.213877 0.509
0.214907 0.5094
0.215979 0.5086
0.217041 0.508
0.218151 0.5089
0.219295 0.5076
0.220351 0.5081
0.221505 0.5085
0.222576 0.5079
0.223617 0.5072
0.224769 0.5074
0.225813 0.5083
0.226941 0.5088
0.227965 0.5097
0.22907 0.5106
0.230139 0.51
0.231379 0.5098
0.232495 0.5099
0.233658 0.5098
0.234874 0.5083
0.23594 0.5088
0.237123 0.5085
0.23828 0.5088
0.239383 0.5096
0.240511 0.5088
0.241616 0.5089
0.242787 0.5084
0.243975 0.5091
0.245257 0.5085
0.246357 0.5093
0.247464 0.5076
0.248665 0.5078
0.249723 0.507
0.250926 0.5066
0.252099 0.5064
0.253187 0.5057
0.254423 0.5053
0.255576 0.5053
0.256688 0.5061
0.258009 0.5064
0.25908 0.5057
0.260385 0.5064
0.261549 0.5069
0.262738 0.5073
0.263823 0.5078
0.265098 0.5073
0.266193 0.5069
0.267378 0.5072
0.26862 0.5072
0.269804 0.5071
0.270964 0.5064
0.272131 0.5056
0.273302 0.5052
0.27445 0.5055
0.275528 0.5052
0.276567 0.505
0.277722 0.5053
0.278943 0.5046
0.280124 0.5047
0.281265 0.5052
0.282521 0.5058
0.283748 0.505
0.2848 0.5058
0.285944 0.5053
0.287124 0.5053
0.288319 0.5066
0.289597 0.5061
0.290801 0.5068
0.291954 0.5072
0.29316 0.5068
0.294285 0.5072
0.295561 0.5074
0.296703 0.5061
0.297902 0.5052
0.299123 0.506
0.300395 0.5062
0.301643 0.5058
0.302894 0.5065
0.304225 0.5059
0.305378 0.5061
0.306719 0.5051
0.308048 0.5042
0.309384 0.5049
0.310735 0.5051
0.311859 0.5057
0.31329 0.5062
0.314626 0.5082
0.315847 0.5074
0.317013 0.5074
0.318226 0.5073
0.319389 0.5068
0.320557 0.5069
0.321775 0.5066
0.323021 0.5074
0.324328 0.5074
0.325618 0.5077
0.326907 0.5075
0.3282 0.5079
0.329486 0.5077
0.330747 0.5081
0.332086 0.5081
0.333224 0.5073
0.334472 0.507
0.335725 0.5078
0.336875 0.5087
0.338113 0.5097
0.339345 0.5099
0.340527 0.5105
0.341882 0.5094
0.343291 0.5091
0.344462 0.51
0.345634 0.5094
0.3468 0.5109
0.348034 0.5114
0.349274 0.5116
0.350633 0.512
0.351991 0.5122
0.353336 0.5109
0.354538 0.5123
0.355775 0.5124
0.356939 0.5127
0.358218 0.5127
0.359641 0.5132
0.361014 0.5129
0.362181 0.5125
0.363373 0.5132
0.364598 0.5149
0.366068 0.5148
0.367374 0.5144
0.368694 0.5148
0.369997 0.5146
0.371162 0.5144
0.372423 0.5147
0.373601 0.5146
0.374944 0.5145
0.376127 0.5153
0.377429 0.5152
0.378746 0.5151
0.38005 0.5151
0.381294 0.5157
0.382543 0.5164
0.383719 0.5169
0.385014 0.5166
0.386378 0.517
0.387701 0.5164
0.389034 0.516
0.390321 0.5173
0.391525 0.5181
0.392816 0.5182
0.394014 0.5192
0.39521 0.5198
0.396402 0.5191
0.397753 0.5203
0.39898 0.5201
0.400153 0.5197
0.401453 0.5193
0.402686 0.5199
0.40401 0.5204
0.405285 0.5205
0.406341 0.5207
0.407528 0.5195
0.408687 0.5189
0.409922 0.5189
0.411155 0.5196
0.412437 0.52
0.413607 0.5203
0.414925 0.5196
0.416134 0.5196
0.417308 0.5195
0.418527 0.5199
0.419861 0.5199
0.421058 0.5202
0.422341 0.5205
0.423541 0.5208
0.424787 0.5216
0.425971 0.5214
0.427092 0.5214
0.428227 0.5215
0.429301 0.5215
0.430378 0.5217
0.431651 0.5219
0.43289 0.5221
0.434012 0.5222
0.435175 0.5228
0.436399 0.5228
0.437645 0.5232
0.438826 0.5233
0.439857 0.5239
0.440972 0.5235
0.442172 0.5238
0.44327 0.524
0.444483 0.525
0.445589 0.5254
0.446891 0.526
0.44803 0.5266
0.449259 0.5271
0.450539 0.5272
0.451553 0.528
0.452724 0.5283
0.453867 0.5287
0.455007 0.5298
0.456183 0.5291
0.457303 0.5293
0.458451 0.53
0.459567 0.5305
0.46061 0.5304
0.461677 0.5312
0.462775 0.5313
0.464054 0.5315
0.465175 0.532
0.466302 0.5316
0.467339 0.5314
0.468459 0.5315
0.469595 0.531
0.470645 0.5311
0.471792 0.5312
0.473012 0.5315
0.474009 0.5318
0.475212 0.5327
0.476404 0.5328
0.477496 0.533
0.478683 0.5332
0.479772 0.5339
0.480935 0.5346
0.482083 0.5348
0.483077 0.5357
0.484175 0.5348
0.485164 0.5351
0.486225 0.535
0.487332 0.5352
0.488553 0.535
0.489654 0.5357
0.490664 0.5363
0.491773 0.5367
0.492969 0.537
0.493968 0.5373
0.495043 0.5378
0.496175 0.5377
0.497331 0.5377
0.498503 0.5381
0.499556 0.5383
0.500641 0.5383
0.501819 0.5384
0.502973 0.539
0.50413 0.539
0.505154 0.539
0.50631 0.5393
0.507305 0.539
0.50837 0.5388
0.50939 0.539
0.510452 0.5396
0.511398 0.5398
0.512428 0.5398
0.513411 0.5392
0.514428 0.54
0.515344 0.5413
0.516476 0.5418
0.517588 0.5422
0.518524 0.5426
0.519556 0.5431
0.52058 0.5424
0.521817 0.5423
0.522871 0.5429
0.52403 0.5429
0.525005 0.5438
0.526045 0.5441
0.527221 0.544
0.528408 0.5444
0.529451 0.5454
0.530469 0.5452
0.531645 0.545
0.532742 0.5458
0.533747 0.5462
0.534852 0.546
0.535837 0.5461
0.536877 0.547
0.537995 0.5472
0.539097 0.547
0.540086 0.5478
0.541389 0.5479
0.542367 0.5478
0.543499 0.5485
0.544579 0.5486
0.54563 0.5484
0.546776 0.5484
0.547952 0.5483
0.549022 0.5483
0.55013 0.5483
0.551102 0.5488
0.552231 0.5495
0.553306 0.5506
0.554444 0.5513
0.555538 0.5518
0.556591 0.5529
0.557741 0.5534
0.558872 0.5529
0.55988 0.5523
0.561041 0.5529
0.562145 0.5539
0.563347 0.5547
0.564533 0.5555
0.565536 0.5561
0.566591 0.5562
0.567767 0.556
0.569041 0.5563
0.57029 0.5556
0.571407 0.5559
0.572647 0.5563
0.573796 0.5558
0.574878 0.5568
0.575951 0.557
0.577057 0.5574
0.578319 0.5579
0.579444 0.5583
0.58068 0.5588
0.581904 0.5587
0.583065 0.5589
0.584336 0.5597
0.585538 0.5606
0.586928 0.561
0.588056 0.5607
0.589471 0.5618
0.590733 0.563
0.592046 0.5632
0.593272 0.5628
0.594502 0.5632
0.595753 0.5648
0.596997 0.565
0.598377 0.5663
0.599632 0.5669
0.600812 0.5669
0.60221 0.5674
0.603633 0.5687
0.604921 0.5693
0.606361 0.5692
0.607764 0.5695
0.609216 0.5701
0.610744 0.5711
0.612224 0.5725
0.613692 0.5744
0.615233 0.5744
0.616844 0.5753
0.618378 0.5753
0.619943 0.5762
0.621558 0.578
0.623176 0.578
0.62488 0.5798
0.626361 0.5811
0.627974 0.5817
0.62964 0.5824
0.631268 0.5835
0.633077 0.5836
0.634784 0.5832
0.636597 0.5827
0.638431 0.5827
0.640205 0.5839
0.642025 0.5855
0.64388 0.5852
0.64561 0.5867
0.647506 0.5877
0.649546 0.5884
0.651669 0.5898
0.653743 0.5907
0.655882 0.592
0.658004 0.5924
0.660413 0.593
0.662645 0.5947
0.665385 0.5967
0.667883 0.5984
0.670281 0.5985
0.672886 0.5998
0.675549 0.6004
0.678134 0.6012
0.680729 0.6016
0.683228 0.603
0.686141 0.604
0.688785 0.6051
0.691975 0.607
0.694827 0.6087
0.698154 0.61
0.701101 0.6118
0.704847 0.6138
0.70828 0.6154
0.711097 0.6163
0.714349 0.618
0.718171 0.6192
0.722378 0.6213
0.726705 0.6229
0.730776 0.6252
0.734311 0.6262
0.738351 0.6291
0.742972 0.6308
0.748185 0.6317
0.752991 0.6344
0.758145 0.6372
0.763967 0.6395
0.76907 0.6409
0.774778 0.6432
0.780905 0.6468
0.787011 0.6484
0.793271 0.6527
0.800434 0.6558
0.807314 0.6579
0.815615 0.6597
0.823764 0.6619
0.831886 0.6647
0.841134 0.6682
0.849614 0.6713
0.859148 0.6761
0.868863 0.6804
0.879504 0.6856
0.890411 0.687769
0.902325 0.689469
0.914998 0.694869
0.930102 0.69927
0.945305 0.70247
0.960787 0.705471
0.977222 0.709171
0.992141 0.713571
1.01133 0.718072
1.031 0.720772
1.05255 0.724572
1.0749 0.728146
1.10151 0.730646
1.12708 0.734894
1.15321 0.739618
1.18274 0.743295
1.21714 0.745995
1.24939 0.749574
1.28562 0.75346
1.32328 0.757481
1.35717 0.761211
1.39739 0.765743
1.43125 0.770227
1.47579 0.774701
1.51092 0.775793
1.55377 0.777812
1.58726 0.78246
1.6236 0.785618
1.64665 0.789007
1.67169 0.793803
1.69314 0.796684
1.70277 0.801103
1.71377 0.803327
1.71824 0.807511
1.70802 0.811783
1.69587 0.815645
1.67924 0.818856
1.64242 0.821708
1.59798 0.824067
1.5517 0.824417
1.4896 0.824955
1.41964 0.82769
1.35909 0.829716
1.29745 0.833333
1.22142 0.83368
