0.01656 0.7
0.0176 0.6
0.01918 0.6
0.01959 0.6
0.02043 0.7
0.022 0.8
0.02256 0.8
0.02409 0.8
0.02454 0.8
0.02494 0.8
0.02542 0.8
0.02575 0.8
0.02628 0.8
0.02699 0.8
0.02824 0.8
0.02883 0.8
0.03016 0.8
0.03111 0.8
0.03196 0.8
0.03271 0.8
0.03322 0.8
0.03362 0.7
0.03426 0.7
0.03721 0.7
0.03834 0.7
0.03956 0.7
0.03993 0.6
0.04094 0.6
0.04119 0.6
0.04163 0.6
0.04242 0.6
0.04266 0.5
0.0429 0.5
0.04323 0.5
0.04348 0.6
0.04389 0.6
0.04454 0.6
0.04487 0.6
0.04505 0.5
0.04522 0.5
0.04547 0.5
0.04567 0.5
0.04584 0.4
0.04606 0.4
0.04636 0.4
0.04666 0.4
0.04698 0.4
0.0474 0.4
0.04773 0.4
0.04829 0.4
0.04858 0.5
0.04912 0.5
0.04951 0.5
0.04975 0.5
0.05075 0.5
0.05106 0.5
0.05148 0.5
0.05173 0.5
0.05195 0.5
0.05216 0.5
0.0524 0.5
0.05269 0.5
0.0529 0.5
0.05313 0.5
0.0538 0.5
0.05417 0.5
0.05623 0.5
0.05817 0.5
0.05846 0.4
0.05894 0.4
0.05932 0.4
0.05977 0.4
0.06008 0.4
0.06038 0.4
0.06266 0.4
0.0643 0.5
0.0648 0.5
0.066 0.5
0.06788 0.5
0.06824 0.6
0.06887 0.6
0.06983 0.6
0.07017 0.6
0.07087 0.6
0.07205 0.5
0.07442 0.5
0.07639 0.4
0.07662 0.4
0.07939 0.4
0.07996 0.4
0.08033 0.4
0.08091 0.4
0.08115 0.4
0.08338 0.4
0.08354 0.4
0.0837 0.4
0.08388 0.4
0.08411 0.4
0.08463 0.4
0.08551 0.4
0.08587 0.4
0.08615 0.4
0.08654 0.4
0.08976 0.4
0.09101 0.4
0.09123 0.4
0.09155 0.4
0.09221 0.4
0.09244 0.4
0.09271 0.4
0.09303 0.4
0.09384 0.5
0.09405 0.5
0.0943 0.5
0.09469 0.5
0.09513 0.5
0.09538 0.5
0.09561 0.5
0.09601 0.5
0.09703 0.5
0.09763 0.5
0.09792 0.5
0.10075 0.6
0.101 0.6
0.10117 0.6
0.10273 0.6
0.10543 0.6
0.10916 0.6
0.10947 0.6
0.11011 0.5
0.11045 0.5
0.11083 0.5
0.11114 0.5
0.11167 0.5
0.11291 0.5
0.114 0.5
0.11467 0.5
0.11557 0.5
0.11734 0.5
0.11775 0.6
0.11793 0.6
0.11809 0.6
0.11836 0.6
0.11855 0.6
0.12058 0.6
0.12079 0.6
0.12101 0.6
0.12135 0.6
0.12157 0.6
0.12178 0.6
0.12206 0.6
0.12233 0.6
0.12263 0.5
0.12679 0.5
0.12751 0.7
0.12785 0.7
0.13146 0.5
0.13159 0.5
0.13223 0.5
0.13361 0.5
0.13395 0.5
0.13487 0.6
0.13506 0.5
0.13526 0.5
0.13542 0.6
0.13567 0.6
0.13617 0.6
0.13634 0.6
0.13659 0.6
0.13683 0.6
0.13722 0.6
0.13747 0.6
0.13817 0.6
0.13835 0.6
0.13861 0.6
0.13909 0.6
0.13931 0.6
0.13943 0.6
0.13984 0.6
0.14001 0.6
0.14063 0.6
0.14095 0.6
0.14175 0.6
0.14359 0.6
0.14725 0.6
0.14742 0.6
0.14926 0.6
0.14949 0.6
0.15107 0.6
0.15128 0.6
0.15265 0.6
0.15328 0.6
0.15386 0.6
0.1554 0.5
0.15559 0.5
0.15579 0.5
0.15666 0.5
0.15813 0.5
0.16074 0.5
0.16167 0.5
0.16182 0.5
0.16207 0.5
0.16226 0.5
0.16249 0.5
0.16491 0.5
0.16507 0.5
0.16909 0.6
0.18061 0.6
0.18121 0.6
0.18652 0.5
0.1867 0.5
0.18694 0.5
0.18712 0.5
0.18888 0.4
0.1969 0.4
0.19707 0.4
0.19729 0.4
0.19783 0.4
0.19806 0.4
0.1983 0.4
0.1985 0.4
0.19895 0.4
0.19919 0.4
0.19942 0.4
0.20166 0.4
0.2024 0.3
0.20398 0.3
0.20529 0.3
0.20546 0.3
0.20571 0.3
0.20603 0.3
0.20911 0.3
0.20943 0.3
0.20971 0.3
0.21065 0.3
0.21159 0.3
0.21175 0.3
0.21196 0.3
0.21286 0.4
0.21371 0.4
0.21608 0.3
0.21764 0.3
0.21782 0.3
0.21836 0.3
0.21863 0.3
0.21972 0.4
0.22289 0.4
0.22425 0.4
0.22444 0.4
0.22871 0.4
0.2289 0.4
0.22932 0.5
0.22959 0.5
0.23056 0.5
0.23093 0.5
0.23151 0.5
0.23177 0.5
0.23247 0.5
0.23301 0.5
0.23489 0.5
0.2351 0.5
0.23533 0.5
0.23562 0.5
0.23607 0.5
0.23672 0.5
0.24049 0.4
0.24088 0.4
0.24118 0.4
0.24368 0.4
0.24386 0.4
0.24409 0.4
0.24445 0.4
0.24519 0.4
0.24561 0.4
0.25153 0.4
0.25833 0.4
0.25953 0.4
0.25985 0.4
0.26012 0.4
0.26297 0.4
0.26314 0.4
0.26334 0.4
0.26359 0.4
0.26389 0.4
0.26424 0.4
0.26513 0.4
0.27202 0.4
0.27244 0.4
0.27415 0.3
0.27524 0.3
0.27553 0.3
0.27713 0.3
0.27739 0.3
0.28021 0.4
0.28034 0.4
0.28049 0.4
0.28063 0.4
0.28079 0.4
0.28118 0.5
0.28358 0.5
0.28378 0.5
0.28398 0.5
0.29351 0.5
0.30096 0.5
0.30126 0.5
0.30159 0.5
0.30221 0.5
0.30238 0.5
0.30254 0.5
0.30273 0.5
0.30286 0.5
0.30303 0.5
0.3032 0.5
0.30943 0.6
0.30958 0.6
0.30998 0.6
0.31024 0.6
0.31103 0.6
0.31126 0.6
0.31217 0.6
0.31246 0.6
0.31279 0.6
0.31385 0.6
0.314 0.6
0.31424 0.6
0.31442 0.6
0.31493 0.6
0.3158 0.6
0.31596 0.6
0.31615 0.6
0.31638 0.6
0.32098 0.6
0.32137 0.6
0.32629 0.6
0.32893 0.6
0.32912 0.6
0.32986 0.6
0.33279 0.6
0.33518 0.6
0.33557 0.6
0.33576 0.6
0.33594 0.6
0.33612 0.6
0.3364 0.6
0.33737 0.6
0.33761 0.6
0.33784 0.6
0.34287 0.6
0.34523 0.6
0.3457 0.6
0.34629 0.6
0.35097 0.6
0.35114 0.6
0.35129 0.6
0.35143 0.6
0.35158 0.6
0.35172 0.6
0.35192 0.6
0.35227 0.6
0.35245 0.6
0.35271 0.6
0.35296 0.6
0.35368 0.6
0.35582 0.6
0.3562 0.6
0.35688 0.6
0.35707 0.6
0.35726 0.6
0.36297 0.7
0.36322 0.7
0.36343 0.7
0.3647 0.7
0.36611 0.7
0.36726 0.7
0.36793 0.7
0.36815 0.7
0.36874 0.7
0.36977 0.7
0.36997 0.7
0.37016 0.7
0.37095 0.7
0.37112 0.7
0.37147 0.7
0.37175 0.7
0.372 0.7
0.37222 0.7
0.37246 0.7
0.373 0.7
0.37325 0.7
0.37487 0.7
0.3751 0.7
0.38507 0.7
0.38545 0.7
0.38584 0.7
0.38934 0.8
0.38955 0.8
0.39234 0.8
0.39575 0.8
0.39609 0.8
0.39634 0.8
0.39654 0.8
0.39675 0.8
0.39898 0.8
0.40355 0.8
0.40374 0.8
0.40396 0.8
0.40418 0.8
0.40442 0.8
0.40639 0.8
0.40656 0.8
0.4068 0.8
0.40698 0.8
0.40722 0.8
0.40782 0.8
0.40871 0.8
0.41016 0.8
0.41114 0.8
0.41133 0.8
0.41157 0.8
0.4118 0.8
0.41212 0.8
0.41237 0.8
0.41392 0.8
0.43461 0.8
0.43487 0.8
0.43514 0.8
0.43537 0.8
0.43597 0.8
0.43617 0.8
0.43827 0.8
0.43963 0.8
0.43981 0.8
0.4401 0.8
0.44372 0.8
0.4443 0.8
0.45016 0.7
0.45034 0.7
0.45058 0.7
0.46017 0.6
0.46048 0.6
0.4609 0.6
0.46146 0.7
0.46175 0.7
0.4619 0.7
0.46209 0.7
0.46484 0.7
0.46503 0.7
0.46526 0.7
0.46563 0.7
0.46606 0.7
0.46623 0.7
0.46648 0.7
0.46699 0.7
0.46722 0.7
0.46864 0.7
0.46899 0.6
0.46937 0.6
0.47002 0.6
0.4725 0.6
0.47268 0.6
0.47288 0.6
0.47336 0.6
0.47379 0.6
0.47482 0.6
0.47693 0.6
0.47894 0.6
0.47917 0.6
0.47934 0.6
0.47957 0.6
0.47977 0.6
0.48012 0.6
0.48026 0.6
0.48197 0.6
0.48234 0.6
0.48504 0.6
0.48585 0.6
0.48604 0.6
0.48637 0.6
0.48657 0.6
0.48869 0.6
0.48897 0.6
0.48917 0.6
0.48941 0.6
0.48966 0.5
0.49016 0.5
0.49115 0.5
0.49152 0.5
0.49175 0.5
0.49191 0.5
0.4921 0.5
0.49234 0.5
0.49254 0.5
0.49458 0.6
0.49591 0.6
0.49617 0.6
0.49814 0.6
0.49834 0.6
0.49862 0.6
0.49897 0.6
0.49917 0.6
0.50216 0.6
0.50232 0.6
0.50257 0.6
0.50298 0.5
0.50323 0.5
0.50359 0.6
0.50396 0.5
0.50525 0.4
0.50696 0.4
0.50737 0.4
0.50761 0.4
0.50807 0.4
0.5083 0.4
0.50881 0.4
0.50906 0.4
0.51055 0.4
0.51294 0.5
0.51523 0.5
0.52209 0.5
0.5223 0.5
0.52249 0.5
0.52272 0.5
0.52295 0.5
0.52327 0.5
0.5235 0.6
0.52371 0.6
0.52469 0.6
0.52494 0.6
0.52512 0.6
0.52595 0.6
0.52792 0.6
0.52973 0.6
0.53151 0.6
0.53174 0.7
0.53202 0.7
0.53521 0.7
0.53708 0.7
0.53776 0.7
0.53799 0.7
0.53821 0.7
0.53904 0.7
0.54971 0.7
0.55012 0.7
0.56419 0.7
0.57987 0.7
0.58009 0.7
0.58055 0.7
0.58107 0.7
0.58133 0.7
0.58156 0.7
0.58368 0.7
0.58409 0.7
0.58431 0.7
0.58455 0.7
0.58517 0.7
0.58546 0.7
0.58695 0.7
0.58754 0.7
0.58922 0.7
0.58989 0.7
0.59066 0.7
0.59671 0.7
0.60799 0.7
0.60833 0.7
0.61286 0.7
0.61409 0.7
0.61498 0.7
0.61835 0.7
0.62937 0.6
0.6296 0.6
0.63211 0.6
0.63377 0.6
0.63455 0.6
0.63492 0.6
0.63558 0.6
0.63601 0.5
0.63818 0.6
0.64182 0.6
0.64262 0.6
0.6436 0.7
0.64392 0.7
0.64553 0.6
0.64579 0.6
0.64604 0.6
0.64729 0.6
0.64763 0.6
0.64797 0.6
0.64846 0.6
0.6487 0.6
0.64897 0.6
0.64939 0.6
0.65606 0.6
0.6569 0.6
0.66063 0.6
0.66097 0.6
0.66167 0.6
0.66318 0.6
0.6653 0.6
0.66553 0.6
0.66574 0.6
0.66597 0.6
0.6664 0.6
0.66678 0.6
0.6675 0.6
0.66782 0.6
0.66852 0.7
0.66878 0.7
0.66939 0.7
0.66964 0.7
0.67039 0.7
0.67061 0.7
0.67089 0.7
0.67276 0.7
0.67322 0.7
0.67502 0.8
0.67538 0.8
0.67577 0.8
0.67624 0.8
0.67717 0.8
0.67793 0.8
0.67888 0.8
0.67971 0.7
0.6877 0.7
0.72245 0.7
0.72365 0.6
0.72482 0.6
0.75925 0.6
0.76103 0.6
0.76138 0.6
0.76175 0.6
0.76697 0.6
0.7673 0.6
0.76972 0.6
0.76995 0.6
0.77024 0.6
0.77059 0.6
0.77137 0.6
0.7717 0.6
0.77382 0.5
0.7741 0.5
0.77634 0.5
0.77665 0.5
0.78019 0.5
0.78102 0.5
0.81759 0.7
0.81783 0.7
0.81858 0.7
0.87119 0.7
0.87155 0.7
0.87902 0.7
0.87963 0.7
0.89074 0.7
0.90373 0.7
0.90544 0.7
0.90601 0.7
0.90639 0.7
0.90821 0.7
0.94309 0.7
0.95018 0.8
0.95048 0.8
0.95078 0.8
0.95339 0.8
0.95374 0.8
1.02355 0.8
1.02388 0.8
1.06475 1
1.06652 1
1.21636 0.9
1.21758 0.9
1.40864 0.8
1.58261 0.8
1.58526 0.8
1.9633 0.8
1.96387 0.8
1.96549 0.9
2.00892 0.8
2.19276 0.8
2.1139 0.777778
2.11425 0.777778
2.11539 0.777778
1.34446 0.666667
1.34462 0.666667
1.34495 0.666667
1.3452 0.666667
1.34589 0.666667
1.11084 0.6
1.11097 0.6
0.92855 0.5
0.52509 0.333333
0.78744 0.666667
