0.0199882 0.5092
0.0212026 0.5085
0.0224364 0.5063
0.0236749 0.5073
0.0249249 0.5045
0.0261848 0.5045
0.0274479 0.5065
0.0287348 0.5062
0.0300368 0.5022
0.0313491 0.5039
0.032702 0.5041
0.0340446 0.5027
0.035421 0.5064
0.0367916 0.5066
0.0381834 0.5055
0.0395462 0.5066
0.0409565 0.5042
0.0423684 0.5023
0.0438284 0.502
0.0453118 0.501
0.0467577 0.5026
0.0482142 0.5023
0.0497007 0.5025
0.0512098 0.5027
0.0527374 0.5032
0.0542665 0.5048
0.0558106 0.5022
0.057355 0.5041
0.0589236 0.5042
0.0605299 0.5062
0.0621703 0.5091
0.0637812 0.5069
0.0653791 0.5062
0.0670122 0.5059
0.0686642 0.5062
0.0703328 0.5068
0.0720119 0.5061
0.0737091 0.5111
0.0754408 0.5106
0.0772013 0.5102
0.0789869 0.5099
0.0808055 0.5099
0.0826053 0.5101
0.0843999 0.5059
0.0862563 0.5051
0.0881075 0.5039
0.0899432 0.5026
0.0918692 0.5038
0.093787 0.5035
0.0956954 0.5045
0.0976592 0.5052
0.0996473 0.5039
0.101628 0.5038
0.103616 0.5087
0.105674 0.5086
0.107698 0.5093
0.109751 0.5073
0.111864 0.5034
0.113979 0.5026
0.116145 0.5037
0.118355 0.503
0.120597 0.5006
0.122826 0.5005
0.125024 0.5018
0.127265 0.496
0.129489 0.4938
0.131738 0.4955
0.134142 0.4962
0.136589 0.4992
0.138924 0.4979
0.141256 0.5001
0.143648 0.5002
0.145996 0.5017
0.148508 0.4994
0.150989 0.4998
0.153478 0.5012
0.15604 0.498
0.158691 0.4977
0.161407 0.5003
0.164087 0.4986
0.16676 0.5005
0.169425 0.5008
0.172064 0.4997
0.174853 0.5014
0.177491 0.5034
0.180326 0.5032
0.183367 0.5049
0.186353 0.5054
0.189193 0.5054
0.192171 0.5066
0.195136 0.5072
0.198236 0.5016
0.201301 0.5017
0.20438 0.4991
0.207606 0.5006
0.210873 0.5007
0.21411 0.5027
0.217476 0.501
0.220748 0.5036
0.224037 0.5022
0.227556 0.5024
0.23092 0.5
0.23451 0.4997
0.238112 0.5002
0.241602 0.4983
0.245364 0.4973
0.249023 0.4991
0.252808 0.4998
0.256717 0.4998
0.260609 0.5003
0.264701 0.5007
0.268668 0.5014
0.272772 0.5011
0.276811 0.4999
0.280653 0.5007
0.285056 0.5019
0.289282 0.5005
0.293714 0.4994
0.2982 0.4988
0.30263 0.4976
0.307157 0.4972
0.311721 0.4967
0.316606 0.4963
0.321082 0.4979
0.325833 0.4973
0.330227 0.4959
0.334568 0.4955
0.339288 0.496
0.344211 0.4976
0.349146 0.4998
0.353815 0.4998
0.358721 0.5
0.36368 0.4999
0.36885 0.4984
0.373531 0.4979
0.378155 0.498
0.382703 0.5005
0.387496 0.5009
0.39184 0.5014
0.396329 0.503
0.400738 0.5051
0.405197 0.5058
0.409242 0.5046
0.413683 0.5066
0.417974 0.5074
0.421964 0.5081
0.426045 0.5088
0.42991 0.5069
0.434021 0.5082
0.43791 0.5095
0.441516 0.5096
0.445245 0.5109
0.448539 0.5117
0.452299 0.5121
0.45584 0.5127
0.459169 0.5152
0.462472 0.5151
0.465586 0.5178
0.468851 0.5171
0.47176 0.5167
0.474698 0.5194
0.477595 0.5212
0.480398 0.5225
0.482976 0.5244
0.485782 0.5255
0.488135 0.5257
0.490629 0.5264
0.492856 0.5269
0.495337 0.5281
0.497698 0.5312
0.49981 0.5309
0.502159 0.531
0.504242 0.5306
0.506307 0.5306
0.508326 0.5314
0.510422 0.5335
0.512326 0.5351
0.514145 0.5378
0.51603 0.5387
0.517704 0.5413
0.51952 0.5417
0.521126 0.5431
0.522764 0.5429
0.524318 0.5448
0.525961 0.5467
0.527375 0.5485
0.528836 0.5506
0.530258 0.5499
0.531568 0.5502
0.532802 0.5502
0.534145 0.5505
0.535398 0.5514
0.536536 0.5536
0.537841 0.5534
0.53915 0.5541
0.540434 0.5546
0.541628 0.5544
0.542902 0.5528
0.54403 0.5541
0.545188 0.5554
0.54636 0.5557
0.547472 0.5562
0.548503 0.5571
0.549627 0.5573
0.550745 0.5588
0.551929 0.5595
0.55302 0.5598
0.554087 0.5613
0.555134 0.5595
0.556126 0.5617
0.557186 0.5618
0.558314 0.5634
0.559355 0.5652
0.56033 0.5654
0.561372 0.5651
0.562414 0.567
0.563417 0.5681
0.564447 0.5691
0.565352 0.5685
0.566335 0.57
0.56734 0.5705
0.568313 0.5718
0.569254 0.5725
0.570187 0.5727
0.571146 0.5743
0.572097 0.574
0.573081 0.5742
0.574027 0.5758
0.575003 0.5778
0.575962 0.5765
0.576897 0.5779
0.577839 0.5794
0.578821 0.5803
0.579784 0.5812
0.580616 0.5811
0.581539 0.5818
0.582493 0.5819
0.583406 0.5829
0.584362 0.5831
0.585265 0.5838
0.586217 0.5844
0.587132 0.5857
0.588032 0.5859
0.588928 0.5874
0.589781 0.5886
0.590718 0.5898
0.591708 0.5914
0.592686 0.5917
0.593634 0.593
0.594523 0.5927
0.595402 0.5935
0.596345 0.5941
0.597298 0.5956
0.598189 0.596
0.599069 0.5962
0.600006 0.597
0.600936 0.5977
0.601882 0.5979
0.602768 0.5976
0.603671 0.5982
0.604583 0.5987
0.605483 0.5987
0.606378 0.5996
0.607299 0.6004
0.608216 0.6025
0.609095 0.6031
0.610056 0.6041
0.610902 0.6048
0.611809 0.6061
0.612714 0.6053
0.613622 0.6056
0.614514 0.6055
0.615385 0.6056
0.616308 0.6065
0.617222 0.607
0.618142 0.6067
0.619037 0.6077
0.619897 0.6088
0.620712 0.6084
0.621581 0.6088
0.622512 0.6106
0.623385 0.6102
0.624288 0.6115
0.625157 0.6128
0.626041 0.6138
0.626928 0.6149
0.627856 0.6155
0.628766 0.6161
0.62966 0.6154
0.630496 0.6155
0.631422 0.6154
0.632347 0.6156
0.633257 0.6151
0.634133 0.6149
0.634992 0.6157
0.635914 0.6151
0.636805 0.6153
0.637707 0.6168
0.638605 0.6172
0.63946 0.6178
0.640331 0.6189
0.641225 0.6201
0.642091 0.6204
0.642951 0.6204
0.643806 0.6207
0.644705 0.6216
0.645585 0.6222
0.64647 0.6227
0.64735 0.6228
0.64825 0.6216
0.64916 0.6221
0.650062 0.6234
0.650902 0.6243
0.651801 0.6253
0.652661 0.6253
0.653528 0.626
0.654362 0.6255
0.655285 0.6267
0.656186 0.6273
0.657046 0.6276
0.65791 0.6281
0.658768 0.6283
0.659661 0.6295
0.660529 0.63
0.661377 0.6307
0.66226 0.6313
0.663144 0.6314
0.664041 0.6325
0.66488 0.6325
0.665759 0.6328
0.666692 0.6331
0.667537 0.6332
0.66844 0.6328
0.669316 0.6327
0.670204 0.6337
0.671084 0.6342
0.672 0.6349
0.672877 0.6347
0.673795 0.6354
0.674677 0.6354
0.675548 0.6366
0.676394 0.6372
0.6773 0.6379
0.678187 0.6375
0.679101 0.6384
0.679991 0.6394
0.680889 0.6397
0.681777 0.6404
0.68265 0.642
0.683531 0.6421
0.684392 0.6423
0.685243 0.6427
0.686151 0.6437
0.687008 0.6444
0.687901 0.6449
0.688812 0.6454
0.689719 0.6459
0.690644 0.6457
0.691542 0.6455
0.692459 0.6447
0.693385 0.6453
0.694228 0.6457
0.695129 0.6463
0.69604 0.6465
0.696889 0.6473
0.697787 0.6472
0.6987 0.6474
0.699568 0.6473
0.700434 0.6469
0.701267 0.6468
0.702143 0.6469
0.703011 0.6469
0.703873 0.6479
0.704795 0.6488
0.705716 0.6488
0.706603 0.6483
0.707425 0.6492
0.708395 0.6494
0.70925 0.65
0.710149 0.6504
0.711068 0.6507
0.711957 0.6511
0.712807 0.651
0.713737 0.6513
0.714628 0.6511
0.715531 0.6522
0.716467 0.6522
0.717346 0.6521
0.718292 0.6529
0.719152 0.6532
0.7201 0.6534
0.720988 0.6534
0.721871 0.654
0.722741 0.654
0.723663 0.6542
0.724537 0.6548
0.725477 0.655
0.72637 0.6551
0.727277 0.6558
0.728197 0.656
0.729132 0.6567
0.730023 0.6572
0.730924 0.6571
0.731826 0.6576
0.732805 0.6572
0.73371 0.6578
0.734634 0.6582
0.735598 0.6588
0.736576 0.6594
0.737487 0.6599
0.738437 0.6601
0.739419 0.6598
0.740328 0.6599
0.741238 0.66
0.742165 0.6608
0.743069 0.6607
0.743962 0.6614
0.744891 0.6623
0.745792 0.6628
0.746675 0.664
0.747633 0.6651
0.748577 0.6649
0.749535 0.6647
0.75048 0.6653
0.751485 0.6658
0.752433 0.6661
0.753398 0.6659
0.754373 0.6663
0.755302 0.6667
0.756287 0.6668
0.757243 0.667
0.758177 0.6672
0.759133 0.6682
0.760038 0.6687
0.760981 0.6685
0.761855 0.6683
0.762774 0.6691
0.763764 0.669
0.76478 0.6694
0.765742 0.6697
0.766668 0.6702
0.767651 0.6704
0.768591 0.67
0.76958 0.6701
0.77057 0.6706
0.771495 0.6708
0.772487 0.671
0.773597 0.6709
0.774609 0.6711
0.775539 0.6717
0.776485 0.6715
0.777478 0.6716
0.778543 0.6716
0.779578 0.6717
0.780586 0.6727
0.781643 0.6734
0.782704 0.6737
0.783689 0.6749
0.784688 0.6758
0.785749 0.6761
0.786806 0.6765
0.787829 0.6771
0.788895 0.6778
0.789893 0.6784
0.791002 0.6782
0.792 0.6778
0.793098 0.6777
0.79417 0.6776
0.795286 0.6774
0.796334 0.6775
0.797361 0.678
0.798469 0.6781
0.799592 0.6782
0.800655 0.6786
0.801743 0.6788
0.802825 0.6791
0.803836 0.6793
0.804955 0.6797
0.806123 0.68
0.807234 0.6804
0.808412 0.6809
0.809629 0.6813
0.810796 0.6822
0.811868 0.6823
0.81299 0.6827
0.814213 0.6827
0.815358 0.683
0.816461 0.6832
0.817692 0.6836
0.818848 0.6841
0.82008 0.6843
0.821153 0.6842
0.82236 0.6849
0.823508 0.6853
0.824713 0.685
0.825866 0.6858
0.827076 0.686
0.828385 0.6858
0.829619 0.6862
0.830809 0.6865
0.832085 0.6865
0.833281 0.6873
0.834558 0.6875
0.835872 0.6878
0.83717 0.6882
0.838524 0.6889
0.839731 0.6891
0.841022 0.6897
0.842356 0.6903
0.843567 0.6905
0.844777 0.6906
0.846181 0.6905
0.847499 0.6911
0.84885 0.6913
0.850417 0.6917
0.851869 0.6919
0.853363 0.6927
0.85497 0.6934
0.856414 0.694
0.857819 0.6941
0.859288 0.6951
0.86069 0.6958
0.862206 0.6959
0.863775 0.6955
0.865386 0.6961
0.866929 0.6963
0.868465 0.6967
0.869922 0.6968
0.871634 0.6979
0.8733 0.6986
0.874998 0.6994
0.87672 0.7
0.878306 0.7002
0.879964 0.7005
0.881541 0.7006
0.883188 0.7006
0.885216 0.7019
0.88703 0.7029
0.888885 0.7039
0.890855 0.7048
0.89261 0.7048
0.894325 0.7045
0.896274 0.705
0.898284 0.7061
0.900338 0.7071
0.902181 0.7075
0.904152 0.7082
0.906342 0.7088
0.908561 0.7088
0.910737 0.7096
0.913022 0.7106
0.91519 0.7109
0.917464 0.7113
0.91987 0.7124
0.922242 0.7131
0.924635 0.7136
0.927163 0.7145
0.929704 0.715
0.931996 0.7151
0.934432 0.7154
0.937173 0.7166
0.939687 0.717
0.942478 0.7184
0.945384 0.7193
0.948328 0.7204
0.951852 0.7209
0.954841 0.7211
0.957643 0.7219
0.960933 0.7227
0.964646 0.7236
0.96772 0.7249
0.971417 0.7253
0.974547 0.7261
0.978472 0.7276
0.982302 0.7284
0.986479 0.7297
0.990688 0.7305
0.994515 0.7313
0.998675 0.733
1.00301 0.7342
1.00734 0.7351
1.01248 0.7359
1.01713 0.7376
1.02302 0.7391
1.02858 0.7409
1.03323 0.7421
1.03814 0.7439
1.04338 0.7449
1.0489 0.7461
1.0531 0.747
1.05938 0.7483
1.06494 0.7493
1.07264 0.752
1.07882 0.753275
1.08449 0.753875
1.09059 0.754975
1.09681 0.756576
1.10363 0.757752
1.11016 0.758452
1.11843 0.760352
1.12523 0.761829
1.13054 0.763158
1.13744 0.764235
1.14503 0.765966
1.15327 0.767144
1.16005 0.768653
1.16837 0.769554
1.17601 0.770911
1.18401 0.772568
1.19218 0.773169
1.20074 0.774927
1.20837 0.776285
1.21502 0.777343
1.2249 0.778702
1.23349 0.780219
1.24171 0.781379
1.25047 0.782639
1.2574 0.784093
1.26678 0.785478
1.27657 0.78702
1.28694 0.788765
1.29667 0.790447
1.30406 0.791872
1.31149 0.793194
1.31988 0.794298
1.32828 0.795223
1.33721 0.796371
1.34641 0.797761
1.35454 0.798829
1.36181 0.800081
1.37013 0.801295
1.37801 0.802025
1.38526 0.802574
1.3923 0.804304
1.40271 0.805079
1.40993 0.805736
1.41734 0.806271
1.42461 0.807214
1.43257 0.808304
1.4429 0.809247
1.45247 0.810278
1.46332 0.811101
1.4719 0.812072
1.48072 0.812366
1.49174 0.813255
1.50138 0.813551
1.51221 0.814443
1.52185 0.814739
1.53091 0.815062
1.54074 0.815527
1.55072 0.815768
1.56062 0.816272
1.57 0.816533
1.58054 0.816785
1.59149 0.817
1.60276 0.817234
1.61116 0.817064
1.62238 0.817684
1.63268 0.818097
1.64508 0.818417
1.65771 0.818615
1.67135 0.818832
1.68489 0.818852
1.69895 0.818984
1.711 0.819042
1.72482 0.818929
1.73856 0.81909
1.75334 0.818996
1.76882 0.81893
1.78391 0.818798
1.79885 0.819046
1.81889 0.819074
1.83701 0.819047
1.85474 0.819257
1.87403 0.819153
1.89726 0.819555
1.92036 0.819662
1.94338 0.820478
1.96294 0.821203
1.98754 0.822279
2.0043 0.824161
2.02255 0.826426
2.0456 0.828703
2.07021 0.831142
2.08394 0.835378
2.11403 0.838157
2.13685 0.842667
2.15688 0.848751
2.17747 0.855169
2.17815 0.864358
