0.0200089 0.5042
0.0212078 0.5041
0.0224124 0.5042
0.0236526 0.5047
0.0249202 0.5065
0.0261983 0.5072
0.0274791 0.5071
0.0287704 0.5065
0.0300671 0.5035
0.0313649 0.5012
0.0326839 0.5056
0.0339935 0.5033
0.0353414 0.5024
0.0367039 0.4998
0.0380762 0.5005
0.0394924 0.5002
0.0409183 0.5012
0.042344 0.5001
0.0437605 0.501
0.045203 0.501
0.0466663 0.5039
0.0481465 0.504
0.0496254 0.5044
0.0511138 0.506
0.0526258 0.5085
0.0541749 0.5102
0.0557278 0.5068
0.0572892 0.5039
0.0588489 0.5043
0.0604546 0.5022
0.0620609 0.5016
0.0636745 0.4997
0.0653317 0.5026
0.0669927 0.5024
0.0686172 0.5005
0.0702932 0.4984
0.0719566 0.5002
0.0736875 0.5003
0.0754281 0.5017
0.0771902 0.5009
0.0789441 0.4972
0.0807308 0.4964
0.0825209 0.4978
0.0843809 0.4954
0.0862368 0.4976
0.088042 0.4984
0.089846 0.4979
0.0917198 0.4986
0.0936551 0.4978
0.0955482 0.4962
0.0975161 0.4987
0.0994933 0.4973
0.101546 0.4974
0.103501 0.4987
0.105473 0.4977
0.107455 0.4978
0.109553 0.4961
0.11164 0.4951
0.113707 0.4967
0.115878 0.4942
0.118091 0.4967
0.120337 0.4945
0.122524 0.4964
0.124803 0.4954
0.127156 0.496
0.129379 0.4974
0.131725 0.4948
0.134049 0.494
0.136359 0.4939
0.138685 0.4959
0.141125 0.4957
0.143476 0.4949
0.145916 0.4983
0.148406 0.4971
0.15086 0.4979
0.153412 0.4977
0.156045 0.5004
0.158718 0.4989
0.1613 0.5008
0.163904 0.5012
0.166604 0.5027
0.169313 0.4996
0.17199 0.4982
0.17482 0.4989
0.177564 0.4983
0.180465 0.4965
0.1834 0.4971
0.18636 0.4967
0.189317 0.498
0.192288 0.499
0.195336 0.4989
0.198172 0.5017
0.201299 0.502
0.204483 0.4995
0.207826 0.4976
0.210977 0.4967
0.214191 0.4953
0.217425 0.4971
0.220851 0.496
0.224069 0.4965
0.227611 0.4991
0.231272 0.4975
0.234775 0.4978
0.238476 0.4994
0.242238 0.4984
0.245926 0.4993
0.249707 0.4989
0.253542 0.4967
0.257359 0.4962
0.261182 0.4966
0.264976 0.4995
0.268932 0.4985
0.273057 0.4987
0.277109 0.4974
0.281162 0.4967
0.285363 0.4986
0.289726 0.4993
0.293987 0.4983
0.298558 0.4979
0.303041 0.4963
0.307625 0.493
0.312141 0.4922
0.317123 0.493
0.32177 0.4938
0.326363 0.4931
0.331124 0.4933
0.336059 0.4914
0.340547 0.4943
0.345301 0.4954
0.349873 0.4939
0.35472 0.4943
0.3597 0.4943
0.364585 0.4962
0.36938 0.4977
0.374294 0.4973
0.379143 0.4997
0.383797 0.5003
0.38833 0.4995
0.392885 0.4995
0.397563 0.5033
0.402 0.5045
0.40633 0.5036
0.41038 0.5047
0.414581 0.5065
0.41877 0.5093
0.423086 0.5119
0.427298 0.5126
0.431238 0.5135
0.434906 0.5129
0.43886 0.5124
0.442578 0.5137
0.446196 0.5158
0.449587 0.5178
0.453115 0.5189
0.456316 0.5196
0.459696 0.5212
0.46273 0.5225
0.465764 0.5248
0.46902 0.5255
0.472219 0.5275
0.475074 0.529
0.478228 0.5288
0.481101 0.53
0.483772 0.5312
0.486404 0.5331
0.488775 0.5328
0.491184 0.5343
0.493453 0.535
0.495628 0.5358
0.497939 0.5371
0.500049 0.5364
0.50228 0.5384
0.50423 0.5386
0.50638 0.539
0.508163 0.5397
0.510149 0.5403
0.512056 0.5415
0.513791 0.5436
0.515442 0.5444
0.517322 0.5454
0.519062 0.5466
0.520603 0.5455
0.522281 0.547
0.523754 0.5483
0.525341 0.5497
0.526827 0.5503
0.52831 0.5524
0.52968 0.5543
0.531113 0.5553
0.532511 0.5571
0.533939 0.5584
0.535227 0.5586
0.536572 0.5583
0.537907 0.5592
0.539169 0.5602
0.540371 0.5606
0.541624 0.5612
0.542842 0.5625
0.54407 0.5618
0.545265 0.5619
0.546502 0.5626
0.547539 0.5643
0.548652 0.5664
0.549694 0.5669
0.550773 0.5682
0.551803 0.569
0.552885 0.5708
0.553898 0.5709
0.554938 0.5711
0.556007 0.571
0.557068 0.5706
0.558129 0.5709
0.559169 0.5716
0.560218 0.573
0.56127 0.5741
0.562255 0.5747
0.563216 0.5756
0.564189 0.5762
0.565226 0.5764
0.566234 0.5769
0.567154 0.5768
0.568091 0.577
0.569033 0.5791
0.57 0.5798
0.570952 0.5802
0.571885 0.5808
0.572751 0.5822
0.573725 0.5833
0.574687 0.5829
0.57562 0.5838
0.576614 0.5852
0.577544 0.5862
0.578481 0.587
0.579439 0.5872
0.580352 0.5878
0.581274 0.5878
0.582192 0.5898
0.583138 0.591
0.584084 0.5918
0.585008 0.5914
0.585904 0.5909
0.586841 0.5925
0.587777 0.5924
0.588656 0.592
0.58954 0.5932
0.590439 0.595
0.591336 0.5948
0.592185 0.5964
0.593104 0.5963
0.59397 0.5973
0.594926 0.5974
0.595845 0.5979
0.596727 0.5984
0.597626 0.6002
0.598555 0.6012
0.599509 0.602
0.600408 0.603
0.601322 0.6034
0.602269 0.6057
0.603217 0.6041
0.604164 0.6045
0.605052 0.6039
0.605965 0.6035
0.606911 0.6044
0.607816 0.6066
0.608675 0.6072
0.60962 0.6069
0.610524 0.6075
0.611482 0.6084
0.612353 0.6077
0.613258 0.6074
0.614163 0.6081
0.6151 0.6088
0.615979 0.6097
0.616865 0.6109
0.617792 0.6113
0.618701 0.6116
0.619591 0.6115
0.620515 0.6113
0.621358 0.6114
0.622272 0.6132
0.623212 0.6143
0.624083 0.6153
0.625006 0.6162
0.625904 0.6165
0.626823 0.6167
0.627695 0.6165
0.628592 0.6168
0.629486 0.6174
0.630369 0.618
0.631279 0.6184
0.632188 0.6189
0.6331 0.6198
0.633974 0.6216
0.634892 0.6224
0.635819 0.6228
0.636718 0.6226
0.637577 0.6233
0.638466 0.6229
0.639355 0.6231
0.640217 0.6237
0.641081 0.624
0.642019 0.624
0.642932 0.6246
0.643796 0.6252
0.644722 0.6259
0.645596 0.6262
0.646545 0.6269
0.647459 0.6269
0.64836 0.6277
0.649207 0.6279
0.650099 0.6281
0.650992 0.6288
0.651883 0.629
0.652767 0.6297
0.653729 0.631
0.654618 0.6308
0.655479 0.6311
0.656333 0.6324
0.657246 0.6326
0.658106 0.6343
0.658971 0.6347
0.659844 0.6353
0.66076 0.636
0.661723 0.6375
0.662595 0.6376
0.663481 0.6385
0.664387 0.6391
0.66525 0.6389
0.666137 0.6396
0.666987 0.6404
0.667801 0.6402
0.668651 0.6405
0.669582 0.6404
0.670425 0.6404
0.671303 0.6402
0.672116 0.6412
0.672961 0.6408
0.673843 0.6406
0.674804 0.6415
0.675672 0.642
0.676545 0.6427
0.677417 0.6417
0.678295 0.6419
0.679196 0.6426
0.680112 0.6436
0.681012 0.6441
0.681883 0.6445
0.682812 0.6454
0.683668 0.6461
0.684525 0.6471
0.685394 0.6478
0.68623 0.6481
0.687059 0.6486
0.687919 0.6494
0.688777 0.6493
0.689616 0.6494
0.690507 0.6491
0.691414 0.6496
0.692278 0.6486
0.693127 0.6486
0.694024 0.6494
0.694893 0.6498
0.695789 0.6495
0.696685 0.6498
0.697605 0.6499
0.698447 0.6505
0.699355 0.6508
0.700211 0.6512
0.701124 0.6516
0.702025 0.6514
0.702937 0.6521
0.703791 0.6531
0.704673 0.654
0.705575 0.6545
0.706449 0.6556
0.707333 0.6564
0.708159 0.6564
0.709068 0.6568
0.70993 0.6573
0.710831 0.6585
0.711703 0.6588
0.712593 0.6594
0.713487 0.659
0.714421 0.6587
0.7153 0.6594
0.716231 0.6593
0.717131 0.6607
0.718026 0.6606
0.718985 0.661
0.719907 0.6608
0.720798 0.6611
0.721727 0.6618
0.722635 0.6621
0.723615 0.6624
0.724473 0.6635
0.725318 0.6635
0.726261 0.664
0.72717 0.6639
0.72809 0.6637
0.728986 0.6646
0.729868 0.6644
0.730792 0.6646
0.731722 0.6651
0.732611 0.6657
0.733566 0.6655
0.734545 0.6663
0.735443 0.6661
0.736333 0.6663
0.737281 0.6671
0.738159 0.6669
0.739071 0.6675
0.739986 0.6681
0.740918 0.6684
0.741836 0.6687
0.742708 0.6685
0.743604 0.6691
0.744468 0.6694
0.745389 0.67
0.746307 0.6696
0.747254 0.6698
0.748169 0.67
0.749137 0.67
0.750104 0.6705
0.750974 0.6712
0.751853 0.6717
0.752871 0.6727
0.75382 0.6729
0.754779 0.6729
0.755728 0.6737
0.756701 0.6742
0.757633 0.6745
0.758629 0.6747
0.759577 0.675
0.760607 0.6757
0.761524 0.6756
0.762529 0.676
0.763503 0.6759
0.764503 0.6765
0.765528 0.6768
0.766502 0.6767
0.767542 0.6765
0.768564 0.6767
0.76955 0.6765
0.770529 0.6774
0.771534 0.6774
0.772458 0.6776
0.773436 0.6781
0.774505 0.6779
0.775517 0.6783
0.776506 0.6786
0.777468 0.6792
0.77852 0.6803
0.779488 0.6799
0.780499 0.6806
0.781526 0.6809
0.782494 0.6808
0.783567 0.681
0.784651 0.6818
0.785625 0.6818
0.786663 0.6826
0.787676 0.6824
0.788727 0.6836
0.789829 0.6844
0.79092 0.6848
0.791968 0.6849
0.793034 0.6847
0.79407 0.6845
0.795068 0.6848
0.796221 0.6856
0.7973 0.6863
0.798383 0.6865
0.799519 0.6871
0.800666 0.6874
0.801759 0.6869
0.802873 0.6865
0.804095 0.6875
0.805137 0.6875
0.806259 0.6876
0.807339 0.6882
0.808558 0.689
0.80965 0.6889
0.810722 0.689
0.811798 0.6889
0.812908 0.6894
0.814013 0.69
0.815172 0.6908
0.816306 0.6907
0.817478 0.6908
0.818681 0.6919
0.819834 0.692
0.821032 0.6921
0.822171 0.6918
0.823374 0.6916
0.824546 0.6921
0.825755 0.6922
0.826979 0.6929
0.828236 0.6934
0.829462 0.6931
0.830653 0.6937
0.831894 0.6942
0.833295 0.6951
0.834611 0.6959
0.835921 0.6962
0.837196 0.6966
0.838514 0.6971
0.839855 0.6975
0.841119 0.6977
0.842414 0.6981
0.843723 0.6985
0.845004 0.6988
0.846366 0.6989
0.8478 0.699
0.849296 0.6996
0.850769 0.6992
0.852255 0.6994
0.85361 0.6998
0.855137 0.7
0.856548 0.7001
0.858081 0.7
0.859705 0.6998
0.8613 0.6996
0.863011 0.7006
0.864695 0.7011
0.866371 0.7018
0.867949 0.7021
0.869603 0.7018
0.871287 0.7025
0.87319 0.7028
0.87481 0.703
0.876491 0.7034
0.878034 0.7038
0.879849 0.7037
0.881803 0.7046
0.883466 0.7049
0.88527 0.7052
0.887114 0.7052
0.889053 0.706
0.890701 0.7059
0.892561 0.7076
0.894367 0.708
0.896522 0.7089
0.898799 0.7095
0.900822 0.7102
0.903066 0.711
0.905411 0.7113
0.907341 0.7124
0.909554 0.7128
0.911642 0.7132
0.913593 0.7136
0.91587 0.7142
0.918053 0.7151
0.920284 0.716
0.922608 0.7167
0.92488 0.7177
0.926984 0.7184
0.929204 0.7187
0.932388 0.7198
0.935176 0.7205
0.937831 0.7215
0.9405 0.7221
0.943134 0.7228
0.945934 0.7234
0.94875 0.7244
0.951777 0.725
0.955011 0.7259
0.958468 0.7271
0.961336 0.728
0.964628 0.7289
0.967601 0.7295
0.971041 0.7307
0.97455 0.7316
0.977901 0.7326
0.981184 0.7337
0.984631 0.7344
0.988466 0.7354
0.992035 0.7361
0.995681 0.7368
1.00011 0.7389
1.00443 0.74
1.00884 0.7413
1.01365 0.7434
1.01792 0.744
1.02377 0.7455
1.02933 0.7472
1.03421 0.7486
1.03951 0.7501
1.04494 0.751775
1.05101 0.753175
1.05623 0.754575
1.06296 0.755376
1.06926 0.757476
1.07445 0.758552
1.0811 0.759352
1.08749 0.761052
1.0947 0.762152
1.10047 0.762753
1.10706 0.763853
1.11379 0.765683
1.12137 0.767384
1.12891 0.768684
1.13494 0.769885
1.14177 0.77124
1.14971 0.772441
1.15625 0.774229
1.16285 0.775008
1.17215 0.776921
1.17935 0.7777
1.18751 0.779459
1.1957 0.780818
1.20572 0.782321
1.21352 0.784003
1.2218 0.786001
1.22948 0.787076
1.23833 0.788575
1.24673 0.789775
1.25545 0.790997
1.26412 0.792601
1.2731 0.793905
1.28252 0.795171
1.29112 0.796255
1.30086 0.797482
1.30905 0.798509
1.31691 0.799536
1.32719 0.801331
1.33519 0.8022
1.34259 0.802605
1.34832 0.803456
1.35847 0.805643
1.36542 0.806762
1.37306 0.807517
1.38285 0.808636
1.39092 0.809451
1.40019 0.810147
1.40904 0.811332
1.41808 0.81264
1.4282 0.813606
1.43797 0.814306
1.44772 0.815026
1.45755 0.81583
1.46727 0.816476
1.47852 0.817255
1.48981 0.817978
1.49769 0.818627
1.50593 0.81925
1.51661 0.819511
1.5248 0.819912
1.53424 0.820276
1.54365 0.82066
1.55424 0.820773
1.56632 0.821062
1.57613 0.821055
1.58796 0.821542
1.59989 0.821722
1.61202 0.822163
1.62445 0.822332
1.63556 0.822362
1.64687 0.822355
1.65805 0.822554
1.66887 0.822632
1.68154 0.822644
1.69434 0.82288
1.70771 0.822928
1.72235 0.823147
1.73494 0.823189
1.7483 0.82342
1.76184 0.823688
1.77826 0.823596
1.79243 0.823536
1.80845 0.823908
1.82672 0.823798
1.8424 0.823682
1.85845 0.823738
1.87721 0.824278
1.89969 0.824444
1.92539 0.824525
1.94643 0.824982
1.97087 0.825422
1.99462 0.826283
2.0177 0.827579
2.04032 0.828391
2.06015 0.830508
2.08048 0.832978
2.10015 0.835923
2.11773 0.840043
2.142 0.843455
2.15636 0.849402
2.16646 0.855383
2.17544 0.862286
2.17903 0.869431
