0.0199502 0.4978
0.0211444 0.498
0.0223638 0.5031
0.0236007 0.5032
0.0248641 0.5018
0.0261259 0.5024
0.0273984 0.5022
0.0286962 0.5024
0.0299714 0.4986
0.0312652 0.5033
0.0325746 0.5005
0.0339127 0.5015
0.0352761 0.5028
0.0366677 0.5055
0.0380432 0.502
0.0394382 0.5041
0.0408231 0.5038
0.0422558 0.5037
0.0436821 0.5038
0.0451365 0.4987
0.0466003 0.5004
0.0480847 0.5006
0.0495629 0.5002
0.0510677 0.5008
0.0525693 0.5015
0.0540749 0.506
0.0556088 0.5079
0.0571864 0.5086
0.0587643 0.507
0.0603361 0.5111
0.0619662 0.5111
0.0636153 0.5088
0.0652479 0.5099
0.0669316 0.5123
0.0686249 0.5113
0.0703447 0.5092
0.0720647 0.5077
0.0737624 0.5069
0.0754763 0.5063
0.0772644 0.5067
0.0790458 0.508
0.0808178 0.5078
0.0825939 0.5078
0.0844641 0.5066
0.0862882 0.5072
0.0881137 0.5068
0.0899803 0.5073
0.0918208 0.5083
0.0936947 0.5041
0.0955944 0.5055
0.0974883 0.5079
0.0994357 0.5051
0.101427 0.5041
0.10343 0.5059
0.105449 0.5073
0.10746 0.5045
0.109539 0.506
0.111614 0.5058
0.113729 0.5052
0.115854 0.5021
0.117984 0.502
0.120161 0.5029
0.122352 0.5048
0.124596 0.5032
0.126867 0.5043
0.12923 0.5041
0.131577 0.5025
0.133945 0.5015
0.136293 0.5022
0.13866 0.5017
0.141006 0.5019
0.143397 0.5021
0.145884 0.501
0.148271 0.5007
0.15082 0.4983
0.153393 0.4971
0.156029 0.4991
0.158656 0.4971
0.161274 0.4944
0.163941 0.4931
0.166552 0.4947
0.169325 0.494
0.171976 0.4962
0.174592 0.4943
0.177461 0.4968
0.180373 0.4967
0.183323 0.4968
0.186272 0.4965
0.189167 0.4971
0.192177 0.4983
0.195174 0.4985
0.198152 0.4968
0.201354 0.4976
0.20451 0.496
0.207914 0.4972
0.211104 0.4973
0.214478 0.4999
0.217559 0.4989
0.220755 0.4976
0.224147 0.4974
0.227499 0.4963
0.230822 0.4954
0.234261 0.4952
0.238029 0.4959
0.24167 0.4971
0.245245 0.4955
0.249099 0.4947
0.252825 0.4961
0.256703 0.4969
0.260803 0.496
0.264786 0.4939
0.268655 0.4932
0.272627 0.4959
0.276622 0.4953
0.280593 0.4957
0.284807 0.4946
0.288824 0.4956
0.293173 0.4948
0.297503 0.4959
0.302125 0.493
0.306837 0.4936
0.311208 0.4934
0.315845 0.4949
0.320243 0.4954
0.324882 0.4973
0.329644 0.495
0.334282 0.4946
0.339031 0.4964
0.343609 0.4989
0.34834 0.4979
0.353071 0.4999
0.357713 0.4988
0.362491 0.4996
0.367124 0.4997
0.371983 0.5009
0.376522 0.501
0.381185 0.4995
0.385863 0.4971
0.390461 0.4968
0.394976 0.4968
0.399622 0.4983
0.404033 0.4984
0.408333 0.5013
0.412602 0.5009
0.416838 0.5015
0.42108 0.5022
0.425046 0.504
0.429006 0.5042
0.433029 0.5045
0.436958 0.5041
0.440966 0.5064
0.444362 0.5083
0.447997 0.5107
0.45137 0.5123
0.45448 0.5129
0.457536 0.5159
0.460811 0.5176
0.46411 0.5185
0.467548 0.5183
0.470857 0.5199
0.473841 0.5198
0.477066 0.5223
0.479762 0.5247
0.482316 0.5262
0.484872 0.5271
0.487397 0.5283
0.489745 0.5296
0.492286 0.5295
0.494879 0.5301
0.497027 0.5312
0.499288 0.5336
0.501332 0.5342
0.503454 0.5339
0.50543 0.5338
0.50729 0.5354
0.509366 0.5361
0.51124 0.536
0.513016 0.537
0.51489 0.5383
0.516628 0.5402
0.518413 0.5403
0.520009 0.5422
0.52171 0.5417
0.523345 0.5433
0.5251 0.5445
0.526666 0.5455
0.528065 0.5466
0.529582 0.5477
0.531005 0.5485
0.532431 0.5491
0.533762 0.55
0.535057 0.5507
0.536311 0.5524
0.53756 0.5533
0.538747 0.5537
0.54002 0.5538
0.541228 0.5558
0.542355 0.5568
0.543607 0.5575
0.544779 0.5588
0.545952 0.5589
0.547027 0.5611
0.548125 0.5626
0.549261 0.5641
0.550415 0.5666
0.551407 0.5674
0.552508 0.5683
0.553562 0.5677
0.554619 0.5676
0.555664 0.5682
0.55673 0.5684
0.557674 0.5691
0.558693 0.57
0.55973 0.572
0.560716 0.5741
0.561751 0.5749
0.562679 0.5767
0.563646 0.5774
0.564614 0.5781
0.565568 0.5782
0.566504 0.578
0.567499 0.5769
0.56851 0.5772
0.569502 0.5774
0.570482 0.5776
0.571506 0.5785
0.572509 0.5808
0.573439 0.5815
0.574413 0.5813
0.575363 0.5823
0.57631 0.5823
0.577279 0.582
0.578173 0.5841
0.579153 0.5857
0.580104 0.5853
0.580979 0.5859
0.581903 0.5871
0.582842 0.5887
0.583759 0.588
0.584701 0.5883
0.585647 0.589
0.586587 0.5897
0.587498 0.5902
0.588373 0.5898
0.589306 0.5914
0.590243 0.5915
0.591235 0.592
0.592124 0.5921
0.59303 0.5921
0.593919 0.592
0.594843 0.5924
0.595775 0.593
0.596669 0.593
0.597617 0.5933
0.598494 0.5935
0.599401 0.5934
0.600318 0.5954
0.601257 0.5957
0.602172 0.5968
0.603044 0.5966
0.603965 0.5985
0.604832 0.5985
0.605691 0.5994
0.606559 0.5991
0.607386 0.5994
0.608299 0.6
0.609218 0.6
0.610123 0.6004
0.61101 0.6011
0.611878 0.6013
0.612824 0.6006
0.613717 0.6014
0.614618 0.6006
0.615461 0.6016
0.616382 0.6026
0.617261 0.6038
0.618101 0.605
0.619042 0.6049
0.619899 0.6065
0.620733 0.6069
0.621634 0.607
0.62249 0.6073
0.623366 0.6066
0.624253 0.6077
0.625164 0.6076
0.626087 0.6091
0.626957 0.6098
0.627789 0.6101
0.628663 0.6094
0.629543 0.6098
0.630418 0.6109
0.631298 0.6112
0.632177 0.6117
0.63306 0.6133
0.633946 0.6137
0.634823 0.6148
0.635706 0.6151
0.636596 0.6156
0.637432 0.6168
0.638247 0.6176
0.63911 0.618
0.639986 0.6186
0.640861 0.6195
0.641783 0.6197
0.642707 0.62
0.643598 0.6205
0.644484 0.621
0.645394 0.6205
0.646286 0.6216
0.647178 0.6216
0.648067 0.6226
0.648896 0.6232
0.649761 0.6238
0.650665 0.6237
0.651583 0.624
0.652458 0.6242
0.653321 0.6253
0.654156 0.6265
0.655112 0.6271
0.656017 0.6274
0.656904 0.6282
0.657763 0.6284
0.658633 0.628
0.659512 0.6283
0.660411 0.6281
0.661307 0.6274
0.662198 0.6272
0.66308 0.6279
0.663936 0.6282
0.664798 0.6282
0.665646 0.6286
0.666552 0.6289
0.667466 0.6296
0.668391 0.63
0.669309 0.6305
0.670227 0.6309
0.67111 0.6315
0.671995 0.6325
0.672855 0.6324
0.673738 0.6325
0.6746 0.6332
0.675462 0.6332
0.676339 0.6331
0.67721 0.6324
0.678064 0.6331
0.678958 0.6337
0.679795 0.6346
0.680657 0.6345
0.681496 0.6347
0.682402 0.6348
0.683334 0.6345
0.684197 0.6347
0.685055 0.6364
0.685996 0.6374
0.686855 0.6374
0.687758 0.6378
0.68865 0.6373
0.689539 0.6371
0.690452 0.6376
0.691318 0.6379
0.692182 0.6373
0.693042 0.6382
0.69393 0.6389
0.694849 0.6397
0.695727 0.6403
0.69663 0.6415
0.697512 0.6416
0.698476 0.6421
0.699343 0.6431
0.700219 0.6435
0.701122 0.6439
0.702009 0.6447
0.702922 0.6448
0.703815 0.645
0.704719 0.6453
0.705603 0.6453
0.706525 0.6462
0.707456 0.6464
0.70832 0.6469
0.709227 0.648
0.710128 0.6473
0.711005 0.6467
0.71193 0.6466
0.712846 0.6466
0.71371 0.6461
0.714621 0.6471
0.715504 0.6472
0.716367 0.6476
0.717304 0.6481
0.718218 0.6492
0.719185 0.6498
0.720081 0.6501
0.720962 0.6501
0.721894 0.6509
0.722797 0.6516
0.723658 0.6522
0.724558 0.6524
0.725472 0.6518
0.72644 0.6525
0.727322 0.6522
0.728248 0.6517
0.729131 0.6517
0.729995 0.6523
0.7309 0.6527
0.731835 0.6531
0.732789 0.6533
0.733738 0.6544
0.734655 0.6537
0.735624 0.6539
0.736497 0.6541
0.737427 0.6548
0.738338 0.655
0.739224 0.6556
0.740118 0.6555
0.741107 0.6558
0.742087 0.6573
0.742976 0.6567
0.743936 0.6569
0.744811 0.6571
0.745733 0.6573
0.746718 0.658
0.74766 0.6581
0.748538 0.6584
0.749478 0.6589
0.750461 0.6596
0.75142 0.6602
0.752454 0.6604
0.753422 0.6604
0.754391 0.6606
0.755358 0.6606
0.75628 0.6609
0.757275 0.6624
0.758237 0.6623
0.759206 0.6627
0.760166 0.6623
0.761141 0.6631
0.762064 0.6635
0.76306 0.6634
0.764008 0.6641
0.765009 0.6645
0.765986 0.6648
0.766968 0.6653
0.76792 0.6654
0.768923 0.6644
0.769907 0.6653
0.770846 0.6649
0.771796 0.6652
0.772844 0.6654
0.773805 0.6656
0.774762 0.6652
0.775729 0.6658
0.776717 0.6664
0.777758 0.6663
0.778731 0.6666
0.779767 0.6669
0.780691 0.6669
0.781648 0.6659
0.782739 0.667
0.78374 0.6668
0.784706 0.6667
0.785732 0.6665
0.786798 0.6676
0.787951 0.6681
0.789014 0.6681
0.790099 0.6677
0.791092 0.6673
0.792094 0.6677
0.793123 0.6673
0.794201 0.6668
0.795207 0.6676
0.796294 0.6677
0.797413 0.6675
0.798422 0.6677
0.799482 0.6684
0.800602 0.6686
0.801684 0.669
0.802777 0.6693
0.803885 0.6691
0.805003 0.6697
0.806169 0.6705
0.807275 0.6713
0.808401 0.6716
0.809556 0.6718
0.810691 0.6723
0.81185 0.6726
0.813029 0.6732
0.8142 0.6733
0.815355 0.6733
0.816376 0.6737
0.817552 0.6743
0.818751 0.675
0.819985 0.6761
0.821259 0.6764
0.82251 0.6768
0.823744 0.6772
0.82497 0.6775
0.826284 0.6782
0.827576 0.6789
0.828813 0.6792
0.830085 0.6797
0.831317 0.6795
0.832617 0.6799
0.833892 0.6803
0.835341 0.6806
0.83674 0.6808
0.83793 0.6812
0.83926 0.681
0.84069 0.6815
0.842102 0.682
0.843456 0.682
0.844809 0.6821
0.846109 0.6823
0.847665 0.6824
0.848976 0.6828
0.850388 0.6832
0.85189 0.6835
0.853235 0.6837
0.854594 0.6841
0.856068 0.6844
0.857657 0.6847
0.859243 0.6852
0.860881 0.6857
0.86234 0.686
0.863844 0.6861
0.865528 0.6867
0.86724 0.6871
0.86884 0.6883
0.87058 0.6891
0.87223 0.6893
0.873715 0.689
0.875382 0.6891
0.877172 0.6897
0.878841 0.6904
0.880548 0.6908
0.882166 0.6912
0.883949 0.6917
0.88579 0.6922
0.887641 0.6932
0.889595 0.6941
0.891439 0.6951
0.89349 0.6959
0.895547 0.6971
0.897411 0.698
0.899365 0.6986
0.901137 0.6996
0.903165 0.7004
0.905115 0.7004
0.907101 0.7003
0.909262 0.7009
0.91138 0.7014
0.913758 0.7026
0.916157 0.7027
0.918669 0.7037
0.920763 0.7042
0.923406 0.7056
0.92607 0.7067
0.928561 0.7073
0.930913 0.7083
0.933595 0.7088
0.936566 0.7098
0.939635 0.7106
0.942275 0.7119
0.945404 0.7131
0.948466 0.7141
0.951652 0.7151
0.954655 0.7161
0.957441 0.7168
0.96086 0.718
0.963818 0.7186
0.967438 0.7197
0.97077 0.7207
0.974508 0.7217
0.977744 0.7234
0.981298 0.7242
0.985098 0.7256
0.988705 0.7264
0.992791 0.7281
0.996534 0.7288
1.00095 0.7304
1.00526 0.7311
1.00967 0.7323
1.01372 0.7333
1.01825 0.7342
1.02274 0.7356
1.02756 0.7368
1.03249 0.738074
1.03847 0.739674
1.04457 0.740774
1.04999 0.742074
1.0557 0.742874
1.0616 0.744774
1.06679 0.745775
1.07125 0.746149
1.07759 0.747149
1.08315 0.74785
1.08884 0.74865
1.09514 0.750825
1.10157 0.752126
1.10855 0.753326
1.11617 0.755227
1.12378 0.757127
1.13143 0.758679
1.1382 0.75988
1.14587 0.761757
1.15401 0.763664
1.16227 0.765442
1.16989 0.766019
1.17754 0.767651
1.18546 0.769107
1.19426 0.770564
1.20089 0.772454
1.20743 0.77342
1.21564 0.774634
1.22286 0.776328
1.23241 0.778269
1.24331 0.780155
1.25291 0.781015
1.26014 0.782613
1.26947 0.784213
1.27779 0.785973
1.2873 0.787296
1.29732 0.78834
1.30677 0.789484
1.31695 0.790995
1.32731 0.792784
1.33709 0.793608
1.34637 0.795118
1.35432 0.796184
1.36154 0.796646
1.36973 0.797614
1.3804 0.798746
1.38776 0.798867
1.3968 0.800243
1.40457 0.801297
1.41448 0.801886
1.42635 0.803206
1.4357 0.803776
1.4417 0.804432
1.45025 0.804943
1.45935 0.805536
1.46665 0.806133
1.47467 0.806586
1.48463 0.807163
1.49315 0.807575
1.50264 0.808235
1.50921 0.808487
1.52122 0.809105
1.53112 0.810094
1.54044 0.810695
1.55113 0.811814
1.56054 0.812025
1.56995 0.812526
1.58058 0.81311
1.59351 0.813296
1.60618 0.813631
1.61746 0.814011
1.62761 0.814205
1.64058 0.814708
1.65287 0.814968
1.66497 0.814983
1.67897 0.814991
1.69019 0.814922
1.70271 0.81506
1.71593 0.81534
1.72645 0.815214
1.73947 0.81523
1.75429 0.815341
1.76995 0.815727
1.78708 0.815754
1.8038 0.815705
1.82239 0.815751
1.84073 0.815844
1.86134 0.815729
1.88126 0.815641
1.90196 0.815638
1.92092 0.815853
1.9444 0.81623
1.9661 0.816483
1.99027 0.816996
2.01266 0.817415
2.03949 0.818835
2.06075 0.820663
2.08238 0.822526
2.10425 0.825359
2.12794 0.828636
2.13891 0.834351
2.14747 0.840168
2.15613 0.845956
2.1652 0.852964
2.17606 0.861022
