0.0200652 0.5046
0.0212752 0.5037
0.0225011 0.5008
0.023746 0.5008
0.0249887 0.5031
0.026222 0.5063
0.0274725 0.5059
0.0287724 0.5025
0.0300713 0.5021
0.0313967 0.5002
0.032726 0.5024
0.0340674 0.5028
0.0354339 0.5003
0.0368038 0.4996
0.0381813 0.5001
0.0395497 0.5011
0.0409132 0.4991
0.0423339 0.5017
0.0437472 0.4984
0.0452388 0.4995
0.0467095 0.4989
0.0481821 0.4961
0.049677 0.4976
0.0511741 0.498
0.0527115 0.4975
0.0542688 0.498
0.0557658 0.4993
0.0572791 0.4982
0.0588577 0.4966
0.0604372 0.494
0.0620463 0.4916
0.0636725 0.4901
0.065311 0.4915
0.0669766 0.4948
0.0686608 0.4899
0.0703366 0.4903
0.0719996 0.4914
0.0737361 0.4917
0.075475 0.4913
0.0771834 0.4918
0.0789194 0.4945
0.0807313 0.4953
0.0824925 0.4976
0.084345 0.4969
0.0862024 0.4955
0.0880075 0.496
0.0898807 0.4961
0.091749 0.4941
0.0936743 0.4947
0.0956537 0.4941
0.0975709 0.4959
0.0995056 0.4958
0.101429 0.4959
0.103405 0.4972
0.105403 0.4962
0.107371 0.4957
0.109456 0.5004
0.111529 0.498
0.113626 0.5005
0.115749 0.5018
0.117902 0.5021
0.120073 0.5017
0.122272 0.4996
0.124483 0.4985
0.126643 0.4998
0.128906 0.4999
0.131198 0.5
0.133487 0.5016
0.135869 0.4996
0.138256 0.4981
0.140713 0.4983
0.143237 0.4987
0.145698 0.4972
0.14811 0.4981
0.15065 0.4982
0.153135 0.4998
0.155573 0.4989
0.158281 0.4982
0.161025 0.5002
0.163655 0.5008
0.166288 0.5027
0.169015 0.5068
0.171894 0.5064
0.1746 0.5038
0.17744 0.5039
0.180282 0.5029
0.183291 0.4999
0.186198 0.4975
0.189136 0.4983
0.192139 0.4995
0.195128 0.5013
0.198203 0.5012
0.201486 0.5026
0.204689 0.5003
0.207785 0.5004
0.210936 0.5018
0.214298 0.5006
0.217638 0.5017
0.220885 0.5023
0.224221 0.5034
0.227614 0.5032
0.231101 0.5032
0.234551 0.5044
0.238131 0.5043
0.241815 0.5064
0.245491 0.5074
0.249306 0.5063
0.253319 0.5068
0.25718 0.5067
0.261376 0.5071
0.265302 0.5087
0.269221 0.509
0.273202 0.5083
0.277246 0.5054
0.281286 0.5057
0.285619 0.5056
0.289907 0.5035
0.294179 0.5026
0.298543 0.5038
0.302823 0.5032
0.307089 0.5006
0.311643 0.4999
0.316451 0.4982
0.320935 0.4996
0.325636 0.5023
0.330275 0.5029
0.335039 0.5032
0.339471 0.5031
0.344097 0.502
0.348934 0.5016
0.353872 0.5021
0.358722 0.5033
0.363424 0.5039
0.367805 0.5039
0.372366 0.5055
0.376943 0.5046
0.381493 0.5065
0.385996 0.5085
0.390876 0.5083
0.395527 0.5085
0.400081 0.5095
0.404321 0.5097
0.408897 0.511
0.41331 0.5122
0.41729 0.5125
0.421643 0.5144
0.425682 0.5154
0.429735 0.5154
0.433667 0.5164
0.437443 0.5185
0.441366 0.5183
0.44534 0.5187
0.448867 0.5189
0.452547 0.5208
0.455819 0.5215
0.459377 0.5229
0.462444 0.5232
0.465686 0.5241
0.468834 0.5261
0.471865 0.5276
0.474797 0.5284
0.477552 0.5292
0.480243 0.53
0.482999 0.5303
0.485662 0.5325
0.488208 0.5341
0.490763 0.5364
0.493172 0.5377
0.495702 0.5399
0.498272 0.5423
0.500314 0.544
0.502487 0.544
0.504449 0.5466
0.50659 0.5469
0.50863 0.5475
0.51055 0.5478
0.512453 0.5488
0.51425 0.5496
0.516084 0.5497
0.517758 0.5513
0.519289 0.5521
0.520942 0.5532
0.52236 0.5536
0.524016 0.5541
0.52568 0.5544
0.527205 0.5558
0.528535 0.5578
0.530008 0.5598
0.531439 0.5607
0.53284 0.5609
0.534154 0.5608
0.535499 0.5615
0.536761 0.5626
0.538098 0.5646
0.539392 0.565
0.540593 0.5664
0.541931 0.5674
0.543169 0.5693
0.544271 0.5687
0.545556 0.5676
0.546686 0.5687
0.547799 0.5695
0.548916 0.5697
0.550031 0.5709
0.551177 0.5721
0.552251 0.5722
0.553363 0.573
0.554451 0.5729
0.555438 0.5742
0.556414 0.574
0.557469 0.5754
0.558563 0.5761
0.559682 0.5771
0.560681 0.5784
0.561735 0.5774
0.562772 0.5791
0.563695 0.5808
0.564655 0.5817
0.565666 0.5814
0.566615 0.5824
0.567598 0.5824
0.568488 0.5828
0.569528 0.584
0.57051 0.5844
0.571494 0.5856
0.57248 0.5855
0.573394 0.5855
0.574394 0.5877
0.575369 0.5879
0.576299 0.5888
0.577225 0.5894
0.578172 0.5904
0.579079 0.5911
0.579994 0.5914
0.580947 0.591
0.581893 0.5916
0.582839 0.5915
0.583764 0.5921
0.584739 0.5932
0.585677 0.5948
0.586629 0.5952
0.587535 0.5939
0.588477 0.5941
0.589382 0.5949
0.590301 0.5959
0.591208 0.5962
0.592076 0.5965
0.592982 0.5964
0.593866 0.5974
0.594771 0.5971
0.595703 0.5983
0.596574 0.5992
0.597505 0.6006
0.598466 0.601
0.599356 0.6021
0.600273 0.6027
0.601154 0.6036
0.602035 0.6043
0.602923 0.6044
0.60381 0.6045
0.604683 0.6049
0.605593 0.6048
0.606492 0.6059
0.607434 0.6064
0.60834 0.6076
0.609252 0.6077
0.610125 0.6074
0.611063 0.6065
0.611966 0.6068
0.612878 0.6061
0.613765 0.6064
0.614645 0.6066
0.615552 0.606
0.616439 0.6068
0.61736 0.6068
0.61832 0.6086
0.619231 0.6096
0.620142 0.6101
0.621056 0.611
0.62197 0.6113
0.622886 0.612
0.623777 0.613
0.624671 0.6131
0.625574 0.614
0.626438 0.6152
0.627286 0.6148
0.628191 0.6148
0.629077 0.6161
0.629973 0.6176
0.630874 0.6163
0.631791 0.617
0.632685 0.6178
0.633603 0.6186
0.634465 0.6194
0.635334 0.6205
0.636214 0.6204
0.637067 0.6211
0.637935 0.6226
0.638805 0.6232
0.639694 0.6227
0.640585 0.6236
0.641486 0.6238
0.642351 0.623
0.643182 0.6235
0.644083 0.6231
0.644947 0.6238
0.645829 0.6237
0.64677 0.6234
0.647672 0.6247
0.648647 0.6253
0.64956 0.626
0.65046 0.626
0.651369 0.6272
0.652262 0.6284
0.653192 0.6279
0.654034 0.6288
0.654909 0.6298
0.655802 0.6297
0.656743 0.6315
0.657585 0.6323
0.658475 0.6316
0.659359 0.6319
0.660251 0.632
0.661131 0.6331
0.662006 0.6336
0.662888 0.6343
0.663775 0.635
0.664668 0.6349
0.665588 0.6349
0.66651 0.6351
0.667374 0.6367
0.66826 0.6379
0.669173 0.6386
0.670112 0.6395
0.671002 0.6393
0.671837 0.6396
0.672718 0.6405
0.67362 0.641
0.674492 0.6408
0.675326 0.6408
0.6762 0.6418
0.677045 0.6422
0.677929 0.6419
0.678825 0.642
0.679706 0.6431
0.680556 0.6432
0.681412 0.6435
0.682304 0.6438
0.68323 0.6449
0.684079 0.6461
0.684973 0.6466
0.685902 0.6468
0.68678 0.6469
0.687716 0.6476
0.68861 0.6475
0.689539 0.6473
0.690396 0.6473
0.691256 0.6475
0.69219 0.6478
0.693102 0.6481
0.694008 0.6479
0.694832 0.6475
0.695724 0.6482
0.696639 0.6478
0.697536 0.6472
0.698411 0.6474
0.699281 0.6475
0.700137 0.6483
0.70105 0.6487
0.701938 0.6488
0.702934 0.6487
0.703851 0.6491
0.70472 0.6494
0.705607 0.6502
0.706476 0.6507
0.707355 0.6506
0.708263 0.6515
0.70912 0.6519
0.710049 0.6527
0.710934 0.6532
0.711808 0.6539
0.712725 0.6541
0.713599 0.6543
0.714516 0.6547
0.715378 0.655
0.716254 0.6551
0.717137 0.6565
0.718004 0.6574
0.71892 0.6579
0.719794 0.6581
0.720696 0.6582
0.721616 0.6582
0.722552 0.6585
0.723424 0.6589
0.724283 0.6592
0.725202 0.6601
0.726063 0.6602
0.726953 0.6606
0.727874 0.6617
0.728816 0.6622
0.729799 0.6621
0.730751 0.6618
0.731655 0.6622
0.732576 0.6626
0.733462 0.6633
0.73444 0.6632
0.735403 0.663
0.736349 0.6632
0.737346 0.6642
0.738243 0.6646
0.739188 0.6647
0.740065 0.6648
0.740994 0.6645
0.741958 0.6657
0.742839 0.6657
0.743737 0.6658
0.744704 0.667
0.745595 0.6674
0.746531 0.6674
0.747462 0.6682
0.748413 0.6692
0.749318 0.6697
0.750297 0.6699
0.751287 0.6698
0.752209 0.6694
0.753195 0.6703
0.75411 0.6706
0.755084 0.6709
0.756051 0.6712
0.756972 0.6711
0.75794 0.671
0.758918 0.6714
0.759836 0.6717
0.760793 0.6722
0.761788 0.6731
0.762796 0.6726
0.763757 0.6727
0.764712 0.6725
0.765645 0.6728
0.766611 0.6737
0.767589 0.6738
0.768576 0.6737
0.769535 0.6738
0.770499 0.6745
0.771514 0.675
0.7725 0.675
0.773423 0.6745
0.774441 0.6746
0.775456 0.6741
0.776432 0.6742
0.777505 0.6747
0.778539 0.6751
0.779562 0.6753
0.780475 0.6758
0.781497 0.676
0.78252 0.6764
0.783508 0.6769
0.784592 0.6768
0.785576 0.6769
0.786572 0.6772
0.787577 0.6771
0.788568 0.6771
0.789722 0.6772
0.790716 0.6778
0.791757 0.6779
0.792774 0.6784
0.793807 0.6786
0.794932 0.6783
0.79598 0.6789
0.797123 0.6797
0.798189 0.68
0.799287 0.6805
0.800336 0.6806
0.801469 0.6811
0.802655 0.6815
0.8037 0.6824
0.804844 0.6829
0.805974 0.6824
0.807113 0.6825
0.808267 0.6825
0.809386 0.6825
0.810426 0.6827
0.811525 0.6833
0.812712 0.6836
0.813828 0.6841
0.814967 0.6845
0.816139 0.6843
0.817235 0.6846
0.81849 0.685
0.819641 0.6848
0.820804 0.6852
0.821934 0.6856
0.823083 0.6857
0.824299 0.6854
0.825447 0.6862
0.826662 0.6859
0.827847 0.6859
0.829119 0.6863
0.830382 0.6863
0.831596 0.6865
0.832986 0.6869
0.83435 0.6876
0.8357 0.6878
0.836984 0.6882
0.838353 0.6889
0.839619 0.6894
0.841009 0.6897
0.842384 0.6899
0.843886 0.6903
0.845285 0.691
0.846706 0.6921
0.848197 0.6923
0.849606 0.6927
0.851036 0.6927
0.85242 0.6929
0.853801 0.694
0.85531 0.6948
0.856677 0.695
0.85824 0.695
0.859737 0.6959
0.861149 0.6967
0.862495 0.6972
0.863953 0.6974
0.865365 0.6969
0.866782 0.6974
0.868584 0.6972
0.870177 0.6974
0.871901 0.6985
0.873467 0.6989
0.874956 0.6995
0.876586 0.6998
0.878283 0.7011
0.879831 0.7019
0.881522 0.7025
0.883274 0.7032
0.884915 0.7034
0.886701 0.7034
0.888463 0.7043
0.890301 0.7045
0.892216 0.7055
0.894391 0.7064
0.896198 0.7069
0.898301 0.7076
0.900187 0.7081
0.902157 0.7081
0.904123 0.7086
0.906176 0.7086
0.908297 0.7091
0.910579 0.71
0.912973 0.7101
0.915085 0.7109
0.917691 0.7114
0.920276 0.7127
0.922523 0.7138
0.924882 0.714
0.927313 0.7142
0.930025 0.7145
0.932574 0.7149
0.935349 0.7156
0.937539 0.7158
0.940189 0.7166
0.943036 0.7177
0.945898 0.7182
0.948729 0.7192
0.951593 0.7198
0.954502 0.7206
0.957379 0.7215
0.960514 0.7228
0.964136 0.7235
0.967516 0.7245
0.971145 0.7261
0.974391 0.7273
0.978123 0.7281
0.981102 0.7289
0.984957 0.73
0.988559 0.7309
0.992584 0.732
0.996574 0.7333
1.0009 0.7346
1.00529 0.736
1.00957 0.7378
1.01348 0.7388
1.01801 0.7395
1.02288 0.7407
1.02759 0.7422
1.03235 0.7431
1.03742 0.7436
1.04293 0.745
1.04822 0.747
1.05326 0.7482
1.05969 0.7498
1.06546 0.7511
1.07183 0.7531
1.07855 0.755076
1.08434 0.756676
1.09024 0.758428
1.09712 0.759728
1.10326 0.761128
1.11009 0.762329
1.11657 0.763705
1.12333 0.765259
1.1309 0.76656
1.13932 0.767861
1.14734 0.769339
1.15573 0.77094
1.1638 0.77214
1.17044 0.773674
1.17924 0.774852
1.18742 0.775954
1.19759 0.777867
1.20523 0.779481
1.2133 0.781519
1.22174 0.7827
1.23049 0.784017
1.23783 0.785456
1.24728 0.786717
1.25628 0.788359
1.26788 0.79006
1.27816 0.791345
1.28565 0.792726
1.29331 0.794771
1.30233 0.796499
1.31067 0.797886
1.32075 0.798953
1.3276 0.79996
1.33415 0.800444
1.34328 0.801675
1.35253 0.802987
1.36225 0.804363
1.37134 0.805396
1.3803 0.806005
1.38821 0.806696
1.39651 0.80733
1.40671 0.808144
1.4158 0.809166
1.42359 0.809886
1.43107 0.810588
1.44103 0.811693
1.45191 0.812532
1.46164 0.813314
1.47059 0.814302
1.48076 0.815087
1.48953 0.815483
1.49746 0.816445
1.50734 0.817113
1.51587 0.817633
1.52535 0.818387
1.53491 0.81889
1.54484 0.819188
1.55423 0.819692
1.56322 0.820123
1.57442 0.820339
1.58634 0.820508
1.59617 0.821043
1.60689 0.82141
1.61693 0.82176
1.62623 0.821801
1.63888 0.822085
1.65088 0.822096
1.66252 0.822211
1.67428 0.822167
1.68736 0.822385
1.69941 0.822379
1.71238 0.822439
1.72531 0.822651
1.74057 0.822681
1.75439 0.822741
1.77185 0.822857
1.78778 0.822851
1.80415 0.822826
1.82008 0.822886
1.83907 0.822966
1.86048 0.822977
1.88009 0.823001
1.89728 0.823191
1.92101 0.823376
1.9441 0.823277
1.96513 0.823573
1.98988 0.824532
2.01508 0.825583
2.03678 0.827196
2.05883 0.829667
2.07816 0.832158
2.10058 0.834658
2.11655 0.838905
2.13125 0.843805
2.15004 0.848438
2.16343 0.854586
2.17925 0.861386
2.18621 0.86955
