0.019969 0.5002
0.0211887 0.5005
0.0224175 0.5026
0.0236609 0.5019
0.0249153 0.502
0.0261898 0.5004
0.0274658 0.5003
0.0287573 0.5028
0.0300486 0.5039
0.0313535 0.5046
0.0326723 0.5046
0.03399 0.5055
0.0353332 0.5069
0.0366732 0.5042
0.0380233 0.5068
0.0393992 0.5069
0.0408086 0.5068
0.0422198 0.5048
0.0436519 0.5042
0.0450924 0.5019
0.0465772 0.5016
0.0480676 0.5029
0.0495583 0.5022
0.0510563 0.5043
0.0525839 0.5072
0.0541167 0.5055
0.0556482 0.5053
0.0572042 0.5072
0.0587423 0.5054
0.0602765 0.5044
0.0618872 0.5037
0.0634994 0.5027
0.0651405 0.5036
0.0668407 0.5022
0.068478 0.5022
0.0701185 0.504
0.0717795 0.5042
0.0735086 0.5048
0.0752534 0.5046
0.0769841 0.5061
0.0787427 0.5031
0.080553 0.5047
0.0823286 0.5054
0.084105 0.5054
0.0859245 0.5042
0.0877028 0.5021
0.0895214 0.503
0.0914253 0.506
0.0933321 0.5049
0.0952365 0.5061
0.0972169 0.5068
0.0991934 0.5057
0.10111 0.5055
0.103073 0.508
0.10504 0.506
0.10707 0.5077
0.109196 0.508
0.111271 0.5089
0.113354 0.5085
0.115463 0.5055
0.117581 0.502
0.119679 0.502
0.12184 0.5019
0.124016 0.5025
0.126301 0.5017
0.128488 0.4985
0.130809 0.4985
0.133085 0.4998
0.135462 0.5013
0.137793 0.5044
0.140164 0.5028
0.142715 0.5037
0.145139 0.5049
0.147676 0.5029
0.150209 0.5024
0.152761 0.5026
0.155328 0.5004
0.157942 0.5031
0.160628 0.5019
0.163336 0.504
0.166092 0.5032
0.168776 0.5015
0.171603 0.5024
0.174197 0.5001
0.17702 0.5019
0.179925 0.5001
0.182818 0.5005
0.185727 0.4982
0.188772 0.5023
0.191772 0.5022
0.194836 0.5052
0.197905 0.5028
0.201033 0.5009
0.204094 0.4979
0.207402 0.5011
0.210591 0.4997
0.213922 0.4981
0.217413 0.4985
0.220666 0.5006
0.224181 0.5023
0.227636 0.5013
0.231158 0.5039
0.234718 0.5026
0.238357 0.5011
0.242135 0.4989
0.245697 0.4984
0.249229 0.4978
0.25287 0.4984
0.256832 0.4978
0.260795 0.4986
0.264623 0.4976
0.268608 0.4975
0.272387 0.499
0.276676 0.5012
0.28095 0.5003
0.285337 0.4988
0.289714 0.4984
0.294127 0.4964
0.298118 0.4966
0.30257 0.4979
0.307203 0.4972
0.311959 0.4989
0.316356 0.4983
0.320781 0.4984
0.325557 0.4982
0.330293 0.4984
0.334735 0.4997
0.339455 0.5015
0.344293 0.5003
0.349078 0.4988
0.353745 0.4998
0.358541 0.5024
0.362885 0.5042
0.367707 0.5057
0.372269 0.5065
0.377109 0.5101
0.381684 0.5088
0.386299 0.5096
0.390895 0.511
0.395091 0.5101
0.399697 0.5105
0.404326 0.5104
0.408701 0.5115
0.412819 0.5147
0.41712 0.5162
0.421633 0.5173
0.425668 0.5172
0.429709 0.5172
0.4334 0.52
0.437271 0.5215
0.440757 0.5213
0.444187 0.5227
0.447936 0.524
0.451404 0.5252
0.454659 0.5268
0.457927 0.5283
0.460978 0.5281
0.464226 0.5282
0.467319 0.5286
0.470611 0.5298
0.473524 0.5337
0.476236 0.5341
0.479014 0.5354
0.481914 0.5387
0.4847 0.539
0.48746 0.5413
0.489807 0.5408
0.492056 0.542
0.494381 0.5429
0.496821 0.5429
0.498831 0.5425
0.500943 0.5438
0.503024 0.5445
0.505126 0.5465
0.507076 0.5468
0.509143 0.5491
0.511052 0.5483
0.512799 0.5495
0.514485 0.5493
0.51616 0.55
0.517983 0.55
0.519511 0.5503
0.521105 0.5489
0.522613 0.549
0.524137 0.5509
0.525637 0.5537
0.527103 0.5537
0.528588 0.555
0.529921 0.5556
0.531332 0.5555
0.532693 0.5574
0.533953 0.5592
0.535247 0.5597
0.536478 0.5601
0.537772 0.5611
0.538907 0.5618
0.540128 0.5634
0.541479 0.5657
0.542711 0.566
0.543804 0.5678
0.544908 0.5678
0.546019 0.5673
0.547259 0.5674
0.548386 0.5694
0.54957 0.5709
0.550651 0.5712
0.551684 0.5716
0.552823 0.572
0.553871 0.5738
0.554921 0.5752
0.556005 0.5761
0.557084 0.5776
0.55811 0.5784
0.55912 0.5791
0.560117 0.5809
0.561214 0.5799
0.562254 0.581
0.563302 0.5824
0.564276 0.5836
0.565308 0.5843
0.566229 0.5851
0.567181 0.5853
0.568123 0.5848
0.56904 0.5859
0.570034 0.5865
0.570963 0.5874
0.571909 0.5871
0.572856 0.5881
0.573841 0.5886
0.57482 0.5891
0.575796 0.5915
0.576721 0.5922
0.577671 0.5938
0.578584 0.5941
0.579537 0.5936
0.580526 0.5946
0.581469 0.5941
0.582403 0.5942
0.583362 0.5956
0.584287 0.5957
0.585226 0.5961
0.586142 0.596
0.587065 0.5971
0.587975 0.5973
0.588883 0.5973
0.589827 0.5993
0.590769 0.5999
0.59168 0.6007
0.592622 0.6002
0.593555 0.6005
0.594443 0.6016
0.595358 0.6013
0.596266 0.6012
0.59719 0.602
0.598095 0.6015
0.598993 0.6013
0.5999 0.6024
0.600826 0.6027
0.601725 0.6038
0.602679 0.6059
0.603608 0.606
0.604494 0.607
0.605384 0.6073
0.606257 0.6088
0.607111 0.6098
0.608016 0.6095
0.60887 0.6108
0.609706 0.6116
0.610577 0.6125
0.611479 0.6126
0.612399 0.6131
0.613305 0.6138
0.614201 0.614
0.615141 0.6158
0.616048 0.6164
0.616926 0.6161
0.617804 0.6158
0.618678 0.6165
0.619498 0.6169
0.62039 0.6172
0.621288 0.6169
0.622214 0.6174
0.623147 0.617
0.624058 0.6171
0.62498 0.6185
0.625824 0.6181
0.62672 0.6179
0.627632 0.6174
0.628509 0.6183
0.629401 0.6185
0.630353 0.6188
0.631228 0.6191
0.632117 0.6192
0.632935 0.6199
0.633844 0.6205
0.634751 0.6213
0.635628 0.6226
0.63651 0.6222
0.637406 0.6222
0.638304 0.6222
0.639254 0.6231
0.640124 0.624
0.641006 0.6247
0.641885 0.6246
0.642757 0.6247
0.643626 0.625
0.64447 0.626
0.645389 0.6266
0.646321 0.6272
0.647184 0.6277
0.648061 0.629
0.648949 0.6286
0.649818 0.6292
0.650715 0.6304
0.651582 0.6307
0.652464 0.6308
0.653368 0.6316
0.654266 0.6326
0.655113 0.6326
0.655959 0.6331
0.65678 0.6325
0.65768 0.6328
0.658562 0.633
0.659409 0.6333
0.660295 0.6336
0.661147 0.6335
0.662049 0.634
0.662894 0.6338
0.663847 0.6344
0.66478 0.6362
0.66566 0.6374
0.666565 0.6373
0.667415 0.6378
0.668276 0.638
0.669129 0.6379
0.670007 0.6391
0.670894 0.6392
0.671813 0.6398
0.672717 0.6398
0.673566 0.6398
0.674414 0.6413
0.675273 0.6415
0.676152 0.6419
0.677051 0.6429
0.677882 0.6433
0.678756 0.6427
0.679628 0.6431
0.680503 0.6436
0.681393 0.644
0.682297 0.6445
0.683159 0.6443
0.684019 0.6449
0.68491 0.6459
0.685774 0.646
0.686663 0.6463
0.687533 0.6469
0.688392 0.6471
0.68926 0.647
0.690142 0.6473
0.690983 0.6469
0.691906 0.6466
0.692794 0.6475
0.693651 0.6481
0.694559 0.6493
0.695448 0.6498
0.696347 0.65
0.697202 0.6502
0.698072 0.65
0.698957 0.6505
0.699857 0.6508
0.700715 0.6515
0.701572 0.6519
0.702441 0.6522
0.703334 0.6533
0.704236 0.6525
0.705154 0.6531
0.706069 0.6528
0.707005 0.653
0.707944 0.6532
0.708824 0.6531
0.709719 0.6537
0.710677 0.6537
0.711563 0.6548
0.712442 0.656
0.713306 0.6558
0.71416 0.6564
0.71508 0.6564
0.715935 0.6576
0.716841 0.6576
0.717732 0.6576
0.718663 0.6571
0.71961 0.6562
0.720528 0.6569
0.721399 0.6565
0.722243 0.6566
0.723106 0.6571
0.723996 0.657
0.724863 0.6568
0.725744 0.6564
0.726643 0.6559
0.727554 0.6567
0.728465 0.6577
0.729395 0.6581
0.730328 0.6582
0.731256 0.6591
0.73212 0.6601
0.733034 0.6602
0.733948 0.6602
0.734899 0.6601
0.735774 0.6604
0.736755 0.661
0.737642 0.661
0.738557 0.6606
0.73941 0.6608
0.740338 0.6611
0.741269 0.6612
0.74218 0.662
0.743178 0.6622
0.744091 0.6628
0.745033 0.6626
0.745922 0.6631
0.746845 0.6637
0.747812 0.6632
0.748684 0.6632
0.749592 0.6628
0.75052 0.6627
0.751437 0.6632
0.752333 0.663
0.753244 0.6635
0.754198 0.6637
0.755201 0.6637
0.756138 0.6638
0.757097 0.6641
0.758072 0.6646
0.759042 0.664
0.760009 0.6649
0.760954 0.6651
0.762004 0.6656
0.762962 0.6661
0.763928 0.6668
0.76494 0.6673
0.765844 0.6676
0.766787 0.6678
0.76778 0.668
0.768749 0.6678
0.769743 0.6685
0.770763 0.668
0.771715 0.6685
0.772647 0.669
0.773732 0.6697
0.774725 0.6703
0.775664 0.671
0.776652 0.6708
0.777654 0.6705
0.77866 0.6706
0.779708 0.6705
0.78073 0.6706
0.78174 0.6704
0.782678 0.671
0.783684 0.6717
0.784683 0.6724
0.785707 0.6727
0.78669 0.6727
0.787745 0.673
0.788934 0.6738
0.790035 0.675
0.791043 0.6752
0.792163 0.6753
0.793228 0.6759
0.794258 0.6758
0.795273 0.6761
0.796393 0.6766
0.797392 0.6763
0.798472 0.6767
0.799551 0.6771
0.800629 0.678
0.801816 0.6783
0.802945 0.6782
0.803994 0.678
0.805092 0.6785
0.80629 0.6789
0.807426 0.6792
0.808583 0.6791
0.809777 0.6798
0.810827 0.6803
0.811938 0.6803
0.813147 0.6816
0.814362 0.6824
0.815557 0.6829
0.816682 0.6828
0.817845 0.6825
0.818981 0.6829
0.820091 0.6834
0.82131 0.6837
0.82252 0.6845
0.823731 0.6846
0.824831 0.6847
0.826083 0.6851
0.827223 0.6851
0.828545 0.6865
0.829758 0.6863
0.83109 0.6867
0.832364 0.6874
0.833643 0.6877
0.834847 0.6879
0.836175 0.6881
0.837403 0.6887
0.83876 0.6892
0.84003 0.6889
0.841383 0.6887
0.842726 0.6893
0.844121 0.6894
0.845667 0.6899
0.847026 0.69
0.848435 0.6894
0.84987 0.6897
0.851376 0.6905
0.852973 0.6906
0.85446 0.6913
0.855998 0.6918
0.85755 0.6921
0.859022 0.6923
0.860681 0.6927
0.862139 0.6922
0.863569 0.693
0.86518 0.6931
0.866696 0.6936
0.8684 0.694
0.869953 0.6948
0.871492 0.6951
0.873161 0.6957
0.874787 0.6958
0.876406 0.6964
0.878125 0.6965
0.879899 0.697
0.881704 0.6976
0.883622 0.6987
0.885406 0.6987
0.887432 0.6993
0.889196 0.6998
0.89093 0.7002
0.892838 0.7006
0.894548 0.7008
0.89644 0.7012
0.898117 0.7017
0.900312 0.7023
0.902408 0.7025
0.904384 0.7036
0.906487 0.7044
0.90842 0.7049
0.910693 0.7051
0.912906 0.7059
0.915176 0.707
0.918147 0.7087
0.920315 0.7094
0.92276 0.7103
0.924973 0.7106
0.927358 0.7117
0.930207 0.7121
0.933158 0.713
0.935799 0.7142
0.938737 0.7147
0.94143 0.7155
0.944264 0.7167
0.947255 0.717
0.950578 0.7175
0.953484 0.718
0.956683 0.7186
0.959549 0.7199
0.963435 0.7208
0.967247 0.7226
0.970306 0.7232
0.973721 0.7245
0.977305 0.7258
0.980818 0.7265
0.984757 0.7278
0.988752 0.7291
0.992768 0.7303
0.997749 0.7322
1.0019 0.7332
1.00644 0.7349
1.01072 0.7358
1.01563 0.7373
1.02021 0.7382
1.02542 0.7394
1.0303 0.7403
1.03535 0.7411
1.04191 0.7436
1.0471 0.7448
1.05339 0.7468
1.05874 0.7481
1.06495 0.7502
1.07182 0.7516
1.07892 0.7527
1.0853 0.7542
1.09201 0.755376
1.09822 0.756176
1.10694 0.758676
1.11475 0.760476
1.12265 0.761952
1.13085 0.763253
1.13898 0.764729
1.14604 0.765706
1.15321 0.76686
1.16018 0.768014
1.16816 0.769215
1.17774 0.771071
1.18603 0.772627
1.19469 0.774762
1.20164 0.776097
1.21145 0.777756
1.21889 0.77917
1.22626 0.780664
1.2339 0.782238
1.24154 0.782753
1.25067 0.784308
1.25991 0.785793
1.26746 0.787653
1.2766 0.789458
1.28415 0.79066
1.29251 0.792326
1.30108 0.793409
1.30968 0.794616
1.31774 0.796266
1.32654 0.796911
1.33565 0.798223
1.34512 0.800141
1.35114 0.801234
1.36046 0.801983
1.36752 0.802674
1.3773 0.804013
1.38684 0.805313
1.39119 0.805767
1.40023 0.806665
1.40744 0.807321
1.41592 0.808283
1.42679 0.808937
1.43659 0.809737
1.4465 0.810557
1.45689 0.811398
1.46826 0.812277
1.47707 0.812793
1.48523 0.813068
1.49593 0.813604
1.50463 0.814065
1.51492 0.814667
1.52563 0.815277
1.53679 0.816291
1.54777 0.816337
1.55703 0.817072
1.56777 0.817221
1.57598 0.817547
1.58779 0.817537
1.5978 0.817752
1.60753 0.817808
1.61818 0.817817
1.62953 0.818238
1.64112 0.818266
1.65237 0.818566
1.66265 0.818454
1.67735 0.818998
1.68974 0.818868
1.70206 0.819197
1.71608 0.819311
1.72771 0.819293
1.74039 0.819247
1.75405 0.819323
1.76942 0.819258
1.78511 0.81926
1.80145 0.819403
1.81902 0.819479
1.83768 0.819556
1.85291 0.81952
1.87024 0.819503
1.88702 0.819705
1.90672 0.819822
1.92948 0.819929
1.9542 0.820553
1.97326 0.821308
1.99939 0.821814
2.02163 0.822606
2.04837 0.823217
2.06683 0.825553
2.09098 0.828286
2.11179 0.831784
2.13027 0.836166
2.14553 0.842007
2.15701 0.84838
2.17055 0.854761
2.17725 0.862602
