0.0199295 0.5013
0.0211412 0.4985
0.0223725 0.499
0.0236049 0.5028
0.02486 0.5019
0.0261253 0.5021
0.0273947 0.5021
0.028677 0.501
0.0299739 0.5012
0.0312985 0.502
0.03263 0.5002
0.0339736 0.5034
0.0353407 0.5031
0.0367066 0.5011
0.0380907 0.4974
0.0394819 0.4998
0.0408931 0.5006
0.0423203 0.4963
0.0437712 0.4999
0.0452305 0.4991
0.0467024 0.4994
0.0481674 0.5011
0.0496903 0.5004
0.0512176 0.4974
0.0527371 0.4956
0.0542723 0.4919
0.0558177 0.4932
0.0573898 0.4937
0.0589692 0.4946
0.0605549 0.4973
0.0621137 0.4968
0.0637184 0.4967
0.0653071 0.4942
0.0669743 0.4922
0.0686416 0.4967
0.070293 0.4956
0.0719905 0.496
0.0737092 0.4946
0.0754133 0.4931
0.0771455 0.4915
0.0788933 0.4926
0.0806878 0.4927
0.0824817 0.4941
0.084323 0.4939
0.0861605 0.4935
0.0880436 0.4957
0.089947 0.4964
0.0918157 0.4957
0.0937964 0.4968
0.0957555 0.4963
0.0976692 0.4982
0.0996379 0.4986
0.101633 0.4978
0.103712 0.5003
0.105741 0.4993
0.107769 0.5025
0.109838 0.5003
0.111928 0.5008
0.113973 0.5008
0.116086 0.5004
0.118216 0.4992
0.120346 0.4999
0.122534 0.4983
0.124736 0.4978
0.126955 0.5006
0.129206 0.5012
0.131386 0.5004
0.133768 0.5027
0.136069 0.5032
0.138444 0.5031
0.140758 0.5032
0.143114 0.502
0.145578 0.4986
0.148127 0.4989
0.15046 0.4992
0.152874 0.4991
0.155425 0.4991
0.157978 0.4995
0.160575 0.5002
0.163192 0.5006
0.165938 0.4993
0.168775 0.5017
0.171457 0.5021
0.174204 0.4974
0.177028 0.4962
0.179859 0.4936
0.182802 0.4932
0.185727 0.4912
0.188619 0.493
0.191716 0.4926
0.194845 0.4934
0.197919 0.493
0.201033 0.4926
0.204307 0.4943
0.207472 0.4973
0.210699 0.4966
0.21393 0.4963
0.21719 0.4958
0.220534 0.4933
0.224094 0.4924
0.227626 0.4897
0.231194 0.491
0.234831 0.4888
0.238721 0.4883
0.242514 0.4856
0.246303 0.4892
0.250096 0.4876
0.254017 0.4871
0.257724 0.4907
0.261742 0.49
0.26571 0.4888
0.269909 0.4911
0.273804 0.4907
0.277931 0.4907
0.282128 0.491
0.286206 0.4911
0.29035 0.4912
0.294479 0.4916
0.298709 0.4931
0.303365 0.4943
0.30792 0.4932
0.312398 0.493
0.317226 0.4936
0.321996 0.4954
0.326872 0.4961
0.331599 0.4993
0.336135 0.4992
0.34101 0.4977
0.345731 0.4995
0.350582 0.5002
0.355281 0.4998
0.360157 0.4992
0.364787 0.4998
0.369341 0.501
0.374202 0.5004
0.379083 0.5008
0.383948 0.5006
0.388686 0.5002
0.393364 0.5005
0.397707 0.5
0.402258 0.5012
0.406819 0.5017
0.410886 0.5028
0.414916 0.5044
0.419308 0.5049
0.423568 0.5077
0.427607 0.5092
0.431529 0.5104
0.435643 0.5095
0.439287 0.5109
0.442941 0.5131
0.446718 0.5149
0.450328 0.5154
0.453742 0.5152
0.457184 0.5151
0.460458 0.5172
0.463546 0.5188
0.466673 0.5192
0.469988 0.5186
0.472958 0.5196
0.475861 0.5203
0.478895 0.521
0.48162 0.5207
0.484195 0.52
0.486681 0.5217
0.489334 0.5236
0.491776 0.5244
0.494105 0.5266
0.49629 0.5298
0.498338 0.5316
0.500358 0.5327
0.502274 0.5335
0.504423 0.5337
0.50635 0.5355
0.508473 0.5369
0.510378 0.537
0.512137 0.5393
0.513913 0.5402
0.515643 0.5421
0.517368 0.5454
0.518928 0.5469
0.520612 0.5475
0.522196 0.5481
0.523641 0.5477
0.525196 0.5502
0.526735 0.5501
0.52837 0.5508
0.529846 0.5515
0.531298 0.552
0.532629 0.5537
0.533998 0.5543
0.535333 0.5554
0.536648 0.5565
0.537933 0.5594
0.539189 0.5593
0.540397 0.5593
0.541592 0.5608
0.542813 0.5614
0.543932 0.5622
0.545171 0.5621
0.546414 0.5618
0.547581 0.5646
0.548701 0.5658
0.549837 0.5672
0.550938 0.569
0.551999 0.5712
0.553137 0.5711
0.554239 0.5709
0.555249 0.5708
0.556281 0.5718
0.557313 0.5732
0.558303 0.5723
0.559369 0.5732
0.560417 0.5737
0.561444 0.5751
0.56245 0.5767
0.563427 0.5773
0.564382 0.5773
0.565304 0.5776
0.566292 0.5781
0.567279 0.5785
0.568286 0.5794
0.56928 0.5804
0.570248 0.5805
0.571246 0.5799
0.572205 0.5816
0.57317 0.5838
0.574163 0.5832
0.575085 0.5846
0.57604 0.5842
0.576986 0.5851
0.577931 0.5857
0.578912 0.5861
0.579829 0.586
0.580809 0.5873
0.581774 0.588
0.582752 0.5887
0.583694 0.5889
0.584614 0.5881
0.585538 0.5879
0.586481 0.5889
0.587424 0.5906
0.588377 0.5906
0.589322 0.5906
0.590221 0.5915
0.591152 0.5908
0.592036 0.592
0.592934 0.5921
0.593872 0.5926
0.594802 0.5929
0.59573 0.5937
0.59664 0.5951
0.597568 0.5952
0.598428 0.5962
0.599355 0.5964
0.600206 0.5973
0.601086 0.5978
0.60203 0.5977
0.602957 0.5971
0.603828 0.5975
0.604704 0.5978
0.605573 0.5979
0.60646 0.6002
0.607377 0.6017
0.608261 0.6027
0.609148 0.6033
0.610007 0.6032
0.610861 0.6031
0.611733 0.6041
0.612626 0.6047
0.61351 0.6054
0.614429 0.607
0.61529 0.6078
0.616197 0.6081
0.617088 0.6088
0.61796 0.6093
0.618841 0.6095
0.619701 0.6094
0.6206 0.6093
0.621493 0.6089
0.622389 0.6107
0.623256 0.6107
0.624131 0.6118
0.624958 0.6116
0.625799 0.6122
0.626695 0.6129
0.627596 0.6142
0.628524 0.6143
0.629442 0.6143
0.630282 0.6143
0.631107 0.6138
0.631971 0.6153
0.632851 0.616
0.633825 0.6168
0.634678 0.618
0.635571 0.6196
0.636514 0.6197
0.637388 0.6195
0.638256 0.6188
0.639115 0.6196
0.640008 0.6209
0.640894 0.6209
0.64177 0.6208
0.642664 0.6204
0.643579 0.6199
0.644501 0.6204
0.645416 0.6207
0.646273 0.6222
0.647168 0.6232
0.648057 0.6236
0.648926 0.6236
0.64979 0.624
0.650672 0.6233
0.651564 0.624
0.652439 0.6243
0.653326 0.6253
0.654222 0.6267
0.655088 0.6273
0.655964 0.6276
0.656803 0.6277
0.657732 0.6293
0.658599 0.6292
0.659479 0.63
0.660357 0.6311
0.661305 0.6321
0.662236 0.6319
0.663099 0.6324
0.663994 0.6331
0.664896 0.6328
0.665782 0.6338
0.666712 0.6335
0.667664 0.6337
0.668497 0.6338
0.669363 0.6344
0.670266 0.6334
0.671136 0.6338
0.672053 0.6336
0.672959 0.634
0.673824 0.6335
0.674695 0.6338
0.675585 0.6354
0.676453 0.636
0.677391 0.6364
0.678286 0.6366
0.6792 0.637
0.680075 0.6382
0.680968 0.6388
0.681853 0.6389
0.682802 0.6392
0.683705 0.6395
0.684531 0.6403
0.685397 0.6411
0.686222 0.6415
0.687066 0.6418
0.687961 0.6419
0.688831 0.6428
0.689679 0.6431
0.690638 0.6436
0.691494 0.644
0.692403 0.6444
0.693283 0.6443
0.694148 0.644
0.694999 0.6447
0.695923 0.6449
0.696845 0.6457
0.697734 0.6461
0.698641 0.6466
0.69954 0.6469
0.700468 0.6476
0.701378 0.6479
0.702217 0.6483
0.703095 0.6489
0.70398 0.6491
0.70488 0.649
0.70577 0.6495
0.706644 0.6495
0.707559 0.6507
0.708512 0.6509
0.709393 0.6508
0.710307 0.6508
0.711163 0.6513
0.712076 0.6507
0.71301 0.6517
0.713978 0.6516
0.7149 0.6516
0.715816 0.652
0.716786 0.6522
0.717714 0.6526
0.718652 0.6535
0.719537 0.6537
0.720414 0.6544
0.72137 0.6548
0.72219 0.6545
0.723106 0.6555
0.723976 0.6558
0.724865 0.6564
0.725769 0.6561
0.726652 0.6567
0.727554 0.6572
0.728477 0.6572
0.729396 0.6569
0.730308 0.6578
0.731229 0.658
0.732155 0.6584
0.733138 0.6585
0.734029 0.6588
0.734972 0.6591
0.735863 0.6599
0.736766 0.6599
0.73766 0.66
0.738521 0.6599
0.739425 0.6604
0.740327 0.661
0.74127 0.6617
0.742212 0.6623
0.743145 0.6628
0.7441 0.6621
0.74503 0.6628
0.746002 0.6634
0.746926 0.6633
0.747858 0.663
0.748753 0.6634
0.74968 0.6636
0.750604 0.6637
0.751478 0.6637
0.752472 0.6645
0.753401 0.6647
0.754322 0.6641
0.755293 0.6649
0.756255 0.6647
0.757207 0.6649
0.758162 0.6651
0.759147 0.6655
0.760098 0.6654
0.761047 0.6653
0.762022 0.6652
0.762923 0.6658
0.763849 0.6663
0.764793 0.6662
0.76573 0.6662
0.76669 0.6663
0.767642 0.6664
0.768601 0.666
0.769566 0.666
0.770602 0.6669
0.771572 0.6665
0.77251 0.6668
0.773513 0.6668
0.774499 0.6667
0.775489 0.6675
0.776522 0.6684
0.777614 0.669
0.778623 0.6691
0.779581 0.6695
0.780539 0.6699
0.781538 0.6704
0.782552 0.6704
0.783585 0.6705
0.784591 0.6714
0.785593 0.6713
0.786654 0.6717
0.787714 0.6719
0.788756 0.6724
0.789854 0.6723
0.790927 0.6726
0.792008 0.6732
0.793056 0.6735
0.794123 0.6741
0.795127 0.6741
0.796178 0.6743
0.797257 0.6754
0.798302 0.6747
0.799343 0.6748
0.800445 0.6754
0.801504 0.6754
0.802557 0.6756
0.803581 0.6761
0.804722 0.6772
0.805898 0.6781
0.807018 0.6783
0.808182 0.6791
0.80931 0.6789
0.810419 0.6792
0.811505 0.6793
0.812651 0.68
0.813776 0.68
0.814997 0.68
0.816151 0.6813
0.817322 0.6811
0.818551 0.6813
0.819764 0.6815
0.821007 0.6818
0.822164 0.682
0.823405 0.6823
0.824575 0.6826
0.825897 0.6836
0.82713 0.6842
0.828333 0.6848
0.829628 0.6853
0.830872 0.6855
0.832144 0.6855
0.833353 0.686
0.834605 0.6858
0.835831 0.6861
0.837142 0.687
0.838444 0.6876
0.839705 0.6884
0.840995 0.6891
0.842282 0.6896
0.843621 0.6901
0.844965 0.6909
0.846244 0.6913
0.847583 0.6919
0.849091 0.6929
0.850419 0.6934
0.851703 0.6931
0.853142 0.6935
0.854469 0.6939
0.855867 0.694
0.857405 0.6941
0.858724 0.6941
0.860234 0.6944
0.861671 0.6942
0.863118 0.6941
0.864715 0.6946
0.866324 0.6943
0.868039 0.6947
0.869616 0.6951
0.871189 0.6952
0.872946 0.6954
0.874569 0.6955
0.876367 0.696
0.877945 0.6963
0.879637 0.6967
0.881209 0.6974
0.882908 0.698
0.8846 0.6984
0.886552 0.6988
0.888249 0.6989
0.890087 0.6999
0.891892 0.7
0.89368 0.6999
0.895831 0.7007
0.897493 0.7008
0.899441 0.7015
0.901689 0.7025
0.903822 0.7029
0.90605 0.7036
0.908296 0.7044
0.91057 0.7047
0.9127 0.7055
0.914892 0.7057
0.917039 0.7061
0.919225 0.7068
0.921511 0.7075
0.924188 0.7082
0.926902 0.7089
0.929342 0.71
0.93211 0.7112
0.934511 0.7121
0.937089 0.7132
0.939631 0.7134
0.942499 0.7142
0.945551 0.7152
0.948397 0.7157
0.951452 0.7157
0.954518 0.7161
0.957366 0.7165
0.960589 0.7181
0.964219 0.7197
0.967704 0.7207
0.971504 0.7219
0.975014 0.7224
0.978589 0.7228
0.982871 0.7239
0.987627 0.7252
0.990983 0.7261
0.994915 0.7269
0.998916 0.7284
1.0029 0.7293
1.00721 0.7311
1.01135 0.7322
1.01554 0.7332
1.0204 0.7347
1.02513 0.736
1.02994 0.7375
1.03592 0.7391
1.04059 0.7408
1.04688 0.7422
1.05249 0.7436
1.05829 0.7447
1.06513 0.7463
1.07107 0.747975
1.07702 0.749075
1.08435 0.750875
1.09161 0.752775
1.09759 0.753651
1.1047 0.755502
1.11143 0.756378
1.11749 0.757755
1.12434 0.758855
1.13141 0.760432
1.13968 0.761933
1.14554 0.762987
1.15244 0.764117
1.16008 0.765719
1.16817 0.766573
1.17655 0.767728
1.18583 0.770186
1.19365 0.771775
1.20244 0.773857
1.21131 0.775338
1.22072 0.77702
1.2295 0.778937
1.23937 0.781078
1.24797 0.782919
1.25636 0.784215
1.26498 0.785678
1.27552 0.787565
1.28268 0.788664
1.29276 0.790691
1.30254 0.792396
1.31098 0.793319
1.32022 0.794203
1.32961 0.795509
1.33697 0.796836
1.34581 0.797258
1.35477 0.798002
1.36222 0.799131
1.37066 0.800303
1.37842 0.801355
1.38859 0.802408
1.39624 0.803342
1.40427 0.804297
1.41333 0.805254
1.42063 0.806052
1.43064 0.807153
1.43988 0.808013
1.45038 0.808483
1.45828 0.80963
1.46772 0.810188
1.47727 0.810232
1.48663 0.810976
1.49464 0.811498
1.5029 0.812104
1.51152 0.812769
1.52249 0.813332
1.52942 0.813903
1.53983 0.81418
1.54829 0.814587
1.55921 0.814921
1.57021 0.815424
1.579 0.815497
1.58978 0.815814
1.59947 0.815868
1.61159 0.816392
1.6228 0.816484
1.63349 0.816493
1.64425 0.816613
1.65644 0.816641
1.6685 0.816734
1.68148 0.816762
1.69449 0.817043
1.70756 0.817202
1.72248 0.817239
1.73684 0.817286
1.75182 0.817134
1.76638 0.817237
1.78124 0.817189
1.79739 0.817245
1.812 0.817348
1.82857 0.817726
1.84827 0.818011
1.87005 0.818106
1.89056 0.818248
1.91289 0.818544
1.93574 0.818888
1.95827 0.819252
1.98408 0.819895
2.00919 0.821108
2.03135 0.822639
2.0528 0.824931
2.07734 0.827104
2.10279 0.829632
2.12507 0.833333
2.14015 0.838871
2.14772 0.844239
2.15828 0.851299
2.16056 0.858031
2.16575 0.866024
