0.0200336 0.5078
0.0212366 0.506
0.0224471 0.5072
0.0236818 0.5056
0.0249201 0.5036
0.0261892 0.5013
0.0274372 0.4993
0.0287063 0.5011
0.0299936 0.503
0.0312996 0.5073
0.0326063 0.5082
0.0339222 0.5072
0.0352743 0.5081
0.0366305 0.5079
0.0379957 0.5075
0.0393861 0.506
0.0407971 0.5066
0.0422196 0.5064
0.0436592 0.5056
0.0451028 0.5081
0.0465877 0.5066
0.0480641 0.506
0.0495621 0.505
0.0510814 0.5048
0.0526372 0.5066
0.0542035 0.509
0.0557636 0.5094
0.0573394 0.5121
0.0589202 0.5126
0.0604667 0.5119
0.0620244 0.5104
0.0636362 0.5103
0.0652604 0.5081
0.0669239 0.5063
0.0686018 0.5049
0.0703348 0.5027
0.0720493 0.5052
0.0737921 0.5072
0.0755539 0.5072
0.0773348 0.5067
0.0791491 0.5076
0.0809345 0.5099
0.0827496 0.51
0.0845362 0.5092
0.0864007 0.5083
0.088312 0.5096
0.0901716 0.5101
0.0920409 0.5113
0.093976 0.5129
0.0958269 0.5155
0.0977854 0.5162
0.0997795 0.5133
0.101814 0.5127
0.103815 0.5101
0.105824 0.5086
0.107902 0.5096
0.109909 0.5077
0.112001 0.5092
0.114098 0.509
0.11631 0.5083
0.118533 0.5087
0.120685 0.5053
0.122865 0.5045
0.125102 0.504
0.127403 0.5057
0.129702 0.5081
0.132068 0.5078
0.134451 0.505
0.136802 0.5049
0.139176 0.5052
0.141664 0.5038
0.144096 0.5058
0.146444 0.5063
0.14892 0.5054
0.15145 0.5049
0.15403 0.5044
0.156554 0.5074
0.159065 0.5084
0.161681 0.5067
0.164347 0.5064
0.16687 0.5054
0.169591 0.5057
0.172272 0.5067
0.175056 0.5096
0.177896 0.5095
0.180905 0.5109
0.183793 0.5121
0.186598 0.5109
0.189457 0.509
0.192436 0.5056
0.195567 0.5059
0.198742 0.5061
0.201896 0.5062
0.20504 0.5038
0.208259 0.5057
0.211525 0.5047
0.214726 0.5033
0.218052 0.5042
0.221436 0.5057
0.224817 0.505
0.22828 0.5034
0.231731 0.5026
0.235332 0.5037
0.238773 0.504
0.242398 0.5042
0.24614 0.5021
0.249795 0.5037
0.253494 0.5045
0.257286 0.5054
0.261232 0.507
0.265167 0.5042
0.269213 0.5031
0.27343 0.5057
0.277348 0.5071
0.281745 0.5079
0.285987 0.5077
0.290279 0.5085
0.294622 0.5096
0.298984 0.5091
0.303514 0.5088
0.30776 0.5092
0.312338 0.5086
0.31684 0.5105
0.321591 0.5081
0.32623 0.5074
0.331078 0.5081
0.335648 0.5081
0.340577 0.5084
0.345396 0.5112
0.349992 0.5114
0.354589 0.51
0.359179 0.5104
0.363772 0.5111
0.368665 0.5124
0.37311 0.5149
0.377774 0.5145
0.382519 0.5157
0.387271 0.5152
0.391671 0.5141
0.396111 0.5177
0.400525 0.5178
0.404859 0.5189
0.409207 0.5195
0.413257 0.5188
0.417475 0.52
0.42175 0.5211
0.425855 0.523
0.429829 0.5238
0.433787 0.5258
0.437559 0.5277
0.441546 0.5278
0.445152 0.528
0.44891 0.5281
0.452382 0.5297
0.455862 0.5317
0.459187 0.5327
0.46221 0.532
0.465339 0.5322
0.468358 0.5344
0.47136 0.5344
0.474385 0.5348
0.477098 0.5357
0.479977 0.5361
0.482723 0.5364
0.485168 0.5372
0.487807 0.5389
0.490347 0.5397
0.492776 0.5399
0.495135 0.5386
0.497302 0.5396
0.499538 0.5403
0.501592 0.542
0.503868 0.5448
0.505959 0.5453
0.507867 0.5454
0.509886 0.5469
0.511861 0.5473
0.513679 0.5482
0.515383 0.5502
0.517277 0.5502
0.518899 0.5516
0.520606 0.5533
0.522143 0.5529
0.523678 0.5529
0.525125 0.5538
0.52669 0.5573
0.52817 0.557
0.529635 0.5589
0.530998 0.5606
0.532349 0.5613
0.533775 0.5613
0.535132 0.5622
0.536427 0.5635
0.537787 0.5642
0.5391 0.5652
0.540315 0.5668
0.541434 0.5674
0.542611 0.5677
0.543836 0.5678
0.545038 0.5699
0.546181 0.5704
0.547352 0.5698
0.548465 0.5696
0.549544 0.5701
0.550635 0.5712
0.551757 0.5717
0.552831 0.5733
0.553916 0.5747
0.554993 0.5763
0.556135 0.5764
0.557238 0.5765
0.558298 0.5769
0.559288 0.5783
0.560372 0.5787
0.561337 0.5796
0.5623 0.5818
0.563292 0.583
0.564358 0.584
0.565392 0.5842
0.566329 0.5845
0.567341 0.5847
0.568307 0.5858
0.569297 0.5877
0.570244 0.5879
0.571233 0.5885
0.572156 0.5885
0.573143 0.5893
0.574043 0.5896
0.575006 0.5906
0.575926 0.5914
0.576873 0.5926
0.577804 0.5932
0.578764 0.5944
0.579698 0.5954
0.580694 0.5945
0.581621 0.5948
0.582503 0.5965
0.583451 0.5978
0.584324 0.5986
0.585244 0.5992
0.586164 0.5992
0.587073 0.6
0.587991 0.5998
0.588922 0.6005
0.589869 0.5999
0.590799 0.6005
0.591755 0.6009
0.592686 0.6012
0.5936 0.6019
0.594498 0.6021
0.595385 0.6015
0.596324 0.6017
0.597252 0.6021
0.598174 0.6031
0.599069 0.6035
0.599974 0.6042
0.600863 0.6042
0.601743 0.6055
0.60265 0.6059
0.60354 0.6058
0.604475 0.6058
0.6054 0.6057
0.606309 0.6066
0.607217 0.6085
0.608125 0.6077
0.608993 0.6094
0.609854 0.6096
0.610769 0.6105
0.611682 0.6117
0.612573 0.6131
0.613498 0.6137
0.614425 0.6131
0.615303 0.6131
0.616244 0.6135
0.617166 0.6149
0.618065 0.6156
0.61895 0.6164
0.619828 0.6165
0.620662 0.6164
0.621555 0.6173
0.622463 0.618
0.623346 0.6194
0.624254 0.6194
0.625157 0.6202
0.626032 0.6209
0.626944 0.6203
0.627867 0.6207
0.628766 0.6214
0.629667 0.6217
0.630549 0.6212
0.631415 0.6214
0.632262 0.6231
0.633165 0.6241
0.634062 0.6244
0.634941 0.6253
0.635856 0.6248
0.63672 0.6263
0.637625 0.6271
0.638523 0.6282
0.639377 0.6281
0.640242 0.6282
0.641093 0.6284
0.642011 0.6286
0.642904 0.6283
0.643803 0.6291
0.644663 0.6292
0.645555 0.6303
0.64642 0.6298
0.647307 0.6312
0.648199 0.6313
0.649131 0.6307
0.650039 0.6307
0.650933 0.6316
0.651822 0.6312
0.652676 0.6319
0.653583 0.6321
0.65448 0.6319
0.65543 0.6332
0.656351 0.6325
0.657219 0.6333
0.658119 0.6334
0.659022 0.6329
0.659912 0.6341
0.6608 0.6343
0.661679 0.6344
0.662569 0.6351
0.66346 0.6359
0.664342 0.6358
0.665239 0.6366
0.66612 0.6374
0.667054 0.6375
0.667929 0.6379
0.668818 0.6386
0.669664 0.6387
0.670515 0.6386
0.671392 0.6396
0.672278 0.6389
0.673132 0.6389
0.674024 0.6387
0.674902 0.6397
0.67577 0.639
0.676667 0.6394
0.67755 0.6394
0.67847 0.6395
0.679348 0.6398
0.680255 0.6406
0.681164 0.6411
0.682082 0.6426
0.682985 0.6434
0.683902 0.6445
0.68472 0.6438
0.685651 0.6444
0.68647 0.6437
0.687436 0.6443
0.68832 0.6447
0.689216 0.6452
0.690084 0.6459
0.690933 0.6463
0.691812 0.6461
0.69274 0.6464
0.693624 0.6474
0.694496 0.6484
0.695405 0.6489
0.696266 0.649
0.697149 0.649
0.698021 0.6499
0.698909 0.6501
0.699845 0.6507
0.700728 0.651
0.701638 0.6509
0.702521 0.6518
0.703454 0.6527
0.704438 0.6532
0.705351 0.6537
0.706285 0.6543
0.707216 0.6543
0.708169 0.6548
0.709024 0.6544
0.709907 0.6547
0.710832 0.6551
0.711809 0.6559
0.712704 0.6559
0.713568 0.6563
0.714447 0.6558
0.715325 0.6559
0.716276 0.6565
0.717205 0.6568
0.71811 0.657
0.718992 0.6575
0.719842 0.6577
0.720712 0.6578
0.721632 0.658
0.722543 0.6577
0.723456 0.6583
0.724342 0.6583
0.725213 0.658
0.726129 0.6579
0.727021 0.6582
0.727959 0.6584
0.728915 0.6584
0.729929 0.659
0.730887 0.6591
0.731805 0.6588
0.732713 0.6593
0.73365 0.6597
0.734547 0.6592
0.735447 0.6598
0.736328 0.66
0.737275 0.6607
0.738213 0.6615
0.739133 0.6618
0.740036 0.6624
0.740935 0.6624
0.741811 0.6627
0.742727 0.6633
0.743644 0.6641
0.744507 0.6641
0.745482 0.6644
0.746435 0.6647
0.747396 0.6649
0.74836 0.6649
0.749316 0.6656
0.750267 0.6657
0.751191 0.6663
0.752135 0.667
0.753145 0.6673
0.754102 0.6681
0.755047 0.6688
0.756015 0.6697
0.756992 0.67
0.757949 0.6706
0.758903 0.6709
0.759823 0.6715
0.760778 0.671
0.76172 0.6717
0.762723 0.6716
0.763746 0.6717
0.76473 0.6715
0.765722 0.6723
0.766698 0.6727
0.767677 0.6737
0.768636 0.6738
0.769666 0.6743
0.770584 0.6742
0.771634 0.6751
0.772663 0.6748
0.773619 0.6742
0.774602 0.6743
0.775609 0.675
0.776663 0.6757
0.777676 0.6765
0.778668 0.6766
0.779682 0.6772
0.780624 0.6771
0.781622 0.6774
0.782637 0.6778
0.783587 0.6784
0.784656 0.6785
0.785773 0.6789
0.786751 0.679
0.787843 0.6795
0.788877 0.6798
0.789986 0.68
0.791033 0.68
0.792062 0.6804
0.793163 0.6807
0.794206 0.6812
0.79526 0.6813
0.796348 0.6818
0.797433 0.682
0.798551 0.682
0.799659 0.6827
0.800701 0.6836
0.801778 0.6837
0.80289 0.6842
0.804101 0.6841
0.805298 0.6847
0.806385 0.6853
0.807446 0.6849
0.808662 0.6854
0.809756 0.6854
0.810894 0.6865
0.812038 0.6873
0.813161 0.6874
0.814326 0.6875
0.815497 0.6876
0.816659 0.6875
0.81777 0.6876
0.818938 0.6884
0.820129 0.6893
0.821304 0.689
0.822463 0.6894
0.82372 0.6896
0.824906 0.6894
0.826145 0.689
0.82739 0.6888
0.828563 0.6895
0.829772 0.6894
0.830985 0.6896
0.832328 0.6899
0.833511 0.6899
0.834686 0.6905
0.835998 0.6914
0.83737 0.6921
0.838656 0.6924
0.840043 0.6929
0.841301 0.6938
0.842649 0.6946
0.843962 0.6955
0.845326 0.696
0.846788 0.6965
0.848321 0.6968
0.849782 0.6974
0.851253 0.6976
0.852826 0.6984
0.854202 0.6993
0.855574 0.6994
0.856957 0.6999
0.858509 0.6998
0.85999 0.7004
0.861482 0.7011
0.862952 0.7017
0.864524 0.7022
0.866098 0.7025
0.867644 0.7027
0.869215 0.7025
0.870657 0.7029
0.872154 0.7031
0.873854 0.7034
0.875516 0.7039
0.877132 0.7043
0.878829 0.7049
0.880549 0.7052
0.88223 0.7056
0.884216 0.7069
0.886072 0.7069
0.887845 0.7075
0.889662 0.7079
0.891496 0.708
0.893247 0.7082
0.89513 0.7087
0.896976 0.709
0.898761 0.7095
0.900605 0.7101
0.90257 0.71
0.904526 0.7103
0.906329 0.7105
0.908855 0.7112
0.911028 0.7122
0.913091 0.7124
0.915522 0.7131
0.917724 0.7135
0.919996 0.7139
0.92233 0.7145
0.925019 0.715
0.927768 0.7161
0.930187 0.7169
0.932542 0.7172
0.935258 0.7177
0.937825 0.7183
0.940335 0.7195
0.943075 0.7208
0.946074 0.7219
0.948577 0.7227
0.951377 0.7237
0.953983 0.7244
0.957405 0.7244
0.961011 0.7261
0.964384 0.7272
0.967632 0.7286
0.971271 0.7296
0.974564 0.7302
0.978593 0.7318
0.982297 0.7326
0.986474 0.7339
0.990382 0.7352
0.994857 0.736
0.998861 0.737
1.00274 0.7379
1.00745 0.7394
1.01181 0.7399
1.01644 0.7414
1.0214 0.7432
1.02593 0.7442
1.0314 0.7461
1.03682 0.7467
1.04146 0.7477
1.04794 0.7492
1.05252 0.750475
1.05869 0.751475
1.0642 0.752575
1.06961 0.753751
1.07563 0.755151
1.08257 0.757051
1.08856 0.758528
1.09444 0.759728
1.1011 0.76098
1.10774 0.762658
1.11447 0.764259
1.12119 0.76636
1.12803 0.767661
1.136 0.768761
1.14207 0.769939
1.14947 0.771317
1.15865 0.773118
1.1673 0.774797
1.17694 0.776176
1.18483 0.777633
1.19381 0.779613
1.20136 0.780771
1.20918 0.781929
1.21933 0.78399
1.22892 0.786072
1.23775 0.787533
1.24628 0.788793
1.25446 0.789833
1.26337 0.791474
1.27191 0.792837
1.28504 0.794923
1.29494 0.796066
1.30485 0.797871
1.31438 0.798774
1.31984 0.800221
1.32562 0.801067
1.33456 0.802276
1.3439 0.803244
1.35199 0.804094
1.36298 0.805446
1.37226 0.806559
1.37926 0.806702
1.38848 0.807475
1.39781 0.80845
1.4068 0.809509
1.41393 0.810064
1.42381 0.811183
1.43458 0.812342
1.44263 0.813774
1.45171 0.814454
1.46302 0.81521
1.4707 0.815549
1.48054 0.816333
1.48679 0.817173
1.49737 0.817913
1.50677 0.818599
1.51254 0.819036
1.52238 0.819371
1.53259 0.819724
1.54226 0.820311
1.55307 0.821242
1.56407 0.821904
1.57359 0.822288
1.58136 0.822534
1.59067 0.82295
1.59839 0.823058
1.61006 0.823191
1.62017 0.823439
1.6318 0.823554
1.64546 0.823772
1.65691 0.823766
1.66824 0.824136
1.6795 0.82413
1.69248 0.824125
1.70184 0.824113
1.71586 0.824247
1.72733 0.82434
1.74034 0.824261
1.75404 0.824378
1.7691 0.82425
1.78586 0.824177
1.80045 0.824166
1.81556 0.824246
1.83308 0.824565
1.85207 0.824799
1.87144 0.824843
1.8947 0.824697
1.91609 0.825037
1.9359 0.825527
1.96029 0.825795
1.98186 0.826357
2.00696 0.827604
2.02658 0.829013
2.05299 0.830555
2.07151 0.832907
2.09915 0.835031
2.11764 0.838389
2.14026 0.842306
2.15407 0.847033
2.16757 0.852683
2.17556 0.859813
2.18163 0.867664
