0.0199894 0.512
0.0212091 0.5074
0.0224453 0.5088
0.0236953 0.5044
0.024943 0.5054
0.0262141 0.5067
0.027495 0.5066
0.0287892 0.5053
0.0301143 0.5046
0.0314649 0.5065
0.0327966 0.5041
0.0341565 0.504
0.0355371 0.5024
0.0369162 0.5008
0.0383018 0.504
0.0396606 0.5084
0.0410692 0.5074
0.0424861 0.5071
0.0439387 0.508
0.0453846 0.5045
0.0468351 0.5042
0.0483168 0.5052
0.0498075 0.5025
0.0512899 0.503
0.0527713 0.5029
0.0543101 0.504
0.0558486 0.5026
0.0574158 0.502
0.0589604 0.5006
0.0605974 0.4984
0.0621949 0.4978
0.0638031 0.499
0.0654542 0.5007
0.0671397 0.5009
0.0688442 0.5022
0.0705087 0.5024
0.0722173 0.5013
0.0739639 0.5028
0.0756903 0.5011
0.0774458 0.5035
0.079226 0.5044
0.0810474 0.5058
0.0828357 0.5053
0.0846775 0.5034
0.086531 0.5033
0.0883544 0.501
0.09022 0.5026
0.092151 0.5045
0.0940812 0.5027
0.0960557 0.5062
0.098016 0.5057
0.0999923 0.5048
0.101961 0.5032
0.104008 0.5036
0.106036 0.503
0.108041 0.503
0.110135 0.5044
0.112187 0.5051
0.114227 0.504
0.116318 0.5064
0.118466 0.5054
0.120735 0.5034
0.122915 0.5034
0.125092 0.5045
0.127381 0.5058
0.129627 0.5073
0.131979 0.5059
0.134297 0.5062
0.136617 0.5076
0.138993 0.5038
0.141461 0.5058
0.143882 0.5055
0.14637 0.5099
0.148891 0.5104
0.151421 0.509
0.153909 0.5052
0.156558 0.5054
0.159176 0.5061
0.161867 0.5058
0.164578 0.5053
0.167186 0.5026
0.169976 0.504
0.172628 0.503
0.17534 0.5044
0.178093 0.5028
0.180975 0.503
0.183782 0.5018
0.186864 0.5018
0.189847 0.5027
0.192808 0.5043
0.195725 0.504
0.198732 0.5057
0.201852 0.5086
0.204962 0.5057
0.208224 0.5079
0.211569 0.5077
0.214929 0.5089
0.218262 0.5054
0.221529 0.5077
0.224862 0.5073
0.228236 0.5078
0.231624 0.5041
0.235175 0.5081
0.238754 0.5065
0.242379 0.5077
0.246041 0.5061
0.249904 0.5073
0.253937 0.5076
0.257829 0.5099
0.261745 0.5076
0.265725 0.5073
0.269842 0.507
0.273919 0.5046
0.277971 0.5011
0.28211 0.5018
0.286088 0.5027
0.290431 0.5021
0.294809 0.5037
0.299406 0.5039
0.303943 0.5037
0.308599 0.505
0.313281 0.5045
0.317774 0.5063
0.322437 0.5066
0.327258 0.5077
0.331558 0.5051
0.336502 0.5044
0.341462 0.504
0.346402 0.5047
0.351072 0.5067
0.355846 0.5057
0.360534 0.5063
0.365036 0.5057
0.369755 0.5055
0.374605 0.5071
0.379812 0.5059
0.384397 0.5066
0.388944 0.5102
0.393369 0.5077
0.398004 0.5086
0.402456 0.5081
0.406924 0.51
0.411318 0.5106
0.415651 0.5114
0.419753 0.5137
0.423621 0.5167
0.427447 0.5182
0.43143 0.5181
0.43518 0.5196
0.438777 0.5222
0.442745 0.5239
0.446596 0.5257
0.449841 0.5278
0.453527 0.5293
0.456984 0.5308
0.460132 0.5341
0.463289 0.5336
0.466514 0.5361
0.469379 0.5347
0.472262 0.5352
0.47504 0.5367
0.477553 0.5372
0.480393 0.5373
0.483069 0.5384
0.485648 0.5391
0.488043 0.5415
0.490383 0.5419
0.492868 0.5447
0.495161 0.5464
0.49747 0.5482
0.499829 0.5489
0.501972 0.551
0.504182 0.5529
0.506148 0.5558
0.508214 0.5562
0.510109 0.5571
0.511838 0.5568
0.513513 0.5586
0.51538 0.5586
0.517084 0.5606
0.518899 0.5603
0.520551 0.5599
0.522297 0.5627
0.524076 0.563
0.525646 0.5634
0.527025 0.5631
0.528618 0.5627
0.530046 0.5633
0.531452 0.5628
0.532908 0.5646
0.53439 0.5676
0.535656 0.5687
0.537 0.5692
0.538303 0.5706
0.539538 0.5709
0.540783 0.5717
0.541999 0.572
0.543236 0.5727
0.544429 0.5734
0.545655 0.5745
0.546776 0.576
0.547907 0.5747
0.549067 0.5766
0.550144 0.5779
0.551297 0.5787
0.552418 0.579
0.55344 0.5795
0.5546 0.5812
0.555672 0.5821
0.556787 0.5816
0.557858 0.5828
0.558892 0.5844
0.55994 0.5856
0.560937 0.5862
0.561927 0.5869
0.562935 0.5868
0.56394 0.5874
0.564931 0.5882
0.565898 0.5896
0.566929 0.5905
0.567953 0.5905
0.568948 0.5923
0.569941 0.5925
0.570923 0.5937
0.571919 0.5964
0.572879 0.5967
0.573845 0.5971
0.574744 0.5991
0.575687 0.6005
0.576635 0.6
0.577539 0.6007
0.578449 0.602
0.579375 0.602
0.580297 0.6037
0.581259 0.6043
0.582197 0.604
0.583152 0.6046
0.584122 0.6036
0.585048 0.6041
0.585983 0.6055
0.586938 0.606
0.587878 0.6048
0.588799 0.6053
0.589746 0.6056
0.590645 0.6053
0.59165 0.6061
0.592564 0.6069
0.59349 0.607
0.594382 0.607
0.595297 0.608
0.596213 0.6086
0.597157 0.6101
0.598117 0.6095
0.59899 0.6101
0.599931 0.6116
0.600797 0.6108
0.601756 0.6119
0.602656 0.6136
0.603579 0.6143
0.604483 0.6148
0.605387 0.6155
0.606331 0.6159
0.607234 0.6163
0.608162 0.6172
0.609019 0.6169
0.609888 0.6184
0.610803 0.6178
0.611704 0.6174
0.612612 0.6186
0.613559 0.62
0.614452 0.6203
0.615335 0.6203
0.616292 0.6217
0.617164 0.6214
0.618085 0.6224
0.619 0.6225
0.619834 0.6231
0.620656 0.6226
0.621537 0.6221
0.622432 0.6213
0.623281 0.6223
0.624217 0.623
0.625123 0.6243
0.626032 0.6246
0.626929 0.6249
0.627867 0.6253
0.628749 0.6256
0.629632 0.6257
0.630531 0.6265
0.631348 0.6266
0.632252 0.6275
0.63316 0.6289
0.634055 0.6303
0.634922 0.6304
0.635839 0.6303
0.636763 0.6314
0.637674 0.632
0.638544 0.6328
0.639409 0.6332
0.640309 0.6331
0.641169 0.6339
0.642082 0.6342
0.642997 0.635
0.643882 0.6351
0.644805 0.6347
0.645719 0.6351
0.646577 0.6353
0.647457 0.6352
0.64836 0.6357
0.649268 0.6358
0.650166 0.6368
0.651017 0.637
0.651844 0.6376
0.652807 0.6374
0.653703 0.639
0.654643 0.64
0.655498 0.6413
0.656328 0.642
0.65722 0.6425
0.658103 0.6418
0.658993 0.6419
0.659852 0.6427
0.660701 0.6424
0.661658 0.6434
0.662584 0.6434
0.66348 0.6437
0.664366 0.6434
0.665219 0.6439
0.666072 0.6433
0.666936 0.6432
0.667822 0.6442
0.668744 0.6445
0.669653 0.6445
0.670512 0.6454
0.671391 0.6452
0.672251 0.6451
0.67316 0.6451
0.674088 0.6452
0.674996 0.6452
0.675902 0.6471
0.676771 0.6478
0.677651 0.6484
0.678495 0.6482
0.679381 0.6488
0.680269 0.6487
0.681147 0.6495
0.682 0.6504
0.682951 0.6511
0.683814 0.6513
0.684704 0.6513
0.685581 0.6519
0.686423 0.6525
0.687284 0.6526
0.688154 0.6532
0.689018 0.6533
0.689883 0.6529
0.690753 0.653
0.691657 0.6543
0.692519 0.6546
0.693383 0.6555
0.694233 0.6556
0.695144 0.6558
0.696048 0.6562
0.696951 0.6564
0.697859 0.6564
0.698727 0.6566
0.699618 0.6556
0.700537 0.6566
0.701427 0.657
0.702324 0.6577
0.703165 0.6579
0.704105 0.6587
0.705023 0.6595
0.705901 0.6593
0.706774 0.6596
0.707623 0.6599
0.708471 0.66
0.709344 0.6602
0.710286 0.6605
0.711189 0.6617
0.712102 0.6616
0.712939 0.6619
0.713781 0.6619
0.714691 0.6619
0.71567 0.6628
0.716618 0.6628
0.71758 0.6633
0.718441 0.6637
0.719351 0.6637
0.720258 0.6647
0.721219 0.665
0.722165 0.6656
0.723032 0.6659
0.723934 0.6659
0.724846 0.6667
0.725722 0.6672
0.726622 0.6672
0.727527 0.667
0.728461 0.6666
0.729426 0.6679
0.730287 0.6682
0.731229 0.6684
0.732142 0.6689
0.733066 0.6694
0.73393 0.6695
0.734854 0.6703
0.735727 0.6704
0.736645 0.6698
0.737543 0.6703
0.738403 0.6708
0.73934 0.6714
0.740309 0.6719
0.741285 0.6721
0.742204 0.6731
0.743119 0.6733
0.743979 0.6746
0.744882 0.6748
0.74575 0.6748
0.746682 0.6747
0.747676 0.6753
0.748593 0.6754
0.749491 0.675
0.75044 0.675
0.751355 0.6751
0.752282 0.6749
0.753287 0.6752
0.754245 0.6751
0.755214 0.6757
0.756204 0.6761
0.757111 0.6755
0.75808 0.676
0.759046 0.6758
0.76001 0.6761
0.760988 0.6771
0.761921 0.677
0.762833 0.6769
0.763794 0.6775
0.76479 0.6784
0.765813 0.6785
0.766778 0.6781
0.767748 0.6774
0.768713 0.678
0.769674 0.6779
0.770626 0.6779
0.771623 0.6778
0.772609 0.6787
0.773583 0.6789
0.774618 0.6799
0.775624 0.6794
0.776601 0.6798
0.777614 0.6801
0.7787 0.6804
0.779655 0.6804
0.780599 0.681
0.781665 0.6807
0.782726 0.6821
0.783786 0.6827
0.784833 0.6826
0.78583 0.6833
0.786951 0.6836
0.787974 0.6834
0.78904 0.6835
0.790032 0.6838
0.791082 0.6839
0.792117 0.684
0.793148 0.6845
0.794142 0.6845
0.795216 0.6848
0.796314 0.6856
0.797423 0.6866
0.798412 0.6865
0.799522 0.6873
0.800589 0.6873
0.801671 0.6874
0.802696 0.6877
0.803799 0.6888
0.805025 0.6892
0.806172 0.6897
0.807272 0.6901
0.808425 0.6908
0.809512 0.6909
0.810719 0.6914
0.811981 0.6918
0.813103 0.6924
0.8142 0.6932
0.815289 0.6936
0.81647 0.694
0.817716 0.6944
0.818974 0.6945
0.820142 0.6948
0.821358 0.6953
0.822589 0.6962
0.823778 0.6966
0.824995 0.6967
0.826217 0.6972
0.82742 0.6974
0.828665 0.6969
0.829857 0.6975
0.831063 0.6978
0.832298 0.6979
0.833702 0.6982
0.834954 0.698
0.836243 0.698
0.837654 0.6981
0.838886 0.6988
0.840134 0.6992
0.841388 0.6995
0.842735 0.7004
0.844056 0.7004
0.845455 0.7005
0.846869 0.7007
0.848225 0.701
0.849789 0.7021
0.851268 0.7019
0.852792 0.7028
0.854249 0.7035
0.855576 0.7041
0.857003 0.7041
0.85853 0.7045
0.859941 0.7052
0.861556 0.7053
0.863238 0.7057
0.864839 0.7058
0.866468 0.7058
0.867926 0.7061
0.86943 0.7058
0.870997 0.7059
0.872676 0.7064
0.874268 0.7068
0.875801 0.7076
0.877436 0.7081
0.879191 0.7085
0.88083 0.7086
0.882533 0.7091
0.884313 0.7097
0.885871 0.7098
0.887577 0.7105
0.889328 0.7113
0.891119 0.7115
0.893156 0.7118
0.89494 0.7122
0.896792 0.712
0.898627 0.7121
0.900438 0.713
0.902279 0.7128
0.904358 0.7133
0.906488 0.7143
0.908597 0.7151
0.91079 0.716
0.913091 0.7175
0.915186 0.7181
0.917735 0.7185
0.920351 0.7194
0.922435 0.7201
0.92475 0.7201
0.926809 0.7208
0.929709 0.722
0.932129 0.7225
0.934919 0.7234
0.937446 0.7243
0.940033 0.7253
0.942746 0.7258
0.945732 0.7275
0.948677 0.7287
0.951853 0.7306
0.955221 0.7316
0.958565 0.7329
0.961597 0.7337
0.965153 0.7343
0.968163 0.7355
0.971527 0.7362
0.975538 0.7373
0.979118 0.7379
0.983476 0.7395
0.987383 0.7403
0.991319 0.7419
0.994837 0.7422
0.999036 0.7433
1.00267 0.7442
1.00684 0.7447
1.01105 0.746
1.01557 0.747
1.0199 0.7483
1.02429 0.749
1.02957 0.7502
1.03419 0.7513
1.0394 0.7525
1.04519 0.7542
1.05061 0.7555
1.05608 0.7565
1.06073 0.7578
1.06607 0.7598
1.07257 0.7617
1.07857 0.7623
1.08469 0.763476
1.09171 0.765077
1.09914 0.766053
1.1074 0.767554
1.11457 0.768954
1.12131 0.769854
1.12893 0.771732
1.1353 0.773687
1.14338 0.774965
1.15161 0.776666
1.15987 0.778823
1.16844 0.780024
1.17753 0.781603
1.18448 0.782918
1.19146 0.784333
1.19884 0.78595
1.20792 0.787432
1.2149 0.78817
1.22363 0.789854
1.23133 0.790894
1.23792 0.791734
1.24592 0.793055
1.2544 0.794717
1.26349 0.796624
1.27286 0.79797
1.28248 0.799236
1.29054 0.800101
1.29565 0.801772
1.3031 0.803445
1.3123 0.804657
1.31959 0.805648
1.32789 0.806741
1.33619 0.807572
1.34461 0.808225
1.35651 0.809702
1.3648 0.810926
1.37184 0.811722
1.38131 0.812494
1.39 0.813494
1.39766 0.814439
1.4048 0.815127
1.41267 0.81626
1.42034 0.817562
1.43085 0.818219
1.43923 0.819108
1.44508 0.819341
1.45464 0.820112
1.46388 0.820903
1.47351 0.821593
1.48381 0.822525
1.49453 0.823084
1.50307 0.823535
1.51423 0.824657
1.52286 0.824754
1.5335 0.825587
1.54359 0.825891
1.55453 0.826484
1.56412 0.826735
1.57348 0.827277
1.58299 0.827512
1.59341 0.827629
1.60447 0.827832
1.616 0.828052
1.62748 0.828152
1.64011 0.828374
1.65132 0.828506
1.66361 0.828503
1.67649 0.828708
1.68935 0.828826
1.70296 0.828909
1.71865 0.828856
1.73235 0.828835
1.74755 0.828954
1.76604 0.828883
1.78009 0.828931
1.79779 0.828982
1.81651 0.828893
1.83627 0.829012
1.85431 0.829095
1.87531 0.829144
1.90002 0.829072
1.92074 0.829363
1.94199 0.830019
1.96726 0.830171
1.99129 0.83048
2.01375 0.831333
2.03829 0.832418
2.05976 0.834641
2.08391 0.836615
2.10293 0.838972
2.12241 0.843046
2.14321 0.846855
2.16455 0.850443
2.17951 0.856322
2.18451 0.86412
2.19448 0.872002
