0.013037 0.5048
0.0137177 0.5047
0.0143853 0.5015
0.0150632 0.5016
0.0157182 0.5025
0.0163711 0.5047
0.017038 0.5051
0.0176891 0.5014
0.0183494 0.5022
0.0189881 0.4977
0.0196503 0.4957
0.0202952 0.4974
0.0209466 0.4965
0.0216139 0.4963
0.0223052 0.4981
0.0229736 0.4964
0.0236349 0.4982
0.0242858 0.4991
0.0249784 0.4998
0.0256476 0.4998
0.026312 0.5014
0.0269688 0.4984
0.0276168 0.5003
0.0282826 0.4992
0.0289465 0.4979
0.0296313 0.4995
0.030304 0.5
0.0309818 0.4968
0.0316406 0.4966
0.0323204 0.4963
0.0330219 0.4999
0.0337097 0.4992
0.034396 0.5015
0.035077 0.5023
0.0357751 0.5033
0.0364909 0.5018
0.0371663 0.5037
0.0378364 0.5047
0.0385023 0.5045
0.0391943 0.5044
0.0399036 0.5048
0.0405922 0.5049
0.0413065 0.5044
0.0420385 0.5042
0.0427556 0.5048
0.0434489 0.5032
0.0441788 0.5043
0.0449049 0.5019
0.0456584 0.5008
0.0463896 0.4992
0.0471114 0.4998
0.0478532 0.5021
0.0485847 0.5003
0.0493279 0.5007
0.0500534 0.5005
0.0507843 0.501
0.0515031 0.5015
0.0522227 0.502
0.0529765 0.5033
0.0536664 0.5037
0.0544277 0.5053
0.0551386 0.5051
0.0558864 0.5042
0.0566358 0.5024
0.0573779 0.5043
0.0581469 0.5054
0.0589222 0.5071
0.0596464 0.5082
0.060373 0.5098
0.061136 0.5109
0.0618587 0.5124
0.062666 0.5113
0.063413 0.5092
0.0641725 0.5092
0.0649309 0.5084
0.0656751 0.508
0.066459 0.5092
0.0672174 0.5078
0.0679737 0.5069
0.0687392 0.5088
0.0694779 0.5084
0.0702894 0.5079
0.0711058 0.5065
0.0718752 0.5061
0.0726161 0.5065
0.0733795 0.5068
0.0741319 0.5073
0.0749506 0.5073
0.0757255 0.5049
0.0765244 0.5062
0.0773054 0.5071
0.0781066 0.5071
0.0789051 0.5067
0.0796862 0.5066
0.0805192 0.5041
0.0813146 0.5042
0.0821513 0.5042
0.0829774 0.5044
0.0838229 0.504
0.0846536 0.5031
0.0854703 0.5021
0.0862645 0.5019
0.087115 0.5023
0.0879506 0.5018
0.0887448 0.4998
0.0895999 0.4994
0.0904556 0.5003
0.0912656 0.502
0.0920823 0.5013
0.0928984 0.4992
0.0936721 0.4998
0.0944898 0.4994
0.0953449 0.4994
0.0962502 0.5005
0.0970878 0.5009
0.0979544 0.5009
0.0987973 0.5009
0.0996261 0.5018
0.100535 0.5004
0.101451 0.4999
0.102301 0.499
0.103142 0.4993
0.104003 0.5006
0.104867 0.4993
0.105772 0.4984
0.106655 0.4994
0.107566 0.5014
0.108474 0.5008
0.109366 0.5012
0.110187 0.5018
0.111069 0.5019
0.112007 0.5018
0.112959 0.502
0.113768 0.5013
0.114683 0.5028
0.115556 0.5028
0.116502 0.504
0.11743 0.5052
0.118283 0.5047
0.119198 0.5061
0.120078 0.5071
0.120953 0.5063
0.121833 0.5066
0.122707 0.5056
0.123591 0.5073
0.124508 0.507
0.12552 0.5094
0.126368 0.5107
0.127284 0.5085
0.128149 0.5085
0.129102 0.5062
0.129978 0.506
0.130909 0.5065
0.131873 0.505
0.132845 0.5046
0.133761 0.5045
0.134742 0.5043
0.135668 0.5035
0.136607 0.5045
0.137551 0.5039
0.138536 0.5044
0.13944 0.505
0.140413 0.5053
0.141341 0.5044
0.142256 0.5048
0.143159 0.5039
0.14414 0.5041
0.145096 0.505
0.146108 0.5047
0.147096 0.5036
0.14804 0.5024
0.14899 0.503
0.149909 0.5023
0.15086 0.5039
0.151814 0.5039
0.152814 0.5019
0.153876 0.5016
0.15485 0.5007
0.155802 0.5019
0.156789 0.5023
0.157775 0.5009
0.158683 0.5005
0.159757 0.4998
0.160734 0.4994
0.161685 0.5004
0.162661 0.5009
0.163569 0.5003
0.164525 0.4989
0.165591 0.4979
0.166468 0.4981
0.16746 0.4979
0.168465 0.4986
0.169411 0.4978
0.170444 0.4985
0.171456 0.4983
0.172545 0.4994
0.17348 0.4994
0.17453 0.4968
0.175564 0.4962
0.176651 0.4963
0.177816 0.4968
0.17882 0.4964
0.179873 0.4958
0.180997 0.4952
0.182048 0.4959
0.183223 0.4969
0.184133 0.4976
0.185199 0.4985
0.186215 0.4987
0.187372 0.498
0.188334 0.498
0.189415 0.4991
0.19041 0.4996
0.191486 0.501
0.192608 0.4987
0.193598 0.4998
0.194861 0.4982
0.19591 0.4986
0.19703 0.5007
0.198135 0.5001
0.199101 0.4992
0.200254 0.498
0.201259 0.4968
0.202235 0.498
0.203348 0.4975
0.2044 0.4969
0.205477 0.4962
0.206598 0.4975
0.207716 0.498
0.208804 0.4985
0.209874 0.4986
0.210957 0.4997
0.211976 0.5003
0.213138 0.5008
0.214205 0.5019
0.215226 0.5016
0.216233 0.5025
0.217295 0.502
0.218395 0.5012
0.219481 0.5018
0.220719 0.5005
0.222008 0.5013
0.223089 0.5011
0.224243 0.5028
0.225402 0.5015
0.226539 0.5016
0.227637 0.5023
0.228718 0.5016
0.229843 0.5016
0.230988 0.5025
0.23212 0.5025
0.233254 0.5023
0.234371 0.5028
0.235491 0.5024
0.236627 0.5036
0.237699 0.5035
0.238769 0.5039
0.23985 0.5033
0.240853 0.5019
0.242036 0.5015
0.243183 0.5017
0.244317 0.5012
0.245524 0.5011
0.246709 0.5003
0.247817 0.5005
0.248858 0.4994
0.250092 0.5007
0.251204 0.4999
0.252279 0.4995
0.253392 0.499
0.254683 0.4994
0.255759 0.4988
0.256852 0.4996
0.258023 0.4992
0.25924 0.5004
0.260422 0.4994
0.261613 0.4993
0.262804 0.4988
0.263959 0.4991
0.265119 0.4993
0.266332 0.4987
0.267338 0.4985
0.26851 0.4989
0.269651 0.4997
0.270968 0.4986
0.272196 0.4993
0.273269 0.4991
0.274472 0.4992
0.275642 0.4994
0.276923 0.4986
0.278052 0.4993
0.279336 0.499
0.280493 0.5007
0.281678 0.5002
0.282859 0.5
0.284121 0.5005
0.2854 0.501
0.286605 0.5012
0.287806 0.5014
0.289008 0.5014
0.290252 0.5005
0.291372 0.5006
0.292583 0.4996
0.293844 0.5004
0.294922 0.4999
0.296254 0.5002
0.297564 0.501
0.298826 0.5012
0.299996 0.5006
0.30119 0.5004
0.302447 0.4996
0.303646 0.4995
0.304897 0.4991
0.306023 0.5
0.30723 0.5001
0.308573 0.4993
0.309652 0.4988
0.311003 0.5001
0.312394 0.5004
0.313557 0.5001
0.314778 0.5014
0.315899 0.5014
0.317099 0.5015
0.318399 0.5013
0.3196 0.502
0.320732 0.5028
0.322199 0.5019
0.323417 0.5022
0.324634 0.5024
0.325909 0.5017
0.327111 0.5016
0.328328 0.5017
0.329587 0.5019
0.330693 0.5025
0.331876 0.5028
0.333129 0.5024
0.334388 0.5031
0.335674 0.5031
0.337007 0.5024
0.338153 0.5029
0.339527 0.503
0.340658 0.5028
0.342008 0.5032
0.343208 0.5031
0.344631 0.5032
0.345891 0.5036
0.347163 0.5029
0.348368 0.5029
0.349694 0.5023
0.350918 0.5028
0.352097 0.504
0.35327 0.5043
0.354657 0.5043
0.355909 0.5045
0.357237 0.5053
0.358433 0.5045
0.359754 0.5051
0.361023 0.5058
0.362279 0.5062
0.363586 0.5069
0.364839 0.5072
0.366013 0.5084
0.367244 0.5091
0.368583 0.5086
0.369915 0.5085
0.371142 0.509
0.37244 0.5086
0.373658 0.5091
0.374828 0.5094
0.375959 0.5092
0.377167 0.5094
0.378529 0.5092
0.379739 0.5099
0.380989 0.5096
0.38227 0.5101
0.383377 0.5095
0.384498 0.5088
0.385689 0.5084
0.386931 0.5095
0.388136 0.5106
0.389337 0.5103
0.39059 0.5102
0.391929 0.5106
0.393086 0.5109
0.394385 0.5107
0.395614 0.5094
0.396758 0.51
0.397904 0.5108
0.399155 0.5103
0.400214 0.5102
0.401433 0.5102
0.402648 0.5098
0.403995 0.5096
0.405263 0.5101
0.406585 0.5108
0.407821 0.5105
0.409004 0.51
0.410203 0.5098
0.411407 0.5099
0.412498 0.5107
0.413733 0.511
0.414965 0.5115
0.416111 0.5119
0.417273 0.5114
0.418509 0.5132
0.419656 0.5138
0.42078 0.5136
0.421987 0.5136
0.423194 0.5137
0.424405 0.5141
0.425518 0.5141
0.42686 0.5139
0.428114 0.5144
0.42944 0.5151
0.430585 0.5148
0.431842 0.516
0.433022 0.5168
0.434155 0.5171
0.435342 0.5179
0.436591 0.518
0.437941 0.5181
0.439154 0.5188
0.440414 0.5199
0.441601 0.52
0.442735 0.5202
0.443881 0.52
0.444931 0.5196
0.446144 0.5197
0.447212 0.5204
0.448349 0.5211
0.449444 0.5211
0.450619 0.5209
0.451873 0.5213
0.453077 0.5223
0.454238 0.5219
0.455404 0.5226
0.45671 0.5225
0.457908 0.5225
0.458943 0.5225
0.460143 0.5227
0.461224 0.5238
0.462297 0.5241
0.463535 0.5242
0.464776 0.5254
0.465824 0.5252
0.466956 0.5257
0.468102 0.5257
0.46941 0.5262
0.470537 0.5265
0.471721 0.5262
0.472833 0.5262
0.4741 0.5254
0.475214 0.5257
0.476348 0.5256
0.477544 0.5262
0.478599 0.5266
0.479636 0.5259
0.480793 0.5262
0.481917 0.5255
0.483158 0.5257
0.484213 0.5256
0.485299 0.5261
0.486393 0.5264
0.487534 0.5272
0.488815 0.5275
0.489822 0.5274
0.490907 0.5287
0.492048 0.5288
0.493113 0.5289
0.494236 0.5294
0.495308 0.5298
0.49634 0.5307
0.49737 0.5313
0.498538 0.5318
0.49971 0.5328
0.500896 0.5335
0.501935 0.5334
0.503 0.5334
0.504197 0.5337
0.50521 0.5339
0.506311 0.5339
0.50749 0.534
0.508615 0.5346
0.509708 0.5351
0.510763 0.5353
0.511805 0.535
0.512917 0.5352
0.513981 0.5352
0.515263 0.5361
0.516354 0.5371
0.517333 0.5368
0.518462 0.5369
0.519589 0.5371
0.520697 0.5372
0.521722 0.5375
0.522859 0.5385
0.5239 0.539
0.52495 0.5395
0.526059 0.5397
0.527063 0.5399
0.528071 0.5405
0.5292 0.5409
0.530111 0.5408
0.531186 0.5411
0.532218 0.5408
0.533241 0.5409
0.534422 0.5416
0.535477 0.5428
0.536426 0.543
0.537545 0.5431
0.538513 0.5437
0.539666 0.5446
0.540839 0.5459
0.541878 0.5465
0.542894 0.5467
0.543852 0.5468
0.544978 0.5478
0.546022 0.5481
0.547116 0.5479
0.548181 0.5477
0.549291 0.549
0.550394 0.549
0.551482 0.5494
0.552703 0.5497
0.553858 0.5506
0.555045 0.5508
0.556146 0.5518
0.557279 0.5523
0.558399 0.5524
0.5593 0.5522
0.560373 0.553
0.5615 0.5518
0.562554 0.5527
0.563636 0.5524
0.564729 0.5537
0.565779 0.5542
0.566955 0.5544
0.568173 0.5548
0.569336 0.5556
0.570319 0.5566
0.571361 0.5578
0.572622 0.5586
0.57387 0.5587
0.575078 0.5598
0.576154 0.5598
0.577252 0.5592
0.578493 0.5609
0.57962 0.5614
0.580815 0.5615
0.581967 0.5621
0.583169 0.5625
0.584492 0.5637
0.585673 0.564
0.586914 0.5631
0.588182 0.5639
0.58951 0.5646
0.590757 0.5653
0.592078 0.5664
0.593458 0.5662
0.594798 0.5666
0.596095 0.567
0.59735 0.5677
0.598701 0.5689
0.599916 0.5692
0.601173 0.5692
0.602432 0.5694
0.60373 0.5692
0.605162 0.5692
0.606388 0.5701
0.607725 0.5711
0.609166 0.5715
0.61046 0.5718
0.61188 0.573
0.613246 0.5729
0.614647 0.5738
0.616272 0.5745
0.617733 0.575
0.619214 0.575
0.620781 0.5755
0.6225 0.5762
0.624235 0.5773
0.625713 0.5775
0.627224 0.578
0.628783 0.5783
0.630472 0.5787
0.632266 0.5805
0.634165 0.5818
0.635868 0.5819
0.637728 0.5823
0.639452 0.584
0.641347 0.5842
0.643357 0.586
0.645093 0.5865
0.647158 0.5885
0.648945 0.5888
0.65099 0.5896
0.652983 0.59
0.654931 0.5912
0.657139 0.5932
0.659309 0.5948
0.661421 0.5959
0.664033 0.5977
0.666227 0.5989
0.668765 0.6
0.671237 0.6002
0.673537 0.601
0.676004 0.603
0.678926 0.6038
0.681483 0.6062
0.684455 0.6068
0.687166 0.6083
0.689915 0.61
0.693161 0.6118
0.696233 0.6127
0.699744 0.6148
0.702542 0.6149
0.70588 0.617
0.709605 0.6178
0.713322 0.6202
0.71652 0.6203
0.720394 0.6223
0.724051 0.6232
0.728301 0.6247
0.732511 0.6263
0.736731 0.6287
0.741057 0.6299
0.745914 0.6322
0.751087 0.6337
0.75668 0.6377
0.761817 0.6401
0.767332 0.6433
0.772484 0.6443
0.778609 0.6463
0.784201 0.6479
0.790788 0.65
0.797344 0.6529
0.803999 0.6553
0.812055 0.6583
0.818612 0.6601
0.827316 0.6627
0.83721 0.6675
0.845555 0.6707
0.855144 0.6734
0.86523 0.6789
0.874868 0.6817
0.887682 0.6858
0.900855 0.6896
0.913881 0.6915
0.927506 0.6946
0.943422 0.6989
0.959497 0.7022
0.976687 0.7054
0.994407 0.7085
1.01216 0.7109
1.03175 0.716043
1.05346 0.720644
1.0788 0.725218
1.10624 0.729165
1.13267 0.731385
1.15869 0.737111
1.18575 0.741612
1.21679 0.744412
1.25156 0.750627
1.28332 0.756022
1.32232 0.760599
1.36502 0.765286
1.4078 0.766714
1.44206 0.769619
1.48043 0.774681
1.5139 0.77899
1.55425 0.783687
1.59131 0.786872
1.62826 0.79148
1.65508 0.797891
1.67732 0.802008
1.6995 0.805519
1.71089 0.809377
1.71476 0.810969
1.71808 0.813497
1.70211 0.814714
1.68213 0.819696
1.6591 0.824319
1.63337 0.82607
1.58149 0.827634
1.53655 0.828826
1.48033 0.82932
1.42239 0.832483
1.34561 0.834746
1.27665 0.834743
1.19541 0.836609
