0.0130125 0.5023
0.013692 0.5025
0.0143641 0.5025
0.015027 0.5015
0.0156923 0.4981
0.0163313 0.4977
0.0169744 0.4968
0.017621 0.4964
0.0182983 0.4946
0.0189769 0.4946
0.0196243 0.4981
0.0202596 0.4986
0.0209203 0.5021
0.0215767 0.5032
0.0222499 0.5024
0.0229111 0.5024
0.0235713 0.5043
0.0242351 0.5015
0.0249088 0.5011
0.0255862 0.4987
0.0262898 0.499
0.0269515 0.5004
0.0276256 0.4989
0.0283144 0.4984
0.0289734 0.4953
0.0296688 0.4954
0.0303549 0.4945
0.031053 0.4937
0.0317395 0.4961
0.032425 0.4985
0.0330951 0.4966
0.0337658 0.4986
0.0344532 0.4974
0.035135 0.4946
0.035825 0.4945
0.036514 0.4957
0.0371868 0.4935
0.0378781 0.4939
0.0385522 0.4934
0.0392925 0.4922
0.0399886 0.4906
0.0407199 0.4919
0.0414509 0.4925
0.0421444 0.4935
0.0428758 0.4939
0.043595 0.4939
0.0443198 0.4924
0.0450231 0.4935
0.0457638 0.4946
0.0464776 0.4965
0.0471887 0.4968
0.047906 0.4979
0.0486367 0.496
0.0493598 0.4968
0.050117 0.4951
0.0508461 0.4958
0.0515666 0.4948
0.0523057 0.4941
0.0530411 0.4938
0.0537833 0.4925
0.0545459 0.4952
0.0552734 0.4954
0.0560503 0.4943
0.0567798 0.4946
0.0575173 0.4947
0.0582739 0.4947
0.0590342 0.4935
0.0597952 0.4945
0.0605185 0.4962
0.0612861 0.4955
0.0620767 0.4978
0.0628482 0.4985
0.0636036 0.4983
0.0643593 0.4966
0.0651176 0.4987
0.0658602 0.4985
0.0666319 0.4975
0.0673725 0.4993
0.0681681 0.4985
0.0689773 0.5004
0.0697524 0.4993
0.0705592 0.4971
0.0713608 0.495
0.0721545 0.4941
0.0729413 0.4947
0.0737317 0.4936
0.0745516 0.4928
0.0753489 0.4933
0.0761673 0.493
0.0770203 0.493
0.0778275 0.4916
0.078629 0.4918
0.0794409 0.4911
0.080236 0.4938
0.0810831 0.493
0.0818919 0.4916
0.0826629 0.4912
0.083485 0.4899
0.084253 0.4897
0.085101 0.4915
0.0859601 0.4911
0.0867899 0.4921
0.0876411 0.4915
0.088461 0.4917
0.0892093 0.4927
0.0900355 0.4931
0.0908403 0.4926
0.0916792 0.4917
0.0925229 0.4919
0.0933627 0.4931
0.0941937 0.4915
0.0950024 0.4918
0.0958147 0.4922
0.0966472 0.492
0.0975026 0.4933
0.0983476 0.495
0.0992007 0.4957
0.100087 0.4951
0.100939 0.4944
0.101817 0.4953
0.102706 0.4959
0.103536 0.4952
0.104433 0.495
0.105335 0.4951
0.106144 0.4958
0.106918 0.494
0.1078 0.4939
0.108656 0.4941
0.109565 0.4932
0.11047 0.4936
0.111353 0.4948
0.112188 0.4952
0.113099 0.4951
0.113953 0.4944
0.114845 0.4925
0.115769 0.4929
0.116681 0.4945
0.117586 0.4944
0.118493 0.4965
0.119431 0.4962
0.120294 0.497
0.121169 0.497
0.122096 0.4973
0.123052 0.4978
0.123889 0.4981
0.124848 0.4974
0.12573 0.4961
0.12664 0.496
0.127594 0.4959
0.12843 0.4954
0.12936 0.4953
0.130221 0.4946
0.131049 0.4951
0.132006 0.4971
0.132897 0.4956
0.133827 0.4972
0.134742 0.4973
0.135731 0.4971
0.13662 0.4957
0.137511 0.4959
0.138434 0.4971
0.13935 0.4973
0.14028 0.4979
0.141164 0.4968
0.142173 0.4984
0.143166 0.4969
0.144104 0.4971
0.145093 0.4964
0.146041 0.4953
0.146981 0.4944
0.147959 0.4965
0.148845 0.4974
0.149863 0.4961
0.15084 0.4946
0.151775 0.494
0.152722 0.4939
0.153696 0.4944
0.154609 0.4959
0.155611 0.4953
0.15655 0.4945
0.157499 0.495
0.158459 0.4952
0.159424 0.4954
0.160361 0.4959
0.161301 0.4953
0.162247 0.4949
0.163194 0.4964
0.164164 0.4977
0.165158 0.4972
0.166142 0.4977
0.167131 0.4976
0.16815 0.4977
0.169216 0.4973
0.170201 0.4981
0.171209 0.4974
0.172094 0.4984
0.173058 0.4987
0.174072 0.4993
0.175022 0.499
0.17612 0.4988
0.177099 0.499
0.178165 0.4989
0.179214 0.4977
0.180239 0.4973
0.181288 0.4967
0.182199 0.4958
0.183203 0.4964
0.184152 0.4966
0.185204 0.498
0.186285 0.4979
0.187431 0.4998
0.188471 0.5001
0.189538 0.4992
0.190517 0.4977
0.191451 0.4973
0.19253 0.497
0.193628 0.4977
0.194673 0.4979
0.195675 0.4974
0.196684 0.498
0.19766 0.4982
0.198641 0.4987
0.199687 0.4994
0.200695 0.4979
0.201704 0.499
0.202769 0.4993
0.203874 0.5001
0.204943 0.4997
0.205935 0.4995
0.207063 0.4982
0.20797 0.4989
0.208997 0.4995
0.210053 0.4981
0.211102 0.499
0.212165 0.4987
0.21327 0.4987
0.214518 0.4981
0.215633 0.4982
0.216795 0.4978
0.217851 0.4969
0.218949 0.4981
0.220046 0.498
0.221157 0.4984
0.222306 0.4979
0.223456 0.4969
0.224491 0.4971
0.225605 0.4971
0.226786 0.4964
0.227916 0.4967
0.229046 0.4964
0.230104 0.4966
0.231289 0.4956
0.232447 0.4961
0.233619 0.4958
0.234862 0.4955
0.235874 0.4961
0.23699 0.4963
0.238146 0.4968
0.239317 0.4968
0.24038 0.4961
0.241522 0.4962
0.242622 0.4965
0.243878 0.4962
0.244971 0.496
0.246214 0.4952
0.247387 0.4954
0.24858 0.495
0.249661 0.4946
0.250708 0.4945
0.251748 0.4957
0.252956 0.4955
0.254137 0.4972
0.255361 0.4976
0.256496 0.4965
0.257644 0.4973
0.258832 0.4958
0.260094 0.4971
0.261317 0.4971
0.262403 0.497
0.263552 0.497
0.264729 0.4977
0.265933 0.4975
0.267117 0.4984
0.268427 0.4987
0.269696 0.4978
0.270944 0.4976
0.272202 0.4974
0.273429 0.4978
0.274514 0.4986
0.275768 0.498
0.276922 0.4978
0.278129 0.4981
0.279337 0.4983
0.280531 0.4973
0.281834 0.4969
0.283001 0.4978
0.28425 0.4988
0.285485 0.4995
0.286726 0.4982
0.287848 0.4994
0.289087 0.4989
0.290337 0.4987
0.29151 0.4987
0.292657 0.4995
0.29372 0.4985
0.294971 0.4988
0.296155 0.4991
0.297341 0.499
0.298607 0.4988
0.299826 0.4997
0.30115 0.4989
0.302427 0.4992
0.303738 0.5007
0.304985 0.5015
0.306126 0.5017
0.307342 0.5025
0.308607 0.5029
0.309955 0.5037
0.311214 0.5037
0.312406 0.5031
0.313584 0.503
0.314718 0.5036
0.316141 0.504
0.317374 0.5036
0.318626 0.5048
0.319876 0.5043
0.321127 0.5049
0.322401 0.5052
0.323474 0.5054
0.324795 0.5054
0.326023 0.5057
0.327338 0.5052
0.328497 0.5051
0.329609 0.5042
0.330782 0.504
0.332052 0.5029
0.333316 0.502
0.334605 0.5028
0.335779 0.5033
0.337112 0.5039
0.338328 0.5036
0.339634 0.5037
0.340824 0.5041
0.342165 0.5044
0.343505 0.506
0.344808 0.5059
0.346159 0.5066
0.347492 0.5071
0.348621 0.5063
0.349913 0.5048
0.351027 0.5059
0.352399 0.5052
0.353735 0.5044
0.354882 0.5034
0.356111 0.5041
0.357273 0.5041
0.358605 0.5042
0.359896 0.5051
0.361191 0.5048
0.362377 0.5043
0.363556 0.5042
0.36488 0.5044
0.366094 0.5043
0.367328 0.5035
0.368682 0.5039
0.370024 0.504
0.37118 0.5051
0.372382 0.5059
0.373736 0.5061
0.374843 0.5054
0.376063 0.505
0.377296 0.5061
0.378515 0.5063
0.379908 0.5061
0.381254 0.506
0.382569 0.506
0.383898 0.5055
0.385213 0.5057
0.38644 0.5064
0.387527 0.5059
0.388695 0.5067
0.389943 0.5068
0.391192 0.5074
0.392567 0.508
0.393767 0.5086
0.395006 0.5089
0.396182 0.5092
0.397387 0.5096
0.398682 0.5099
0.399848 0.5104
0.40102 0.5098
0.402238 0.5104
0.403578 0.5103
0.404843 0.5104
0.406025 0.5105
0.407238 0.51
0.408669 0.5104
0.409885 0.5101
0.411103 0.5115
0.412295 0.5115
0.413619 0.512
0.414849 0.5127
0.415997 0.5125
0.417302 0.5122
0.418418 0.5132
0.419544 0.5137
0.420677 0.5142
0.421959 0.5145
0.423158 0.5141
0.42456 0.5141
0.425877 0.5145
0.427112 0.5144
0.428309 0.5131
0.429464 0.5125
0.43042 0.5123
0.431585 0.5133
0.432795 0.5134
0.434001 0.5129
0.435204 0.5121
0.436593 0.513
0.437722 0.513
0.438911 0.5139
0.440068 0.5149
0.441284 0.5152
0.442432 0.5151
0.443544 0.5153
0.444848 0.5146
0.446041 0.5145
0.447108 0.5143
0.448225 0.5148
0.449463 0.5146
0.450623 0.5158
0.451849 0.5157
0.452981 0.5166
0.454201 0.5174
0.455395 0.5181
0.456545 0.5172
0.457669 0.5187
0.458763 0.5189
0.45994 0.5188
0.461007 0.5194
0.462042 0.5202
0.463262 0.5205
0.464438 0.5206
0.465532 0.5207
0.466481 0.521
0.467626 0.5208
0.468683 0.5209
0.469959 0.5209
0.471157 0.5203
0.472438 0.5205
0.473604 0.5215
0.474718 0.5223
0.475786 0.5231
0.476936 0.5233
0.47802 0.5232
0.479124 0.5236
0.48022 0.5238
0.481449 0.5247
0.482576 0.5243
0.483737 0.5249
0.484765 0.5246
0.485966 0.5253
0.487023 0.5254
0.488087 0.5264
0.489289 0.5266
0.490474 0.5262
0.491647 0.5261
0.492627 0.5263
0.49377 0.5269
0.494914 0.5277
0.496079 0.5283
0.497224 0.5283
0.498304 0.5284
0.499439 0.5285
0.500475 0.529
0.501459 0.5291
0.502513 0.5293
0.503563 0.5298
0.504732 0.5292
0.505854 0.5281
0.50696 0.5286
0.508043 0.5287
0.509062 0.5284
0.510076 0.5284
0.511187 0.5287
0.512158 0.5286
0.513225 0.5302
0.514244 0.531
0.515385 0.5312
0.516512 0.5308
0.517608 0.5308
0.518665 0.5315
0.519679 0.532
0.520675 0.5319
0.521685 0.5326
0.522661 0.5323
0.523598 0.5326
0.524806 0.5329
0.525841 0.5334
0.526788 0.5341
0.527851 0.5342
0.52899 0.5349
0.530102 0.5347
0.531212 0.5361
0.532275 0.5364
0.533488 0.5367
0.534573 0.5372
0.535563 0.5368
0.536664 0.5366
0.537762 0.5366
0.538808 0.5371
0.54006 0.5379
0.541278 0.5385
0.542307 0.5393
0.543453 0.5398
0.544574 0.5405
0.545651 0.5409
0.546806 0.5419
0.547837 0.5426
0.548923 0.5425
0.550039 0.543
0.551246 0.5438
0.552425 0.5438
0.553557 0.544
0.55452 0.544
0.555654 0.5447
0.556797 0.5455
0.557979 0.5453
0.559012 0.5456
0.560156 0.5457
0.56129 0.5468
0.562249 0.5481
0.563356 0.5477
0.564444 0.5483
0.565445 0.5484
0.566641 0.5487
0.567813 0.5493
0.568868 0.55
0.570001 0.5496
0.571133 0.5496
0.572215 0.5499
0.573311 0.5499
0.57454 0.5493
0.575629 0.5496
0.576762 0.55
0.578052 0.5506
0.579247 0.5514
0.580459 0.5522
0.581747 0.5526
0.582874 0.5525
0.584112 0.5533
0.585238 0.5538
0.586506 0.5545
0.587723 0.555
0.589003 0.556
0.590187 0.5565
0.591413 0.5564
0.592663 0.5569
0.593927 0.5577
0.595324 0.558
0.596782 0.5584
0.598078 0.5589
0.599337 0.5593
0.600761 0.5604
0.602048 0.5613
0.603395 0.5619
0.604812 0.5626
0.606397 0.5636
0.607797 0.5646
0.609204 0.5649
0.610535 0.5655
0.611933 0.5664
0.613384 0.567
0.614858 0.5682
0.616332 0.5688
0.617749 0.5683
0.619032 0.5689
0.620715 0.5704
0.622351 0.571
0.624076 0.5712
0.62555 0.5735
0.627187 0.575
0.628719 0.576
0.630427 0.5764
0.632039 0.5776
0.633917 0.579
0.635765 0.5787
0.637512 0.5792
0.639233 0.5802
0.641085 0.582
0.643049 0.5831
0.644903 0.5834
0.646863 0.5851
0.648636 0.5857
0.650633 0.5863
0.65275 0.5878
0.654843 0.5896
0.656975 0.59
0.659205 0.5913
0.661204 0.5916
0.663372 0.5919
0.665797 0.5948
0.668012 0.5964
0.670565 0.5965
0.672987 0.5971
0.675527 0.5982
0.678307 0.5999
0.680935 0.6025
0.683428 0.6048
0.686148 0.605
0.688753 0.6071
0.691672 0.6089
0.694996 0.6113
0.697958 0.6136
0.701081 0.6156
0.704885 0.6171
0.708456 0.6182
0.711844 0.6202
0.715629 0.6213
0.719561 0.6239
0.723679 0.6248
0.727676 0.6266
0.732374 0.6293
0.736888 0.6326
0.741557 0.6344
0.7465 0.6376
0.751232 0.6391
0.75647 0.6413
0.762344 0.644
0.767977 0.6468
0.774279 0.6492
0.780672 0.6522
0.787339 0.6547
0.793602 0.6559
0.800573 0.6564
0.808953 0.66
0.816671 0.6643
0.825105 0.6664
0.832842 0.6683
0.841896 0.6702
0.851374 0.6749
0.860246 0.6771
0.869592 0.6803
0.88165 0.6829
0.89445 0.6854
0.907255 0.6898
0.919361 0.6943
0.93344 0.6999
0.946254 0.7022
0.960501 0.7062
0.978688 0.7094
0.997039 0.7141
1.01502 0.7177
1.03445 0.72
1.05591 0.7219
1.07637 0.7255
1.09988 0.729246
1.12574 0.733147
1.15581 0.737216
1.18626 0.740941
1.21918 0.744517
1.25278 0.747144
1.28811 0.752935
1.32539 0.755777
1.35973 0.761152
1.39665 0.764718
1.43754 0.770228
1.47781 0.772326
1.51006 0.776029
1.54836 0.782631
1.58682 0.786999
1.62281 0.790998
1.65562 0.797941
1.69122 0.800106
1.71375 0.804004
1.73457 0.806903
1.74269 0.810615
1.75091 0.811918
1.7462 0.817357
1.7317 0.820328
1.70258 0.820707
1.67588 0.821612
1.62615 0.823002
1.57755 0.825533
1.5157 0.829369
1.45981 0.831652
1.39527 0.831995
1.32305 0.834176
1.24879 0.835751
