0.0129704 0.5061
0.0136499 0.5041
0.0143256 0.5024
0.0149917 0.5041
0.0156633 0.5016
0.0163219 0.5004
0.0169931 0.4996
0.0176484 0.4994
0.0183154 0.4998
0.0189969 0.4985
0.0196479 0.4978
0.0202897 0.4976
0.0209561 0.4959
0.0216095 0.4962
0.0222607 0.4964
0.0229203 0.4969
0.0236059 0.4994
0.0242917 0.498
0.0249486 0.4986
0.0256054 0.4993
0.0262733 0.4992
0.0269348 0.4984
0.0275926 0.4985
0.0282577 0.5
0.0289456 0.499
0.0296345 0.5
0.0303178 0.5009
0.0309666 0.5013
0.0316281 0.4995
0.0322981 0.498
0.0329674 0.4992
0.0336334 0.4989
0.0343303 0.499
0.0350434 0.4977
0.0357225 0.4962
0.0364118 0.4955
0.0371215 0.4936
0.0378338 0.4945
0.0385347 0.4946
0.0392502 0.4931
0.0399449 0.4952
0.0406658 0.4953
0.0413528 0.4962
0.0420328 0.4978
0.04273 0.4967
0.0434449 0.4975
0.0441211 0.4983
0.0448372 0.4988
0.0455325 0.4946
0.0462786 0.4957
0.0469815 0.4935
0.0476993 0.4945
0.0484099 0.4944
0.0491183 0.497
0.0498515 0.4951
0.0505767 0.4945
0.0513035 0.4951
0.0520273 0.4975
0.0527714 0.4986
0.0535535 0.4991
0.0542737 0.4996
0.0550117 0.5013
0.0557219 0.5012
0.0564554 0.5009
0.0572209 0.5026
0.0579412 0.5012
0.0586834 0.501
0.0594047 0.5018
0.0601695 0.4989
0.0609365 0.4989
0.0617043 0.5011
0.0625101 0.5006
0.0632818 0.5004
0.0640174 0.5019
0.0647705 0.5012
0.065559 0.5011
0.0663261 0.5015
0.0670805 0.5029
0.067841 0.5053
0.0686127 0.5052
0.0693705 0.5045
0.070164 0.5046
0.0709277 0.5053
0.0717477 0.5064
0.0725429 0.5059
0.0733419 0.5061
0.0741415 0.5047
0.07493 0.5032
0.0757066 0.5033
0.0765329 0.5021
0.0773575 0.5022
0.0782218 0.5034
0.0790393 0.5028
0.079816 0.5026
0.0806708 0.5007
0.0814835 0.5011
0.0823666 0.4995
0.0832222 0.4997
0.0840286 0.4973
0.084838 0.4978
0.0856551 0.4977
0.0864714 0.498
0.0872815 0.4983
0.0880424 0.4992
0.0888866 0.5003
0.0897486 0.5005
0.0905137 0.5006
0.0912968 0.4994
0.0921298 0.4994
0.0929525 0.4999
0.0938194 0.5019
0.0946319 0.5022
0.0954928 0.5032
0.0963172 0.5026
0.0972088 0.5021
0.0980744 0.5016
0.098852 0.5012
0.0996358 0.5009
0.100469 0.5008
0.101295 0.4983
0.102113 0.499
0.102961 0.4978
0.10378 0.4963
0.104587 0.4955
0.10545 0.4971
0.106336 0.4963
0.107186 0.4961
0.108102 0.495
0.108955 0.4955
0.109783 0.4969
0.110603 0.4963
0.111418 0.4963
0.11225 0.4977
0.113146 0.4981
0.114015 0.4989
0.114946 0.4987
0.115849 0.4994
0.116728 0.5011
0.117598 0.5027
0.118463 0.5033
0.119401 0.5037
0.120284 0.5026
0.12118 0.5023
0.122154 0.5029
0.123076 0.5019
0.124002 0.5029
0.124903 0.5019
0.125797 0.5018
0.126706 0.5012
0.127615 0.5009
0.128545 0.4989
0.129444 0.4988
0.130353 0.4999
0.131248 0.4983
0.13215 0.4995
0.133063 0.4987
0.133999 0.4988
0.134961 0.4998
0.13586 0.5007
0.136785 0.5008
0.13765 0.5005
0.138539 0.5003
0.139523 0.5015
0.140452 0.5021
0.141402 0.5031
0.142283 0.5026
0.143233 0.5032
0.144173 0.5036
0.145158 0.5044
0.146109 0.5041
0.147062 0.5038
0.148085 0.502
0.149018 0.5036
0.149927 0.505
0.150908 0.5038
0.151932 0.5042
0.152932 0.5045
0.153927 0.5053
0.154871 0.5057
0.155812 0.506
0.156849 0.5055
0.157796 0.5061
0.158835 0.5059
0.159879 0.5049
0.160841 0.5053
0.16185 0.505
0.16295 0.5067
0.163988 0.5057
0.16504 0.5054
0.166015 0.5059
0.167036 0.505
0.168011 0.5049
0.169006 0.5058
0.169966 0.5065
0.170953 0.5062
0.172025 0.5052
0.172963 0.5041
0.174033 0.5037
0.175102 0.5033
0.176088 0.503
0.177151 0.5028
0.178177 0.5029
0.179232 0.5026
0.180199 0.5037
0.181343 0.5053
0.182431 0.5051
0.183425 0.5051
0.184414 0.505
0.185396 0.5035
0.186387 0.5051
0.187406 0.5042
0.188452 0.5047
0.189477 0.5031
0.190469 0.5031
0.191512 0.5025
0.192531 0.5022
0.193569 0.501
0.194645 0.5015
0.195712 0.5016
0.196717 0.5011
0.19769 0.5013
0.198715 0.5016
0.199774 0.5014
0.200966 0.5011
0.202114 0.5006
0.203141 0.4999
0.204115 0.4998
0.205147 0.5005
0.206198 0.5001
0.207362 0.5
0.208295 0.5004
0.209338 0.5008
0.210335 0.501
0.211398 0.5019
0.212548 0.5017
0.213631 0.5023
0.214843 0.5017
0.215963 0.5011
0.217229 0.5011
0.218283 0.501
0.219409 0.5005
0.220527 0.5011
0.221538 0.5024
0.222606 0.5028
0.223715 0.5026
0.224799 0.5023
0.225888 0.5014
0.22688 0.5023
0.22794 0.5022
0.228994 0.5018
0.230188 0.5015
0.231333 0.5016
0.23241 0.5001
0.233616 0.5008
0.234613 0.5003
0.235656 0.4996
0.236776 0.4998
0.237943 0.5
0.238913 0.5014
0.240139 0.5012
0.24125 0.5015
0.24241 0.5016
0.24354 0.5026
0.244617 0.5027
0.245826 0.5022
0.247085 0.5031
0.248152 0.5033
0.249376 0.5025
0.250556 0.5021
0.251722 0.5002
0.252804 0.4994
0.253835 0.4985
0.254931 0.499
0.256063 0.5008
0.257368 0.4997
0.25866 0.4998
0.259823 0.4994
0.260977 0.5008
0.262142 0.5009
0.263431 0.5003
0.264559 0.4999
0.265784 0.5003
0.266992 0.5009
0.268165 0.4998
0.269359 0.5006
0.270607 0.5014
0.271658 0.5021
0.272804 0.5022
0.274034 0.5018
0.275194 0.5015
0.276408 0.5024
0.277631 0.502
0.278722 0.5011
0.279855 0.4996
0.281077 0.4999
0.282301 0.4995
0.283514 0.499
0.284742 0.4984
0.286005 0.498
0.287185 0.4976
0.288364 0.4978
0.289571 0.4969
0.290838 0.4974
0.29206 0.4979
0.293285 0.4986
0.294582 0.4992
0.295928 0.4991
0.297224 0.4994
0.298347 0.4992
0.299632 0.4989
0.300974 0.4982
0.302249 0.4979
0.303426 0.4983
0.304802 0.4987
0.305988 0.4981
0.307243 0.4991
0.308561 0.4993
0.30983 0.5001
0.311002 0.5001
0.312299 0.5006
0.313483 0.5002
0.314692 0.5001
0.315927 0.5003
0.317194 0.5003
0.318402 0.4999
0.319704 0.5001
0.320935 0.5004
0.322117 0.5007
0.323324 0.5002
0.324386 0.4994
0.325592 0.4989
0.326871 0.4994
0.328055 0.4993
0.329155 0.4994
0.330493 0.5004
0.331906 0.5007
0.333241 0.5017
0.334442 0.5016
0.335737 0.502
0.337058 0.5021
0.338412 0.5031
0.339676 0.5022
0.340915 0.5013
0.342128 0.5014
0.343464 0.5022
0.34479 0.5014
0.34607 0.5016
0.347449 0.5024
0.348808 0.5033
0.35006 0.5039
0.351479 0.5044
0.352823 0.5041
0.354006 0.5046
0.355226 0.5052
0.356583 0.5049
0.357946 0.5042
0.359245 0.5042
0.360368 0.5047
0.361615 0.5049
0.362892 0.5054
0.364186 0.505
0.365434 0.5047
0.366651 0.5051
0.367863 0.5058
0.369106 0.5066
0.370446 0.506
0.371613 0.506
0.372877 0.5058
0.374078 0.5062
0.375374 0.5073
0.376673 0.5067
0.377788 0.5069
0.379069 0.5073
0.380222 0.5078
0.381429 0.507
0.382658 0.5068
0.383912 0.5069
0.385292 0.5071
0.386561 0.5078
0.387897 0.5071
0.389049 0.5076
0.390256 0.5079
0.391612 0.5084
0.392801 0.5079
0.39399 0.5064
0.395315 0.5069
0.396636 0.5066
0.397996 0.5066
0.399093 0.5068
0.400331 0.5077
0.401479 0.5078
0.402724 0.5078
0.403884 0.5078
0.405266 0.5081
0.406521 0.5091
0.40778 0.5105
0.409073 0.5103
0.410393 0.5108
0.411568 0.5112
0.412738 0.5117
0.413998 0.5104
0.415191 0.5121
0.416373 0.5116
0.417589 0.5118
0.418902 0.5116
0.420237 0.5115
0.421429 0.5123
0.422675 0.5126
0.423928 0.5128
0.425162 0.5137
0.426446 0.5132
0.427633 0.5131
0.428845 0.5122
0.43016 0.5132
0.431422 0.5136
0.432684 0.5134
0.433963 0.5137
0.435157 0.5146
0.436455 0.5151
0.437697 0.5156
0.438977 0.5158
0.440192 0.5165
0.441388 0.5172
0.442712 0.5182
0.44376 0.5181
0.444833 0.5178
0.446121 0.5177
0.447115 0.5186
0.448225 0.5196
0.449446 0.5194
0.450558 0.5193
0.45183 0.5195
0.452984 0.5197
0.454105 0.5198
0.455433 0.5201
0.456468 0.5207
0.457648 0.521
0.458837 0.5213
0.460002 0.5213
0.46111 0.5212
0.462403 0.5212
0.463533 0.5211
0.464529 0.5211
0.465605 0.521
0.466739 0.5207
0.467881 0.5206
0.469062 0.5205
0.470272 0.5206
0.471374 0.5203
0.472444 0.5204
0.473475 0.5204
0.474598 0.5209
0.475698 0.5217
0.476778 0.5215
0.477931 0.5216
0.478977 0.5219
0.480148 0.5223
0.481314 0.5225
0.482451 0.523
0.483647 0.5236
0.484797 0.5239
0.485882 0.524
0.486905 0.5245
0.488101 0.5244
0.489097 0.5254
0.490149 0.5257
0.491463 0.5263
0.492387 0.5257
0.493391 0.5261
0.494488 0.5259
0.495549 0.5261
0.496583 0.5272
0.497567 0.527
0.498732 0.5268
0.49966 0.5271
0.500828 0.5277
0.501868 0.5281
0.502991 0.5276
0.504177 0.5282
0.505328 0.5284
0.506322 0.5285
0.507351 0.5287
0.508513 0.5289
0.509492 0.5285
0.510629 0.5293
0.511779 0.5293
0.512875 0.5297
0.513885 0.5303
0.514867 0.5306
0.515876 0.5312
0.516987 0.5318
0.518033 0.5323
0.519072 0.5337
0.520107 0.5348
0.52114 0.535
0.522232 0.5344
0.523405 0.5345
0.524462 0.5349
0.525696 0.5353
0.526736 0.5354
0.527871 0.5358
0.528927 0.5353
0.529997 0.5356
0.531056 0.5354
0.53223 0.5362
0.533444 0.537
0.534563 0.5377
0.535573 0.538
0.536731 0.5385
0.537822 0.5388
0.539004 0.5386
0.540127 0.5384
0.541136 0.5382
0.542292 0.5381
0.543313 0.5388
0.544447 0.5382
0.545615 0.5397
0.546601 0.5399
0.547629 0.5398
0.548706 0.541
0.549732 0.5406
0.550703 0.5406
0.55178 0.5412
0.552896 0.5419
0.553978 0.5434
0.555007 0.5434
0.556159 0.544
0.55736 0.5445
0.558403 0.5444
0.559458 0.5455
0.560541 0.5456
0.561618 0.5452
0.562796 0.5453
0.563864 0.5458
0.56485 0.5461
0.566048 0.546
0.567101 0.547
0.568085 0.5473
0.569237 0.5473
0.570308 0.5482
0.571354 0.5488
0.572547 0.5495
0.57377 0.5487
0.574943 0.5498
0.576118 0.5505
0.577395 0.5511
0.578514 0.5515
0.579723 0.5514
0.580851 0.5518
0.581918 0.5524
0.583021 0.5532
0.584272 0.5535
0.585473 0.5533
0.586559 0.5535
0.587841 0.5543
0.588991 0.5551
0.590263 0.5549
0.59158 0.5558
0.592834 0.5565
0.59411 0.5578
0.595357 0.5581
0.596649 0.5582
0.597972 0.5593
0.599473 0.56
0.600716 0.5603
0.602014 0.5604
0.603447 0.5615
0.604869 0.5634
0.606412 0.5639
0.607892 0.5643
0.609219 0.5655
0.610783 0.5662
0.612299 0.5662
0.613695 0.5672
0.615144 0.5677
0.616768 0.5695
0.618343 0.5691
0.619746 0.5686
0.621303 0.5696
0.622878 0.5713
0.62443 0.5712
0.62598 0.572
0.627672 0.5723
0.629316 0.5735
0.631122 0.5752
0.632819 0.5755
0.634553 0.5768
0.636384 0.5777
0.638223 0.5792
0.640073 0.5799
0.641906 0.5811
0.643935 0.5813
0.645846 0.5824
0.647986 0.5834
0.649827 0.5849
0.651909 0.5859
0.654031 0.5868
0.656288 0.5874
0.658431 0.5874
0.660656 0.5884
0.662944 0.5895
0.665542 0.5896
0.667809 0.5915
0.670643 0.5927
0.672983 0.5944
0.675642 0.5969
0.678054 0.5971
0.680895 0.5991
0.683729 0.6013
0.686557 0.602
0.689485 0.6033
0.69257 0.6059
0.695693 0.607
0.698916 0.6091
0.702214 0.6116
0.705338 0.6125
0.709002 0.6145
0.712726 0.6173
0.716196 0.6184
0.719851 0.6202
0.723444 0.622
0.727015 0.6239
0.731075 0.6263
0.735284 0.6278
0.739969 0.6297
0.744458 0.6323
0.748855 0.6336
0.754048 0.6362
0.758969 0.6385
0.764773 0.6415
0.77052 0.6455
0.776846 0.6493
0.78278 0.6499
0.788571 0.652
0.795063 0.655
0.802432 0.6555
0.809107 0.6578
0.816652 0.66
0.824566 0.6625
0.832353 0.6651
0.840733 0.6689
0.850353 0.6707
0.859334 0.6739
0.869117 0.6786
0.87999 0.6815
0.891068 0.685
0.900976 0.6866
0.912865 0.6885
0.927236 0.691
0.942282 0.6961
0.958813 0.6989
0.97271 0.7014
0.992266 0.7049
1.01244 0.7079
1.03076 0.7121
1.0498 0.715
1.0708 0.7198
1.09772 0.726545
1.12191 0.730692
1.14888 0.732813
1.17818 0.736737
1.21127 0.739614
1.24805 0.743567
1.28586 0.748447
1.32141 0.754266
1.35708 0.756387
1.4 0.760734
1.43599 0.764718
1.48261 0.767036
1.5179 0.770761
1.54803 0.7749
1.58151 0.778019
1.61093 0.78109
1.64371 0.78443
1.66427 0.789795
1.68289 0.794833
1.69762 0.800643
1.71518 0.802412
1.71834 0.806541
1.70828 0.808038
1.68926 0.811002
1.66621 0.814969
1.63386 0.818491
1.5858 0.820748
1.54948 0.825104
1.48766 0.825011
1.43592 0.830506
1.37788 0.831489
1.3016 0.832203
1.23477 0.834
