0.013081 0.497
0.0137563 0.4959
0.0144205 0.496
0.0150819 0.4952
0.0157285 0.4958
0.0163665 0.4949
0.0170163 0.4931
0.0176779 0.4985
0.0183489 0.4973
0.0190136 0.4962
0.0196673 0.4971
0.0203356 0.4953
0.0209865 0.4957
0.0216346 0.4945
0.0222742 0.4957
0.022941 0.4994
0.0236128 0.4983
0.0242643 0.4977
0.0249126 0.4978
0.0255931 0.4974
0.0262451 0.4966
0.0269035 0.4954
0.0275826 0.4974
0.0282543 0.4968
0.0289229 0.4978
0.0296091 0.4974
0.0302876 0.5
0.0309817 0.4984
0.0316828 0.5002
0.0323749 0.5012
0.0330878 0.5018
0.0337678 0.5014
0.0344588 0.4989
0.0351659 0.5028
0.0358617 0.5034
0.0365488 0.5026
0.0372078 0.5036
0.0379151 0.5036
0.0386308 0.5019
0.0393389 0.4998
0.0400602 0.4992
0.0407647 0.4989
0.0414689 0.4992
0.0422024 0.4992
0.0429451 0.4994
0.0436702 0.5005
0.0443921 0.501
0.045107 0.5014
0.0458239 0.4997
0.0465547 0.5002
0.0473157 0.5007
0.0480517 0.5004
0.0487626 0.5002
0.0494872 0.5007
0.0502064 0.5003
0.0509349 0.4999
0.0516715 0.5021
0.0523883 0.5025
0.0531219 0.5024
0.0539066 0.5019
0.0546579 0.5015
0.0553985 0.5022
0.0561465 0.5011
0.0569102 0.5008
0.0576928 0.5017
0.0584693 0.4993
0.0592154 0.4993
0.0599979 0.5002
0.0607656 0.4993
0.0615241 0.4971
0.0623615 0.499
0.0631854 0.4987
0.0639798 0.4965
0.0647331 0.4964
0.0654616 0.4956
0.0662158 0.4954
0.0670136 0.4952
0.0678052 0.4953
0.0686255 0.4956
0.0694224 0.497
0.0702263 0.4985
0.0709928 0.498
0.0717891 0.4992
0.0725833 0.4986
0.0734032 0.4976
0.0741773 0.499
0.0750145 0.5025
0.0758125 0.5033
0.0765899 0.5027
0.0773492 0.501
0.0781893 0.4994
0.0789523 0.4985
0.0797441 0.4973
0.0805426 0.4975
0.0813726 0.4972
0.0821808 0.4985
0.0829566 0.4986
0.0837518 0.498
0.084575 0.4965
0.0854232 0.4949
0.0862895 0.4949
0.0871127 0.4942
0.0879358 0.4957
0.0887356 0.4969
0.0895438 0.498
0.0904388 0.499
0.0912956 0.5008
0.0920883 0.4986
0.0929722 0.499
0.0938704 0.4986
0.0947561 0.4997
0.0955914 0.4998
0.0964207 0.4999
0.0972622 0.4998
0.098132 0.4997
0.0989122 0.5012
0.0997244 0.5008
0.100574 0.5004
0.101442 0.5004
0.102326 0.4984
0.10321 0.4995
0.104088 0.4994
0.104993 0.5005
0.105839 0.5007
0.10668 0.5023
0.107513 0.5022
0.108377 0.5021
0.109287 0.5021
0.110182 0.5032
0.111057 0.5019
0.111956 0.5016
0.112837 0.5014
0.11378 0.5015
0.114635 0.502
0.115522 0.5031
0.11638 0.5029
0.117299 0.5019
0.118188 0.5021
0.119091 0.5026
0.119998 0.5041
0.120923 0.5044
0.121867 0.5054
0.122766 0.5055
0.123648 0.5049
0.124564 0.5063
0.125473 0.5046
0.126491 0.5054
0.127403 0.506
0.128295 0.5049
0.129212 0.505
0.130129 0.5026
0.131085 0.5043
0.131932 0.5039
0.132784 0.5037
0.1337 0.5026
0.134622 0.5024
0.135617 0.502
0.136559 0.502
0.137483 0.5016
0.138408 0.4995
0.139368 0.5004
0.140265 0.5006
0.141187 0.5006
0.142142 0.5023
0.14311 0.5016
0.143979 0.503
0.144931 0.5039
0.145865 0.5033
0.146792 0.5021
0.147766 0.5013
0.148721 0.5003
0.149703 0.5007
0.150648 0.5022
0.151647 0.5014
0.152599 0.5017
0.153565 0.502
0.154611 0.5023
0.15559 0.5039
0.156575 0.5038
0.157562 0.5039
0.158557 0.5029
0.159502 0.5028
0.160504 0.5031
0.161449 0.5023
0.162271 0.5031
0.163232 0.5027
0.164273 0.5037
0.16527 0.5024
0.166236 0.5023
0.167195 0.5032
0.1682 0.5023
0.169224 0.5012
0.170216 0.5004
0.171197 0.5007
0.1722 0.501
0.173161 0.5016
0.17414 0.5026
0.175147 0.5025
0.17615 0.503
0.17719 0.5022
0.178234 0.5019
0.17918 0.5026
0.180142 0.5041
0.181152 0.5057
0.182103 0.5055
0.183099 0.5044
0.184204 0.5045
0.185224 0.5056
0.186217 0.5052
0.187267 0.5063
0.188297 0.5075
0.189257 0.5093
0.190288 0.5088
0.191358 0.5096
0.192443 0.509
0.193438 0.5094
0.194524 0.5096
0.195548 0.5096
0.196625 0.5088
0.197699 0.5067
0.198817 0.5072
0.199923 0.5071
0.200939 0.5067
0.201999 0.507
0.203119 0.5068
0.204213 0.5067
0.205284 0.5057
0.206353 0.5064
0.207426 0.5072
0.208454 0.5059
0.209542 0.506
0.210608 0.5052
0.211648 0.5051
0.212755 0.5062
0.213873 0.5052
0.214913 0.5046
0.215916 0.505
0.21711 0.5043
0.218199 0.5042
0.219271 0.5042
0.220361 0.504
0.221367 0.5037
0.222573 0.5036
0.223866 0.5046
0.225029 0.5045
0.226216 0.5048
0.227376 0.5035
0.228469 0.5038
0.229566 0.5046
0.230697 0.504
0.231785 0.5039
0.232941 0.5037
0.234021 0.5035
0.235215 0.5042
0.236427 0.5038
0.237517 0.5033
0.23859 0.5032
0.239714 0.503
0.240955 0.5033
0.242059 0.5034
0.243104 0.5036
0.24426 0.5027
0.245389 0.5027
0.246533 0.5039
0.247642 0.504
0.24888 0.5057
0.249912 0.5067
0.251079 0.5077
0.252166 0.5085
0.253229 0.5083
0.254562 0.5088
0.255631 0.5081
0.256801 0.5075
0.258044 0.5065
0.259424 0.5068
0.2606 0.507
0.261666 0.5059
0.262971 0.5058
0.264146 0.5062
0.265309 0.5062
0.26651 0.5061
0.267754 0.5059
0.268951 0.5067
0.270134 0.5073
0.271265 0.5075
0.272412 0.5076
0.273569 0.5072
0.274813 0.5057
0.275947 0.5053
0.277185 0.5052
0.278374 0.5061
0.279628 0.5051
0.280859 0.5041
0.282074 0.5036
0.283284 0.5031
0.284673 0.5028
0.28582 0.5027
0.287063 0.5033
0.288184 0.5024
0.289321 0.503
0.290511 0.5023
0.291718 0.5025
0.293101 0.5024
0.294305 0.5028
0.295557 0.5024
0.296704 0.5031
0.2978 0.5039
0.298895 0.5028
0.300102 0.5022
0.301284 0.5019
0.302582 0.5014
0.30386 0.5028
0.304993 0.5021
0.306268 0.5027
0.307539 0.5031
0.308677 0.5031
0.309822 0.5038
0.310999 0.504
0.312303 0.504
0.313505 0.5032
0.314851 0.5033
0.316244 0.5028
0.317487 0.5038
0.318648 0.5038
0.319838 0.5037
0.320948 0.5025
0.322162 0.5028
0.323448 0.5024
0.324798 0.5022
0.326057 0.5024
0.32732 0.5026
0.328606 0.502
0.329836 0.5027
0.330983 0.5013
0.332247 0.5019
0.333361 0.5012
0.334591 0.5009
0.335865 0.5011
0.337279 0.5011
0.338749 0.5026
0.340051 0.5023
0.34135 0.5023
0.342616 0.5026
0.343797 0.5026
0.34502 0.5021
0.346136 0.5013
0.347313 0.5021
0.348564 0.5021
0.349776 0.5019
0.351112 0.5011
0.352451 0.5016
0.353544 0.5011
0.354698 0.5003
0.35577 0.5006
0.356964 0.5005
0.358289 0.5001
0.359525 0.5003
0.360809 0.4996
0.361974 0.4998
0.363297 0.5003
0.364573 0.5008
0.365875 0.5012
0.367167 0.5009
0.368384 0.5003
0.369726 0.5015
0.370916 0.5012
0.372078 0.5016
0.373212 0.5019
0.374396 0.5018
0.375476 0.5028
0.376918 0.5031
0.378164 0.504
0.379466 0.5036
0.380652 0.5035
0.381851 0.5043
0.38326 0.5047
0.384394 0.5047
0.385492 0.5046
0.386807 0.5051
0.387889 0.5051
0.389165 0.5054
0.390405 0.5059
0.391545 0.5057
0.392647 0.5053
0.393846 0.5052
0.395017 0.5058
0.396254 0.5071
0.397339 0.5072
0.398571 0.5071
0.399736 0.5064
0.401082 0.5077
0.40227 0.5079
0.403512 0.5079
0.404851 0.5073
0.406051 0.5075
0.407165 0.5071
0.408402 0.508
0.409736 0.5085
0.411098 0.5092
0.412208 0.509
0.413484 0.5092
0.414715 0.5095
0.415924 0.5098
0.41721 0.5098
0.418509 0.5098
0.419689 0.5103
0.420922 0.5113
0.422136 0.5115
0.423352 0.5117
0.424556 0.5118
0.425699 0.5114
0.42687 0.5113
0.428001 0.5115
0.429185 0.5118
0.430422 0.5121
0.431479 0.5117
0.432836 0.512
0.434012 0.5119
0.435286 0.5118
0.436528 0.5122
0.437701 0.5123
0.438946 0.5114
0.440056 0.5113
0.441141 0.5113
0.442344 0.5122
0.443499 0.5127
0.444744 0.5123
0.445941 0.5132
0.44707 0.5139
0.448418 0.5143
0.44953 0.514
0.450775 0.5146
0.451967 0.515
0.452972 0.5151
0.454044 0.5152
0.455247 0.515
0.45645 0.5143
0.457581 0.5148
0.458733 0.5148
0.460024 0.5152
0.461222 0.5158
0.462421 0.5162
0.463665 0.517
0.464771 0.5177
0.465846 0.518
0.467031 0.5178
0.468109 0.5183
0.469193 0.5185
0.470346 0.5188
0.471692 0.5191
0.472927 0.5201
0.473967 0.5206
0.475133 0.5211
0.476146 0.5217
0.477226 0.5211
0.478257 0.5226
0.479451 0.522
0.480578 0.5226
0.481688 0.5222
0.482889 0.5218
0.484086 0.5214
0.485119 0.5216
0.486393 0.5212
0.487464 0.5213
0.488542 0.5219
0.489714 0.5223
0.49079 0.5228
0.491772 0.5233
0.492792 0.5235
0.493974 0.5236
0.49502 0.5243
0.49628 0.525
0.497576 0.5244
0.498598 0.5244
0.499703 0.5247
0.500858 0.5248
0.50186 0.5249
0.502958 0.5248
0.503921 0.5255
0.504991 0.5258
0.506127 0.5267
0.507222 0.5273
0.508354 0.5271
0.50931 0.528
0.510445 0.5281
0.511679 0.5282
0.512828 0.5292
0.513937 0.5302
0.515007 0.5301
0.516043 0.5301
0.517196 0.5302
0.518327 0.5312
0.519247 0.5319
0.520271 0.5322
0.521337 0.5331
0.522411 0.5329
0.523557 0.5327
0.524566 0.533
0.525706 0.5335
0.526751 0.5345
0.527799 0.5343
0.528803 0.5348
0.529986 0.5346
0.531165 0.5342
0.532276 0.5346
0.533264 0.5348
0.534314 0.535
0.535288 0.5352
0.53633 0.5348
0.537484 0.5351
0.538633 0.5362
0.53964 0.5372
0.540753 0.5377
0.542065 0.537
0.543178 0.5374
0.544317 0.5378
0.545421 0.5375
0.546429 0.538
0.547494 0.5392
0.548571 0.5397
0.549656 0.5401
0.550614 0.5405
0.551609 0.5408
0.552675 0.5416
0.553881 0.5418
0.555002 0.5413
0.555992 0.5418
0.557189 0.5421
0.558241 0.5421
0.55938 0.5424
0.560554 0.5426
0.561664 0.543
0.562755 0.5433
0.563872 0.5436
0.564871 0.5434
0.56611 0.5443
0.567288 0.5445
0.568441 0.5453
0.569532 0.5457
0.570805 0.5462
0.571931 0.5466
0.573072 0.5478
0.574315 0.5483
0.575679 0.5488
0.576764 0.5499
0.578081 0.5496
0.579269 0.55
0.58043 0.551
0.581712 0.5517
0.583086 0.551
0.584181 0.5514
0.585293 0.5515
0.586634 0.552
0.587899 0.553
0.589244 0.5536
0.590535 0.5547
0.591632 0.5545
0.592822 0.5551
0.59417 0.5554
0.595478 0.5563
0.596956 0.557
0.598254 0.5577
0.599575 0.5583
0.600901 0.559
0.602299 0.5595
0.603546 0.5603
0.604765 0.5612
0.606199 0.5622
0.607548 0.5629
0.608979 0.5621
0.610461 0.5634
0.611989 0.5633
0.613482 0.5641
0.614968 0.5642
0.616198 0.5647
0.617669 0.5653
0.619221 0.5658
0.620738 0.5658
0.622346 0.5664
0.623795 0.5664
0.625476 0.5681
0.627088 0.5695
0.628704 0.5695
0.63032 0.5714
0.632335 0.5729
0.634108 0.5744
0.635977 0.5749
0.637835 0.5757
0.639671 0.5759
0.641517 0.5763
0.643476 0.577
0.645394 0.5774
0.647564 0.5786
0.649571 0.579
0.651443 0.5805
0.653576 0.5818
0.655777 0.5833
0.657909 0.5847
0.66012 0.5869
0.66212 0.5869
0.664559 0.5888
0.666791 0.5895
0.6691 0.5919
0.671701 0.594
0.674283 0.5964
0.676698 0.5971
0.679216 0.597
0.682091 0.5978
0.684789 0.5986
0.687816 0.5999
0.690544 0.6017
0.693442 0.6041
0.696743 0.606
0.699905 0.6081
0.703283 0.6102
0.706949 0.6133
0.710546 0.6143
0.714106 0.6163
0.717634 0.62
0.721361 0.6211
0.725257 0.6226
0.729011 0.6248
0.732628 0.6269
0.736637 0.6289
0.740837 0.6318
0.745041 0.6321
0.749904 0.6344
0.755012 0.636
0.759863 0.6388
0.765002 0.64
0.770341 0.6413
0.77586 0.6435
0.781221 0.6457
0.787717 0.648
0.794176 0.6502
0.800264 0.6534
0.807025 0.6569
0.814482 0.6614
0.82234 0.6639
0.830009 0.6668
0.839126 0.6703
0.849031 0.6736
0.859006 0.6755
0.869688 0.6799
0.880505 0.6832
0.894182 0.6871
0.906161 0.6914
0.919558 0.69507
0.934978 0.69757
0.950367 0.70197
0.966536 0.70407
0.983882 0.708771
0.999856 0.712371
1.01944 0.718244
1.03851 0.722344
1.0609 0.725245
1.08457 0.729619
1.1102 0.732766
1.13578 0.737069
1.16515 0.738639
1.19397 0.743163
1.22605 0.746091
1.25776 0.752207
1.2914 0.756599
1.32967 0.762896
1.36676 0.766526
1.40738 0.77028
1.4438 0.773415
1.48369 0.776827
1.51764 0.778472
1.55598 0.78162
1.58585 0.787069
1.61732 0.79107
1.64593 0.796071
1.6675 0.797643
1.68052 0.801221
1.69222 0.803326
1.69445 0.806229
1.69445 0.805975
1.67952 0.807389
1.66645 0.808849
1.64651 0.814725
1.62301 0.818002
1.58057 0.822485
1.53032 0.82674
1.48749 0.830685
1.42844 0.829689
1.36096 0.831531
1.28661 0.83258
1.2224 0.835156
