0.0129794 0.4976
0.0136646 0.499
0.014342 0.4943
0.0150141 0.495
0.0156715 0.4939
0.0163398 0.495
0.0170224 0.4962
0.0176697 0.4967
0.0183291 0.4984
0.0189863 0.4965
0.0196434 0.4964
0.020313 0.4979
0.0209717 0.4996
0.0216416 0.4996
0.0223078 0.5012
0.0229665 0.5042
0.0236216 0.5032
0.0242846 0.5064
0.0249153 0.5074
0.0255792 0.5093
0.0262742 0.5082
0.0269469 0.5061
0.0276433 0.5067
0.0283552 0.5078
0.0290678 0.5072
0.0297463 0.5073
0.030434 0.5052
0.0311274 0.5048
0.0317895 0.504
0.03248 0.5058
0.0331567 0.5048
0.033871 0.5054
0.0345544 0.5054
0.0352418 0.5068
0.0359526 0.5073
0.0366555 0.5068
0.0373627 0.507
0.0380729 0.5073
0.038785 0.5081
0.0394934 0.508
0.040189 0.5081
0.0408816 0.5076
0.0416034 0.5079
0.0423224 0.5056
0.0430403 0.5053
0.0437296 0.5059
0.0444396 0.5053
0.045149 0.5055
0.0458692 0.5043
0.0465928 0.504
0.0472946 0.5045
0.0480313 0.5054
0.0487414 0.505
0.0494626 0.5051
0.0501789 0.5037
0.0509211 0.5025
0.05165 0.5021
0.0523735 0.5045
0.0531443 0.504
0.0539055 0.5041
0.0547062 0.5044
0.0554683 0.5056
0.0562067 0.505
0.0569679 0.5053
0.0576876 0.5037
0.0584539 0.5022
0.0591767 0.5015
0.0599044 0.5033
0.0606765 0.5048
0.0614009 0.5034
0.0621405 0.5022
0.0629133 0.5001
0.06369 0.4981
0.0644626 0.4975
0.0652312 0.4967
0.0659495 0.4963
0.0667218 0.4965
0.0674614 0.496
0.0682357 0.4978
0.0690292 0.4991
0.069862 0.4984
0.0706865 0.496
0.0714712 0.4963
0.0722578 0.4978
0.0730492 0.4974
0.0738824 0.4977
0.0746892 0.4987
0.0755007 0.5001
0.0763023 0.5012
0.0770705 0.5022
0.077905 0.501
0.0786827 0.5023
0.0794653 0.5014
0.0802783 0.5015
0.0811014 0.5011
0.0819202 0.5018
0.0827142 0.5019
0.0835006 0.5028
0.0843035 0.5045
0.0851055 0.5029
0.0859487 0.5037
0.086789 0.5045
0.0875928 0.5039
0.0883982 0.5042
0.0892593 0.5026
0.0900954 0.5017
0.0909632 0.5017
0.0917758 0.5009
0.0926321 0.5007
0.0935145 0.5017
0.0942733 0.5021
0.0950856 0.5032
0.0959207 0.5032
0.0967486 0.5014
0.097589 0.5009
0.0984303 0.5007
0.0992708 0.5017
0.100131 0.5027
0.101006 0.5006
0.101835 0.4999
0.102675 0.4988
0.103572 0.499
0.104453 0.4963
0.105298 0.4958
0.106147 0.4955
0.107037 0.4956
0.107917 0.4956
0.108786 0.4953
0.109672 0.4969
0.110548 0.4961
0.111461 0.4944
0.11235 0.4943
0.113248 0.4959
0.114206 0.4956
0.115095 0.4947
0.115977 0.4948
0.116884 0.4941
0.117756 0.4947
0.11858 0.4948
0.119438 0.4934
0.12036 0.4937
0.121298 0.4939
0.122168 0.4957
0.123048 0.4967
0.123952 0.4969
0.124814 0.4971
0.125704 0.4971
0.126663 0.4974
0.127566 0.4974
0.128491 0.4981
0.129378 0.4985
0.130295 0.4965
0.131294 0.4963
0.132319 0.4962
0.133268 0.494
0.134124 0.4938
0.1351 0.4948
0.136033 0.4948
0.136967 0.4948
0.137933 0.4952
0.13886 0.4936
0.139855 0.494
0.140785 0.4935
0.141761 0.494
0.142657 0.4961
0.14352 0.4961
0.144423 0.4962
0.145323 0.4952
0.146303 0.4952
0.147244 0.4959
0.148186 0.4946
0.14911 0.4937
0.150081 0.4941
0.151021 0.4942
0.152 0.4952
0.152979 0.4952
0.154 0.4952
0.15502 0.4965
0.155995 0.4952
0.156928 0.4951
0.157951 0.4955
0.158918 0.4952
0.159835 0.496
0.1608 0.4962
0.161727 0.4969
0.162687 0.4966
0.163668 0.4959
0.164712 0.4964
0.165705 0.4971
0.166642 0.4973
0.167637 0.4969
0.168608 0.4979
0.169624 0.4978
0.170571 0.4984
0.171556 0.4984
0.172591 0.498
0.173566 0.497
0.174537 0.497
0.175531 0.4986
0.176461 0.4984
0.177478 0.4976
0.17845 0.4979
0.179527 0.4983
0.180561 0.4967
0.181584 0.4949
0.182584 0.4964
0.183672 0.4962
0.184692 0.4962
0.18587 0.4956
0.186937 0.4957
0.187981 0.4961
0.188967 0.4959
0.189949 0.4958
0.19096 0.4944
0.192026 0.4954
0.193013 0.4938
0.194037 0.4935
0.195071 0.4935
0.196196 0.4941
0.197258 0.494
0.198264 0.4926
0.199213 0.4928
0.200289 0.4931
0.201419 0.4934
0.202399 0.4935
0.203462 0.4922
0.204496 0.4936
0.205456 0.4923
0.206503 0.4917
0.20761 0.4915
0.20874 0.4916
0.209767 0.491
0.210901 0.4927
0.211902 0.4937
0.212925 0.4939
0.213976 0.494
0.215083 0.4952
0.216278 0.4956
0.217411 0.4958
0.218437 0.4953
0.219499 0.4952
0.220634 0.4947
0.221699 0.4935
0.22276 0.494
0.2238 0.4944
0.224902 0.4948
0.226025 0.4946
0.227108 0.4948
0.228284 0.4954
0.229384 0.4958
0.230498 0.495
0.231517 0.4936
0.232652 0.4935
0.233868 0.4935
0.234901 0.4928
0.236049 0.4939
0.237186 0.4942
0.238346 0.4932
0.239524 0.4932
0.240557 0.4933
0.241734 0.4937
0.242904 0.4937
0.244041 0.4949
0.245266 0.495
0.246544 0.4958
0.247684 0.4958
0.248858 0.4959
0.249965 0.4963
0.251048 0.4964
0.252281 0.4962
0.253479 0.4952
0.25469 0.4957
0.255815 0.4971
0.256976 0.4977
0.258131 0.4976
0.259301 0.4981
0.260571 0.498
0.261825 0.4986
0.262952 0.4979
0.26402 0.497
0.265106 0.4966
0.266341 0.4969
0.267512 0.4978
0.268749 0.498
0.269924 0.4975
0.271172 0.4965
0.272402 0.4957
0.273666 0.4947
0.274862 0.4952
0.275938 0.4957
0.277211 0.496
0.278449 0.4949
0.279578 0.4956
0.280812 0.4941
0.282129 0.4927
0.283229 0.4937
0.284397 0.4935
0.285443 0.4945
0.286578 0.4947
0.28781 0.4963
0.289071 0.4963
0.29032 0.4976
0.291529 0.4986
0.292859 0.4984
0.294134 0.4992
0.29533 0.4993
0.296537 0.4992
0.297682 0.4997
0.298905 0.4985
0.300055 0.4984
0.30145 0.4981
0.302773 0.4972
0.304123 0.4971
0.305281 0.4978
0.306443 0.4972
0.307735 0.4969
0.308915 0.4977
0.310103 0.4972
0.311338 0.4966
0.312495 0.4961
0.313643 0.4961
0.314914 0.4962
0.316129 0.4975
0.317324 0.4964
0.318598 0.4962
0.319869 0.4953
0.321098 0.4963
0.322464 0.4965
0.323776 0.4964
0.325015 0.4967
0.326318 0.4957
0.327574 0.4956
0.328709 0.4959
0.329907 0.4961
0.33118 0.4966
0.332511 0.4966
0.33381 0.4973
0.335097 0.4971
0.336391 0.4983
0.33759 0.498
0.338862 0.4981
0.340216 0.4967
0.341485 0.4975
0.342826 0.4968
0.344168 0.4975
0.345594 0.4974
0.3468 0.4979
0.348021 0.498
0.34915 0.4971
0.350646 0.4963
0.352043 0.4964
0.353333 0.4957
0.354529 0.497
0.355757 0.4976
0.356882 0.4968
0.358043 0.4971
0.35944 0.497
0.360688 0.4972
0.36198 0.497
0.363421 0.4974
0.364695 0.4984
0.365985 0.4987
0.367325 0.4981
0.368624 0.4973
0.369751 0.4967
0.370997 0.4983
0.372163 0.4992
0.373394 0.4981
0.374626 0.4984
0.375763 0.4978
0.376979 0.4983
0.378228 0.4984
0.379509 0.4986
0.380668 0.4977
0.381839 0.4985
0.382967 0.4985
0.384143 0.4987
0.385448 0.4985
0.386692 0.4995
0.387984 0.4991
0.389263 0.4981
0.390625 0.4987
0.39187 0.4983
0.393145 0.4979
0.394413 0.4982
0.395644 0.4988
0.397014 0.4992
0.398309 0.4999
0.399436 0.4993
0.400702 0.4987
0.401982 0.4991
0.403207 0.4999
0.404317 0.5005
0.405461 0.5004
0.406701 0.5002
0.407959 0.5008
0.409157 0.5005
0.410374 0.5011
0.411673 0.5017
0.412841 0.5019
0.414058 0.5015
0.415303 0.5019
0.416528 0.5015
0.417712 0.5021
0.418837 0.5023
0.420079 0.5028
0.42136 0.5019
0.422546 0.5021
0.423642 0.5023
0.42494 0.5021
0.426002 0.5021
0.427158 0.5022
0.428394 0.5025
0.429519 0.503
0.430636 0.5034
0.431848 0.5029
0.433199 0.5032
0.4343 0.5034
0.435343 0.5041
0.436642 0.5038
0.437835 0.5033
0.439187 0.5036
0.440356 0.5037
0.441477 0.5044
0.442753 0.5053
0.443915 0.5055
0.445162 0.5052
0.446367 0.5047
0.447601 0.5058
0.448796 0.5049
0.449975 0.5051
0.451185 0.5061
0.452431 0.5075
0.453622 0.5076
0.454703 0.5077
0.455937 0.5077
0.457083 0.5085
0.458237 0.5094
0.45944 0.5087
0.46067 0.5091
0.461889 0.5101
0.463028 0.5104
0.464272 0.5106
0.465425 0.511
0.46668 0.5114
0.467908 0.5125
0.469018 0.5124
0.470235 0.5121
0.471354 0.5118
0.472606 0.5122
0.473858 0.5125
0.475011 0.5129
0.476107 0.5121
0.477283 0.5121
0.478438 0.5121
0.47967 0.5122
0.480774 0.5128
0.481826 0.5127
0.482918 0.5139
0.484023 0.5147
0.485295 0.5146
0.486387 0.5151
0.487617 0.515
0.488715 0.5157
0.489818 0.5164
0.49084 0.5169
0.49206 0.5168
0.493164 0.5175
0.494321 0.5175
0.495492 0.5174
0.496594 0.5183
0.497824 0.5195
0.498908 0.5194
0.500019 0.5201
0.500982 0.5207
0.502 0.5197
0.503081 0.5202
0.504086 0.5203
0.505077 0.5207
0.506184 0.5207
0.507343 0.5204
0.508464 0.5208
0.509465 0.521
0.510576 0.5216
0.5117 0.5213
0.512843 0.5219
0.513954 0.5222
0.515161 0.5226
0.516233 0.5232
0.517365 0.5235
0.518411 0.5252
0.519388 0.525
0.520432 0.5251
0.521411 0.5256
0.522443 0.5257
0.523517 0.5264
0.524604 0.5268
0.525775 0.527
0.526896 0.528
0.527997 0.5281
0.528994 0.5282
0.530078 0.5279
0.531113 0.5288
0.53223 0.5292
0.533294 0.5297
0.534358 0.5302
0.535417 0.5304
0.536498 0.5304
0.537499 0.5296
0.538462 0.5307
0.539537 0.5299
0.540663 0.5297
0.541636 0.53
0.542673 0.5311
0.543688 0.5322
0.54481 0.533
0.5459 0.533
0.547015 0.5338
0.548149 0.5339
0.549292 0.5342
0.550343 0.5341
0.55133 0.5348
0.552428 0.5362
0.553545 0.5364
0.554594 0.5361
0.555626 0.5359
0.556706 0.536
0.557766 0.5366
0.558899 0.5368
0.559912 0.5366
0.561068 0.5366
0.562144 0.5373
0.563201 0.5378
0.564248 0.5376
0.565291 0.5382
0.566447 0.5382
0.56778 0.5386
0.569096 0.5393
0.570197 0.5395
0.571372 0.54
0.572565 0.5401
0.57371 0.5402
0.57476 0.54
0.57596 0.5409
0.577107 0.5424
0.578192 0.5427
0.579457 0.5423
0.580656 0.5429
0.581812 0.544
0.582982 0.5446
0.584268 0.5442
0.585522 0.5455
0.586836 0.5454
0.588032 0.5461
0.58921 0.547
0.590516 0.5465
0.591765 0.5475
0.593028 0.5476
0.594382 0.5483
0.595618 0.5491
0.596824 0.5487
0.598217 0.5506
0.599519 0.5507
0.600852 0.5513
0.602136 0.5517
0.603628 0.5524
0.605007 0.5527
0.606399 0.5538
0.607811 0.5539
0.609269 0.5543
0.610795 0.5561
0.612179 0.5565
0.613609 0.5578
0.615035 0.5585
0.616494 0.5587
0.618201 0.559
0.619708 0.5601
0.621302 0.5606
0.622708 0.5613
0.624296 0.5624
0.625876 0.5617
0.627431 0.5631
0.629024 0.5632
0.630706 0.5642
0.632362 0.5645
0.633893 0.5653
0.63562 0.5651
0.637269 0.5654
0.639063 0.5667
0.641156 0.5676
0.643207 0.5691
0.645145 0.5705
0.647149 0.5721
0.649047 0.5736
0.650879 0.5739
0.65296 0.575
0.655108 0.5756
0.657113 0.5768
0.659344 0.5783
0.661658 0.5787
0.663882 0.5797
0.666211 0.5808
0.668726 0.5834
0.671356 0.5855
0.673686 0.5879
0.676157 0.5908
0.678817 0.5928
0.681569 0.5938
0.68428 0.5946
0.686738 0.594
0.689353 0.5946
0.692339 0.5962
0.695381 0.597
0.698203 0.5996
0.701311 0.6007
0.704685 0.603
0.708118 0.6058
0.712166 0.6085
0.715746 0.61
0.719262 0.6125
0.723231 0.6154
0.727722 0.6184
0.732165 0.6212
0.736758 0.6235
0.740618 0.6254
0.74509 0.6271
0.750396 0.6304
0.754933 0.6315
0.759781 0.6329
0.765005 0.6355
0.770379 0.6373
0.776756 0.64
0.783347 0.643
0.789816 0.6454
0.797152 0.6482
0.804424 0.6507
0.811457 0.6539
0.818982 0.6573
0.826537 0.6595
0.833643 0.6625
0.841317 0.6654
0.850368 0.6699
0.860504 0.6738
0.871557 0.6765
0.88245 0.6798
0.894917 0.6834
0.907316 0.6865
0.91937 0.6909
0.933175 0.692
0.948489 0.6935
0.963884 0.6967
0.98124 0.7003
0.99674 0.7029
1.01495 0.7056
1.03385 0.709671
1.05571 0.716543
1.07728 0.721316
1.09882 0.726018
1.12509 0.730665
1.15045 0.734767
1.1859 0.736268
1.22048 0.741241
1.253 0.743739
1.29028 0.749248
1.32525 0.754263
1.36311 0.759494
1.40254 0.763137
1.43988 0.766179
1.47685 0.771
1.51703 0.773635
1.55968 0.774626
1.59712 0.780983
1.63098 0.784112
1.66466 0.787774
1.68443 0.790398
1.71327 0.792646
1.73226 0.797368
1.73655 0.80202
1.72968 0.805049
1.71982 0.807683
1.70688 0.811688
1.67613 0.816025
1.64117 0.820933
1.59447 0.823111
1.55032 0.829164
1.49808 0.831478
1.43607 0.834234
1.37432 0.836406
1.29983 0.837243
1.23916 0.83792
