0.013025 0.4963
0.0137004 0.4986
0.0143636 0.4963
0.0150358 0.4966
0.0157096 0.496
0.0163636 0.4941
0.0170248 0.4947
0.0176819 0.496
0.0183472 0.4947
0.0190145 0.4963
0.0196687 0.4975
0.0203138 0.4979
0.0209739 0.4983
0.0216362 0.4968
0.0222856 0.4994
0.022949 0.4994
0.0235999 0.5
0.0242579 0.4979
0.0249275 0.4962
0.0255986 0.4976
0.0262564 0.5008
0.026926 0.5018
0.0276048 0.5007
0.0282765 0.4988
0.0289725 0.4981
0.0296489 0.4978
0.0303413 0.4974
0.0310067 0.4981
0.0316785 0.4993
0.0323698 0.4972
0.0330669 0.4963
0.0337495 0.4956
0.0344495 0.4962
0.0351545 0.4961
0.0358324 0.4952
0.0365417 0.4956
0.0372049 0.4949
0.0379045 0.4936
0.0386278 0.4949
0.0392937 0.4946
0.0399937 0.4957
0.0407181 0.4961
0.0414421 0.4984
0.0421513 0.4987
0.0428574 0.5
0.043556 0.4988
0.0442722 0.4986
0.0449554 0.4985
0.0456917 0.4982
0.0464146 0.4969
0.0471261 0.4972
0.0478388 0.4976
0.0485807 0.4984
0.0493088 0.4989
0.050055 0.5035
0.0507996 0.5061
0.0515595 0.5044
0.0522859 0.5035
0.0530234 0.5054
0.0537636 0.505
0.0545048 0.5059
0.0552729 0.5035
0.0560551 0.5023
0.0568032 0.5033
0.0575538 0.5029
0.0582673 0.503
0.0590185 0.5023
0.0597807 0.501
0.0605579 0.5031
0.0613514 0.5044
0.0620994 0.5026
0.0628436 0.5015
0.063612 0.5005
0.064376 0.5006
0.0651649 0.4998
0.0659563 0.5005
0.0667113 0.5002
0.0674963 0.5013
0.0683098 0.502
0.0690669 0.5003
0.069847 0.5007
0.0706207 0.4996
0.0714183 0.5011
0.072234 0.4991
0.0730294 0.5008
0.0738198 0.5008
0.0746277 0.5013
0.0754583 0.5012
0.0762367 0.5023
0.0770534 0.5015
0.0778677 0.5016
0.0786613 0.5007
0.0795163 0.499
0.0802799 0.4986
0.0810976 0.5007
0.0818612 0.4991
0.0826588 0.4993
0.0834463 0.4999
0.0842372 0.4979
0.0850208 0.5001
0.0858475 0.5001
0.0866552 0.5003
0.0874538 0.502
0.0882603 0.5025
0.0890655 0.5014
0.0898891 0.5002
0.0907194 0.5013
0.0915832 0.5016
0.0924461 0.501
0.0933414 0.5015
0.0941425 0.5018
0.0949577 0.5002
0.0958129 0.4998
0.0966348 0.4987
0.0974772 0.4982
0.0983465 0.4983
0.0992064 0.498
0.100074 0.4981
0.100948 0.4985
0.101817 0.4992
0.102751 0.4976
0.10366 0.4976
0.104524 0.496
0.105447 0.4972
0.106381 0.4971
0.10728 0.4956
0.108176 0.4951
0.10911 0.4945
0.109971 0.4947
0.110903 0.4955
0.111817 0.4964
0.112663 0.4959
0.11356 0.4958
0.114438 0.4951
0.11537 0.4956
0.116318 0.4966
0.117254 0.4972
0.118133 0.4974
0.118985 0.4966
0.119862 0.4946
0.12081 0.494
0.121692 0.4946
0.122643 0.4938
0.123545 0.4938
0.124478 0.4942
0.125382 0.4939
0.126303 0.4926
0.127233 0.4932
0.128166 0.4928
0.129136 0.4927
0.130063 0.4947
0.130907 0.4942
0.131829 0.4942
0.132725 0.4937
0.133713 0.4916
0.134626 0.4928
0.135596 0.4946
0.136492 0.4948
0.137467 0.4949
0.138411 0.4948
0.139451 0.4939
0.140385 0.4955
0.141267 0.4957
0.142184 0.4957
0.143112 0.4955
0.14403 0.496
0.144875 0.4952
0.145946 0.4958
0.146927 0.4959
0.14788 0.4967
0.148793 0.4973
0.149832 0.4983
0.150751 0.4984
0.151675 0.4978
0.152581 0.4985
0.153531 0.4975
0.15451 0.4963
0.155592 0.4967
0.156579 0.496
0.157541 0.4967
0.15852 0.4969
0.159541 0.498
0.160486 0.4979
0.161525 0.4984
0.162532 0.4988
0.163618 0.5001
0.164614 0.4998
0.165594 0.4994
0.16652 0.4999
0.167594 0.5003
0.168585 0.4994
0.169583 0.4995
0.17071 0.4989
0.171674 0.4992
0.17269 0.4985
0.173651 0.4986
0.174625 0.4987
0.175606 0.4992
0.176658 0.4995
0.177652 0.5001
0.178566 0.4994
0.179562 0.5002
0.180582 0.5002
0.181599 0.4992
0.182654 0.499
0.183616 0.5001
0.184626 0.4993
0.185665 0.499
0.186709 0.5002
0.187693 0.5004
0.188725 0.5008
0.18978 0.501
0.190802 0.5009
0.191912 0.5008
0.192973 0.4997
0.194016 0.5
0.194919 0.5006
0.195983 0.5004
0.197113 0.5008
0.19825 0.5008
0.199274 0.5014
0.20028 0.5012
0.20138 0.5006
0.202401 0.5019
0.20346 0.5034
0.204507 0.5028
0.205524 0.5017
0.20659 0.5008
0.207686 0.5009
0.208658 0.5014
0.20982 0.5033
0.210937 0.5045
0.211965 0.5047
0.212951 0.5043
0.214051 0.5028
0.215093 0.5023
0.216268 0.5018
0.21738 0.5019
0.218364 0.5019
0.219475 0.5013
0.220606 0.5012
0.221727 0.5012
0.222883 0.5024
0.224107 0.5032
0.225273 0.5027
0.226388 0.5009
0.227478 0.5015
0.228539 0.5018
0.229759 0.5025
0.230927 0.5008
0.232082 0.5013
0.233255 0.5002
0.23445 0.5008
0.235514 0.5021
0.236652 0.5017
0.237782 0.5011
0.238975 0.5015
0.240049 0.5004
0.241093 0.5007
0.242341 0.5011
0.243374 0.5005
0.244561 0.5006
0.245664 0.5015
0.24682 0.5016
0.247849 0.5017
0.248986 0.5012
0.250205 0.5013
0.251263 0.5015
0.252473 0.5027
0.253515 0.5024
0.254599 0.503
0.255696 0.503
0.256858 0.5025
0.258007 0.5029
0.259203 0.5023
0.260502 0.5022
0.261677 0.5026
0.262919 0.503
0.264054 0.5024
0.265183 0.5033
0.266293 0.5031
0.26751 0.503
0.268685 0.5048
0.269882 0.5048
0.271026 0.5049
0.272213 0.5046
0.273585 0.5053
0.274718 0.5057
0.275984 0.5058
0.277248 0.5063
0.278297 0.5052
0.279478 0.5058
0.280617 0.5049
0.281812 0.5052
0.28309 0.5056
0.284387 0.5066
0.28554 0.5071
0.286711 0.5083
0.288037 0.5091
0.289199 0.5075
0.290409 0.5079
0.291524 0.5072
0.292744 0.5081
0.293899 0.5069
0.295136 0.5078
0.296253 0.5077
0.297532 0.5082
0.298924 0.5077
0.300191 0.5088
0.301485 0.5094
0.302655 0.5097
0.303853 0.5095
0.305145 0.5089
0.306288 0.5085
0.307489 0.5081
0.308751 0.5091
0.309936 0.509
0.311152 0.509
0.31229 0.5097
0.313655 0.5096
0.314923 0.5107
0.316193 0.5104
0.317436 0.5109
0.318595 0.5115
0.319887 0.5122
0.321207 0.5107
0.322535 0.5114
0.323897 0.5107
0.324964 0.5102
0.326153 0.5104
0.327393 0.5092
0.328565 0.5083
0.329751 0.508
0.33093 0.5086
0.332293 0.5081
0.333558 0.5075
0.334894 0.5076
0.336105 0.5075
0.33729 0.5073
0.338529 0.5071
0.339701 0.5074
0.340978 0.5075
0.342111 0.5074
0.343336 0.5073
0.344614 0.5073
0.345805 0.5075
0.34713 0.5067
0.34822 0.507
0.349458 0.5061
0.350825 0.5056
0.352072 0.5058
0.3532 0.5071
0.354556 0.5075
0.355928 0.507
0.357153 0.5074
0.358465 0.5081
0.359709 0.5078
0.361013 0.5073
0.362315 0.5071
0.363566 0.5073
0.364886 0.5077
0.366035 0.509
0.367361 0.5096
0.368669 0.5088
0.369797 0.5093
0.370905 0.5091
0.372162 0.5087
0.373326 0.5093
0.374781 0.5083
0.37606 0.5084
0.377325 0.5093
0.378541 0.5096
0.379898 0.5102
0.381211 0.51
0.382718 0.5095
0.383844 0.5099
0.38506 0.5099
0.386135 0.5096
0.387503 0.5094
0.38879 0.51
0.39005 0.5097
0.391248 0.51
0.392493 0.51
0.393661 0.5102
0.394703 0.5106
0.396041 0.5113
0.397176 0.5115
0.398384 0.512
0.399529 0.5123
0.400933 0.5118
0.402054 0.5118
0.403242 0.5124
0.404435 0.5133
0.405671 0.5133
0.406865 0.5145
0.408076 0.5148
0.409248 0.5148
0.410237 0.5142
0.411531 0.5149
0.412813 0.5147
0.414042 0.5148
0.415139 0.5145
0.41638 0.5152
0.417705 0.5144
0.418988 0.5146
0.420214 0.5147
0.421319 0.5149
0.422591 0.514
0.423723 0.5136
0.424975 0.5141
0.426326 0.5143
0.427412 0.5144
0.428576 0.5149
0.429825 0.5151
0.430916 0.5158
0.432002 0.5157
0.433064 0.516
0.434332 0.5155
0.435588 0.5155
0.436686 0.5159
0.437824 0.5168
0.438975 0.5171
0.44004 0.5163
0.441354 0.5172
0.442571 0.5176
0.443802 0.5175
0.444905 0.5185
0.446208 0.5176
0.447305 0.5179
0.448495 0.5181
0.449716 0.5183
0.450867 0.5187
0.451992 0.5189
0.453242 0.5189
0.454367 0.5195
0.45547 0.5201
0.456575 0.5204
0.457751 0.5207
0.458965 0.521
0.460163 0.5213
0.461391 0.5205
0.462482 0.5211
0.463577 0.5215
0.464711 0.5224
0.465812 0.5224
0.467058 0.5223
0.468254 0.5231
0.469509 0.5231
0.470635 0.5227
0.471835 0.5235
0.473035 0.5237
0.474227 0.5246
0.475246 0.5247
0.47644 0.5251
0.477583 0.5254
0.478664 0.5263
0.479829 0.5265
0.480952 0.5269
0.482071 0.527
0.483095 0.5282
0.484257 0.5274
0.485467 0.5281
0.486589 0.5287
0.487773 0.5293
0.488975 0.5294
0.490159 0.5294
0.491279 0.5295
0.492383 0.5297
0.49351 0.53
0.494575 0.5306
0.4957 0.531
0.496787 0.5313
0.497818 0.5315
0.498845 0.5317
0.499912 0.5318
0.501128 0.5325
0.502255 0.5327
0.503369 0.5337
0.50435 0.5337
0.505377 0.5343
0.506423 0.5339
0.507433 0.5346
0.508657 0.5349
0.509639 0.5344
0.510757 0.5344
0.511847 0.5345
0.512804 0.5344
0.51393 0.5346
0.515029 0.5348
0.516256 0.5347
0.517321 0.5352
0.518346 0.5345
0.519382 0.5347
0.520585 0.5349
0.521698 0.5348
0.522898 0.5356
0.524155 0.5369
0.525213 0.5375
0.526445 0.537
0.527625 0.5369
0.528748 0.5379
0.529895 0.5384
0.530975 0.539
0.531936 0.5388
0.533043 0.5388
0.53417 0.5396
0.535238 0.5397
0.536231 0.5398
0.537397 0.5402
0.538557 0.54
0.539596 0.5405
0.540676 0.5417
0.541699 0.5411
0.542762 0.5416
0.543846 0.5424
0.544841 0.5428
0.545901 0.5428
0.546942 0.5432
0.548227 0.5433
0.549354 0.5444
0.550461 0.5447
0.551673 0.5451
0.552748 0.5457
0.553743 0.546
0.55479 0.5461
0.555764 0.5466
0.556914 0.5476
0.557935 0.5482
0.559075 0.5481
0.560128 0.549
0.561209 0.5498
0.562313 0.5491
0.563405 0.5502
0.564568 0.5509
0.565633 0.5509
0.566663 0.5509
0.567721 0.5515
0.568826 0.5522
0.56993 0.5523
0.571107 0.5528
0.572235 0.5536
0.573393 0.5547
0.574584 0.5546
0.575822 0.5547
0.577022 0.5552
0.578143 0.5558
0.579349 0.5565
0.580528 0.5567
0.581825 0.5571
0.582928 0.5572
0.584106 0.5573
0.58524 0.5578
0.586386 0.5582
0.587696 0.5592
0.58899 0.5592
0.590158 0.56
0.591466 0.5607
0.592507 0.5611
0.593896 0.5618
0.595155 0.5631
0.596457 0.5636
0.597657 0.5642
0.599 0.5644
0.600212 0.5647
0.60159 0.5655
0.603029 0.5664
0.604558 0.5666
0.60615 0.5662
0.607614 0.5672
0.609083 0.5682
0.610739 0.5692
0.612129 0.57
0.613658 0.5705
0.615055 0.5711
0.616525 0.5714
0.618044 0.5722
0.619547 0.5731
0.621009 0.573
0.622722 0.5733
0.624409 0.5737
0.625953 0.5747
0.627485 0.5751
0.629122 0.5744
0.630753 0.5746
0.632632 0.5755
0.634284 0.5763
0.635902 0.5773
0.637917 0.5781
0.639488 0.5784
0.641344 0.5797
0.643154 0.579
0.644965 0.5806
0.646806 0.5822
0.64863 0.5839
0.65084 0.5865
0.652846 0.5877
0.655049 0.5881
0.657089 0.5888
0.659176 0.5894
0.661589 0.5914
0.664043 0.5925
0.66607 0.5932
0.668306 0.5941
0.670527 0.5937
0.673041 0.5975
0.675895 0.5983
0.678253 0.5983
0.680913 0.5988
0.68344 0.6001
0.686618 0.6014
0.689682 0.6034
0.692504 0.6053
0.695189 0.6062
0.698276 0.6069
0.701172 0.6084
0.704218 0.6106
0.707602 0.613
0.711095 0.6137
0.714741 0.6167
0.718836 0.6202
0.722375 0.6219
0.72615 0.6248
0.729958 0.627
0.734489 0.6292
0.738893 0.6306
0.743735 0.6339
0.748563 0.6357
0.753152 0.6388
0.757592 0.6397
0.762746 0.6408
0.768634 0.6429
0.774555 0.6468
0.780119 0.6479
0.785365 0.6492
0.791503 0.6505
0.798147 0.6519
0.805497 0.6539
0.812343 0.6572
0.81922 0.6589
0.827384 0.6603
0.837013 0.6631
0.846148 0.6666
0.854959 0.669
0.866025 0.6737
0.876429 0.677
0.888953 0.6802
0.901109 0.6833
0.914636 0.6852
0.92914 0.6894
0.942814 0.6952
0.95882 0.6988
0.973948 0.7028
0.991753 0.7064
1.00893 0.7089
1.0302 0.7119
1.05154 0.7143
1.07549 0.7186
1.10034 0.723972
1.12714 0.727318
1.1549 0.732286
1.18358 0.734882
1.21263 0.738734
1.24376 0.741706
1.27903 0.745688
1.31411 0.750577
1.35862 0.752841
1.39558 0.759351
1.43477 0.763123
1.47366 0.765392
1.51192 0.770691
1.54452 0.774892
1.57722 0.77987
1.61471 0.784692
1.64501 0.788906
1.66605 0.792612
1.68588 0.795003
1.7016 0.799338
1.71487 0.80263
1.70531 0.807768
1.6967 0.810682
1.67865 0.815426
1.66707 0.818056
1.64334 0.822182
1.60887 0.822463
1.55836 0.830001
1.51259 0.83259
1.45653 0.835837
1.40075 0.835971
1.3355 0.835614
1.25493 0.837472
