0.0129558 0.5088
0.0136416 0.5079
0.0143036 0.5101
0.0149577 0.5098
0.0156093 0.5079
0.0162732 0.5059
0.0169256 0.5057
0.0175825 0.5066
0.0182608 0.5051
0.0189115 0.5043
0.0195826 0.5007
0.02024 0.504
0.0209018 0.5019
0.0215644 0.5028
0.0222381 0.5029
0.0229007 0.5035
0.0235572 0.5037
0.0242142 0.5049
0.0248644 0.5044
0.0255557 0.5025
0.0262475 0.5025
0.0269218 0.5021
0.0276156 0.5022
0.0282862 0.5034
0.0289504 0.5021
0.0296294 0.5009
0.0303133 0.5029
0.0309951 0.5028
0.0316848 0.5035
0.0323615 0.5035
0.0330435 0.5054
0.0337033 0.5054
0.0343713 0.5028
0.0350556 0.5041
0.0357332 0.5043
0.0364123 0.5053
0.0371104 0.5051
0.03782 0.5033
0.0385064 0.503
0.039233 0.5026
0.0399292 0.502
0.0406147 0.5029
0.0413212 0.5014
0.042026 0.5013
0.0427651 0.5013
0.0434556 0.5008
0.0441712 0.5033
0.0448498 0.5048
0.0455796 0.5033
0.0462841 0.5027
0.0469984 0.5052
0.0477398 0.5041
0.0484615 0.5069
0.0492182 0.5063
0.0499588 0.5053
0.0506912 0.5062
0.0514236 0.5061
0.0521524 0.5046
0.0529092 0.5052
0.0536583 0.5042
0.0544151 0.5051
0.0551215 0.5047
0.0558621 0.5048
0.0566172 0.5041
0.0573697 0.504
0.058129 0.5056
0.0588561 0.5065
0.0596553 0.5054
0.0604052 0.5053
0.0611695 0.5037
0.0620173 0.5045
0.062811 0.5037
0.0636245 0.5047
0.064394 0.5036
0.0651819 0.5028
0.0659561 0.5041
0.0667162 0.5036
0.0675057 0.5043
0.0682734 0.5036
0.0690556 0.5033
0.069832 0.5039
0.070631 0.5049
0.0713797 0.5048
0.0721479 0.5057
0.0729342 0.5056
0.0737268 0.5042
0.0745341 0.5054
0.0753271 0.5051
0.0761207 0.5051
0.0769151 0.5049
0.0777487 0.5056
0.0785462 0.5054
0.0793272 0.504
0.0801333 0.5049
0.0809164 0.505
0.0817184 0.5064
0.0825489 0.5051
0.0833521 0.5055
0.0841166 0.5071
0.0849258 0.5065
0.0857837 0.5078
0.0866695 0.5081
0.0874825 0.5092
0.0883274 0.5082
0.0891691 0.5069
0.0900353 0.5067
0.0908894 0.5068
0.0917181 0.5057
0.0925674 0.5074
0.0933639 0.5063
0.0942665 0.5051
0.0951628 0.5032
0.0959892 0.5022
0.0968672 0.5023
0.0977303 0.5037
0.0985752 0.504
0.0993955 0.5039
0.100262 0.5032
0.101128 0.5022
0.102067 0.5026
0.102933 0.5034
0.103807 0.5014
0.104729 0.5023
0.105621 0.5018
0.106485 0.5024
0.107383 0.5038
0.108262 0.5047
0.109165 0.5062
0.110004 0.5061
0.110905 0.5048
0.111821 0.5051
0.112712 0.5052
0.113584 0.5052
0.114435 0.504
0.115282 0.5036
0.116222 0.503
0.117048 0.5057
0.117899 0.5064
0.118838 0.5044
0.119744 0.5037
0.120661 0.502
0.121523 0.5013
0.122442 0.5008
0.123382 0.4997
0.124335 0.5
0.125291 0.4987
0.126233 0.499
0.12716 0.498
0.128067 0.4981
0.129043 0.4971
0.129916 0.4977
0.130875 0.4995
0.131862 0.4979
0.132767 0.4975
0.133695 0.4965
0.134546 0.4946
0.135426 0.4946
0.136339 0.4958
0.137332 0.4969
0.138222 0.4961
0.139136 0.4952
0.140139 0.4969
0.141078 0.4977
0.14202 0.4965
0.142928 0.4954
0.143847 0.4948
0.144748 0.4949
0.14566 0.4952
0.146601 0.4953
0.147576 0.4959
0.148524 0.4959
0.149496 0.4947
0.150451 0.4954
0.15153 0.4936
0.152476 0.4941
0.153466 0.4944
0.154539 0.4957
0.155522 0.4961
0.15646 0.4983
0.157381 0.4975
0.15829 0.4959
0.159382 0.4954
0.160356 0.4954
0.161372 0.4965
0.162382 0.498
0.163346 0.4975
0.164387 0.4973
0.165376 0.4963
0.166353 0.4953
0.167379 0.496
0.168242 0.4969
0.16926 0.4979
0.170255 0.4994
0.171269 0.4983
0.172345 0.4972
0.173353 0.4982
0.174376 0.499
0.175358 0.4992
0.176264 0.4989
0.177282 0.499
0.17831 0.4996
0.179405 0.4981
0.180399 0.4974
0.181391 0.4982
0.182354 0.4998
0.183353 0.4996
0.18431 0.4985
0.1854 0.4986
0.18642 0.4996
0.187462 0.4993
0.188524 0.4989
0.189591 0.4979
0.19058 0.4981
0.191608 0.4998
0.192633 0.4983
0.193664 0.4986
0.19467 0.499
0.195682 0.4988
0.196652 0.4981
0.197702 0.4985
0.198832 0.4985
0.199824 0.4991
0.200843 0.4985
0.201917 0.499
0.203044 0.4981
0.204191 0.4977
0.205276 0.4986
0.206366 0.4974
0.207305 0.4975
0.208367 0.4969
0.209398 0.495
0.210383 0.4952
0.211492 0.495
0.212548 0.4948
0.213615 0.4954
0.214829 0.494
0.215845 0.4949
0.216883 0.4949
0.217975 0.4944
0.219091 0.4948
0.220282 0.4964
0.221462 0.4949
0.222627 0.4949
0.223628 0.496
0.224629 0.4955
0.225853 0.4952
0.227016 0.4965
0.228161 0.4958
0.229256 0.4947
0.230288 0.495
0.231306 0.4952
0.232326 0.495
0.233485 0.4938
0.234629 0.493
0.235795 0.4935
0.236949 0.4935
0.238094 0.4934
0.239228 0.4924
0.240374 0.4917
0.241496 0.491
0.242618 0.4911
0.243766 0.4901
0.244961 0.4908
0.246107 0.4919
0.247116 0.4922
0.248263 0.4919
0.249538 0.4925
0.250782 0.4921
0.251944 0.4925
0.253142 0.4933
0.254228 0.4929
0.25534 0.4943
0.256586 0.4942
0.257766 0.4939
0.259014 0.4936
0.260164 0.4925
0.261314 0.4915
0.262564 0.493
0.263709 0.4922
0.26488 0.4927
0.266082 0.4934
0.267196 0.4932
0.268315 0.493
0.269588 0.4923
0.270753 0.4929
0.271912 0.4932
0.273134 0.4936
0.274292 0.4942
0.275584 0.4933
0.276708 0.4922
0.278047 0.4932
0.279144 0.493
0.280427 0.4935
0.281668 0.4934
0.282918 0.4932
0.284124 0.4935
0.285356 0.4934
0.286528 0.4938
0.28778 0.4955
0.288863 0.4955
0.28998 0.4959
0.291124 0.4961
0.292301 0.4954
0.293486 0.4969
0.294729 0.4957
0.295919 0.4955
0.297034 0.4965
0.298336 0.4964
0.299451 0.4966
0.300665 0.4977
0.301928 0.4982
0.303258 0.498
0.304534 0.4976
0.305764 0.4974
0.306877 0.4982
0.308106 0.4991
0.309372 0.4999
0.31047 0.4999
0.311702 0.4998
0.31298 0.5001
0.314221 0.5001
0.315526 0.5007
0.316796 0.5007
0.318027 0.5008
0.319295 0.5001
0.320539 0.5006
0.321694 0.501
0.322993 0.501
0.32427 0.4999
0.32551 0.4992
0.326648 0.4996
0.327923 0.4994
0.329128 0.4999
0.330347 0.499
0.331543 0.4999
0.332794 0.5001
0.334154 0.5002
0.335405 0.5003
0.336706 0.5004
0.337994 0.5006
0.339353 0.5006
0.340486 0.5013
0.341654 0.5011
0.34285 0.502
0.344159 0.5008
0.345394 0.4997
0.346705 0.4997
0.34811 0.5004
0.349193 0.4997
0.3503 0.5003
0.35166 0.5
0.352908 0.4997
0.354079 0.4995
0.35525 0.4992
0.356561 0.4989
0.357841 0.4994
0.359054 0.4993
0.360319 0.499
0.361639 0.499
0.362865 0.4995
0.36424 0.4989
0.36544 0.4997
0.366881 0.4997
0.368118 0.5004
0.36932 0.5005
0.370583 0.5011
0.371889 0.5011
0.373163 0.5014
0.374349 0.5013
0.375539 0.5022
0.376961 0.5021
0.378096 0.5021
0.379394 0.5029
0.380765 0.5027
0.381858 0.5017
0.383144 0.5023
0.384332 0.5029
0.385699 0.5031
0.386902 0.5034
0.388219 0.5035
0.389435 0.5039
0.390739 0.5043
0.391961 0.5039
0.393213 0.5036
0.394387 0.5043
0.395592 0.5039
0.396812 0.5039
0.398074 0.5047
0.399284 0.5047
0.400571 0.5046
0.401805 0.5046
0.402964 0.5053
0.404102 0.5054
0.405393 0.5055
0.40655 0.5053
0.407717 0.5043
0.408854 0.5036
0.410099 0.5038
0.411345 0.5048
0.412458 0.5051
0.413861 0.5052
0.415076 0.5053
0.41635 0.505
0.417564 0.5055
0.418772 0.5056
0.420046 0.506
0.421284 0.5068
0.422495 0.5074
0.423742 0.5076
0.425058 0.5071
0.426281 0.5075
0.427483 0.5088
0.428725 0.5087
0.42996 0.5088
0.431183 0.5095
0.432409 0.5097
0.433478 0.5102
0.434732 0.5106
0.436006 0.5116
0.437349 0.5116
0.438635 0.5121
0.43987 0.5124
0.44093 0.5116
0.442008 0.5116
0.443026 0.5122
0.444119 0.5123
0.445382 0.5126
0.446462 0.513
0.447741 0.5137
0.448834 0.5139
0.450013 0.5139
0.451182 0.5143
0.452403 0.514
0.453587 0.5145
0.454699 0.5139
0.455799 0.5135
0.456828 0.5145
0.458054 0.5149
0.459253 0.5159
0.460525 0.516
0.461635 0.5162
0.462827 0.5171
0.463953 0.5182
0.465116 0.5176
0.4662 0.5179
0.467246 0.5185
0.4684 0.5188
0.469462 0.519
0.470618 0.5198
0.471859 0.5204
0.473002 0.5205
0.474098 0.5203
0.475389 0.5206
0.476466 0.5208
0.477604 0.5215
0.478648 0.522
0.479819 0.5222
0.481025 0.5222
0.482238 0.5229
0.483236 0.5231
0.48441 0.5238
0.485452 0.5242
0.486632 0.5237
0.487748 0.5243
0.48878 0.524
0.489744 0.5243
0.490768 0.5249
0.491849 0.5252
0.492957 0.5264
0.494162 0.5255
0.495264 0.5256
0.496395 0.5254
0.497423 0.5264
0.498508 0.5262
0.499535 0.5267
0.500576 0.5264
0.501699 0.5266
0.50282 0.5269
0.503882 0.5266
0.505078 0.5266
0.506222 0.5272
0.50732 0.5271
0.508361 0.5276
0.509396 0.5275
0.510496 0.5279
0.511529 0.5286
0.512741 0.5287
0.513861 0.529
0.515041 0.5289
0.516149 0.5297
0.517143 0.5299
0.518257 0.5295
0.519287 0.5294
0.52045 0.5303
0.521539 0.5297
0.522561 0.5293
0.52355 0.5292
0.52469 0.5294
0.52588 0.5299
0.526972 0.5295
0.528059 0.5295
0.529022 0.53
0.530162 0.53
0.531223 0.5305
0.532478 0.5314
0.53357 0.5321
0.534583 0.5322
0.53566 0.5322
0.536682 0.5325
0.537692 0.5331
0.538759 0.533
0.539908 0.5332
0.540992 0.5334
0.542015 0.533
0.543095 0.5344
0.544165 0.5337
0.545102 0.5344
0.546133 0.5354
0.547241 0.536
0.548281 0.5357
0.549295 0.5363
0.550468 0.5366
0.551492 0.5364
0.552578 0.5373
0.553654 0.5376
0.554659 0.5384
0.555791 0.5388
0.556826 0.5394
0.557947 0.5393
0.558929 0.5398
0.560051 0.5404
0.561147 0.5408
0.562176 0.5418
0.563323 0.5426
0.564505 0.5425
0.565609 0.5425
0.566894 0.5424
0.568089 0.543
0.569178 0.5437
0.570387 0.5454
0.571488 0.5451
0.572629 0.545
0.573714 0.5455
0.574736 0.5448
0.575938 0.5459
0.577141 0.5461
0.578311 0.5466
0.579543 0.5471
0.580686 0.5485
0.581816 0.5485
0.583003 0.5499
0.584279 0.5502
0.585529 0.5506
0.586673 0.5522
0.587926 0.5521
0.589201 0.5533
0.59044 0.5535
0.5919 0.5544
0.593157 0.5554
0.594338 0.5567
0.595597 0.5579
0.596808 0.5574
0.598094 0.5576
0.599516 0.5578
0.600935 0.5587
0.602306 0.56
0.603488 0.561
0.604882 0.5615
0.60622 0.5616
0.60763 0.5617
0.609053 0.5619
0.610564 0.5626
0.611962 0.5623
0.613567 0.5634
0.61515 0.564
0.616583 0.5654
0.618057 0.5662
0.619561 0.5664
0.62119 0.5666
0.622822 0.5665
0.624438 0.5664
0.626087 0.5666
0.627739 0.5673
0.629364 0.5686
0.631049 0.5707
0.632667 0.5712
0.634294 0.5722
0.635963 0.573
0.637843 0.5742
0.639645 0.5744
0.641507 0.575
0.643483 0.5752
0.645788 0.5759
0.647614 0.5771
0.649482 0.5779
0.651291 0.5784
0.653486 0.5792
0.65566 0.5788
0.657774 0.5797
0.659883 0.5808
0.662286 0.5818
0.664739 0.5833
0.667283 0.5837
0.669597 0.5848
0.671966 0.5849
0.674696 0.5869
0.677744 0.589
0.680796 0.5906
0.683605 0.5924
0.686586 0.5939
0.689537 0.5952
0.692475 0.597
0.695306 0.5979
0.698086 0.5993
0.701277 0.6004
0.704362 0.6027
0.70753 0.6042
0.711387 0.605
0.715019 0.6073
0.718752 0.6089
0.722344 0.6107
0.726625 0.6116
0.730937 0.6135
0.734542 0.6143
0.739195 0.6172
0.744203 0.6206
0.749027 0.622
0.754284 0.6245
0.759411 0.6263
0.764655 0.6288
0.770071 0.6311
0.775458 0.6335
0.780972 0.6361
0.787588 0.6397
0.79396 0.6428
0.801281 0.6447
0.80896 0.6475
0.816335 0.6502
0.823586 0.6518
0.831642 0.656
0.839935 0.6579
0.849487 0.6622
0.859602 0.6662
0.870545 0.6702
0.879855 0.6708
0.890499 0.6731
0.902853 0.6766
0.915099 0.6803
0.929533 0.6839
0.945831 0.6905
0.96207 0.6941
0.979026 0.6986
0.996769 0.7011
1.01343 0.7035
1.03333 0.7091
1.0536 0.7136
1.07456 0.717572
1.09866 0.722972
1.12458 0.727591
1.15224 0.732966
1.18274 0.737664
1.21417 0.741939
1.24671 0.746994
1.28 0.751153
1.31737 0.754365
1.35605 0.759228
1.39129 0.762394
1.4301 0.767148
1.46645 0.770143
1.50276 0.772593
1.54419 0.774967
1.57338 0.776906
1.60802 0.781903
1.63292 0.783826
1.66001 0.787381
1.68887 0.791873
1.70394 0.796487
1.71702 0.800089
1.7159 0.805699
1.70425 0.809104
1.68455 0.811011
1.67081 0.814531
1.63269 0.817992
1.5929 0.82156
1.54173 0.825078
1.48439 0.828118
1.41932 0.831089
1.3544 0.833109
1.30392 0.837213
1.22474 0.837369
