0.0129842 0.4927
0.0136433 0.4932
0.0142954 0.4915
0.0149435 0.4945
0.0156073 0.4924
0.0162681 0.4975
0.0169309 0.4995
0.0175784 0.4984
0.0182366 0.4943
0.0188815 0.4961
0.0195308 0.4958
0.020176 0.4938
0.0208504 0.4945
0.0215273 0.4948
0.0222147 0.4936
0.0228933 0.4948
0.0235618 0.4918
0.0242344 0.492
0.0249082 0.4932
0.0255966 0.4956
0.0262719 0.4983
0.0269297 0.4967
0.0276014 0.498
0.0282473 0.4984
0.0289105 0.4983
0.0295884 0.4967
0.0302948 0.4975
0.0309838 0.4978
0.0316901 0.4984
0.0323602 0.4986
0.033061 0.4977
0.0337453 0.4961
0.0344323 0.5006
0.0351397 0.5002
0.0358572 0.5004
0.0365478 0.5018
0.0372592 0.5
0.0379438 0.4988
0.0386164 0.5005
0.0392843 0.4991
0.0399806 0.5007
0.0406874 0.5019
0.0414318 0.5003
0.0421387 0.5006
0.0428488 0.5041
0.0435909 0.5036
0.0443106 0.5044
0.045051 0.5032
0.0457748 0.503
0.046462 0.5029
0.0472127 0.5041
0.0479516 0.5035
0.0486715 0.5009
0.0493821 0.4998
0.0501118 0.5017
0.0508764 0.5033
0.0516296 0.5039
0.0523382 0.5046
0.0530811 0.503
0.0538273 0.5019
0.0545652 0.502
0.0553386 0.5033
0.056064 0.5032
0.0567936 0.5023
0.0575478 0.5015
0.0582764 0.5026
0.0590412 0.5019
0.0598267 0.5018
0.0606298 0.5014
0.0613652 0.5035
0.0621296 0.5016
0.062906 0.5009
0.063682 0.4993
0.064419 0.4978
0.0651652 0.4988
0.0659028 0.4979
0.0666711 0.4986
0.0674358 0.4983
0.0682304 0.4975
0.0690344 0.4951
0.0698094 0.4947
0.0705985 0.4958
0.0713793 0.4979
0.0721775 0.4991
0.0729611 0.4975
0.0738051 0.4974
0.0745961 0.4964
0.0754045 0.4988
0.0762188 0.4988
0.0770425 0.499
0.0778536 0.4985
0.078599 0.4988
0.0794358 0.4973
0.0802432 0.4967
0.0810717 0.4962
0.0819036 0.4969
0.0827155 0.4988
0.0834595 0.4988
0.0842221 0.4996
0.0850288 0.5016
0.0858723 0.5032
0.0867078 0.501
0.0875642 0.5002
0.0883962 0.5009
0.089237 0.5011
0.0900601 0.502
0.0908961 0.5027
0.0917322 0.503
0.0925659 0.5021
0.0933737 0.502
0.0942082 0.5009
0.0950749 0.5016
0.0959103 0.5021
0.0967222 0.5015
0.0975744 0.5004
0.0984764 0.5012
0.0992643 0.5002
0.100069 0.4994
0.100928 0.4992
0.101832 0.5007
0.102635 0.5017
0.103449 0.5009
0.104351 0.5009
0.105212 0.5014
0.106111 0.5022
0.106967 0.5021
0.107844 0.5032
0.108666 0.5033
0.109558 0.5033
0.110453 0.5026
0.11135 0.5031
0.112225 0.5029
0.11312 0.5026
0.114015 0.5029
0.114878 0.5045
0.115731 0.5045
0.116683 0.5057
0.117581 0.5071
0.118528 0.5067
0.119427 0.5052
0.120287 0.5043
0.121167 0.504
0.122026 0.5029
0.122944 0.5033
0.123818 0.503
0.124766 0.5046
0.12575 0.5035
0.126632 0.5044
0.127563 0.5061
0.128504 0.5052
0.129375 0.5057
0.130345 0.5042
0.131274 0.5052
0.132134 0.5057
0.13308 0.5046
0.133988 0.5052
0.134979 0.5044
0.135941 0.5065
0.136934 0.506
0.137916 0.5038
0.138855 0.504
0.139786 0.5053
0.140698 0.506
0.141653 0.5057
0.142608 0.5052
0.143565 0.5054
0.144424 0.5056
0.145327 0.5056
0.146319 0.5048
0.147266 0.5052
0.148194 0.5044
0.149152 0.505
0.150066 0.505
0.151043 0.505
0.151939 0.5055
0.152921 0.5037
0.153911 0.5054
0.154906 0.5057
0.155915 0.5059
0.156934 0.5061
0.157926 0.5041
0.158919 0.5051
0.160018 0.5055
0.160997 0.5051
0.161935 0.5046
0.162827 0.5031
0.163794 0.5027
0.164752 0.5029
0.165758 0.5024
0.166822 0.5028
0.167746 0.5026
0.168716 0.5019
0.169725 0.5017
0.170699 0.5018
0.171741 0.5015
0.172695 0.5001
0.173656 0.501
0.174594 0.5004
0.175615 0.4998
0.176628 0.4993
0.177588 0.4993
0.178494 0.4998
0.179527 0.5005
0.180539 0.5027
0.181545 0.5041
0.182573 0.5037
0.18365 0.5028
0.184683 0.5037
0.18571 0.5036
0.186723 0.5021
0.187862 0.5017
0.188835 0.5025
0.189876 0.5039
0.191028 0.5034
0.192162 0.5027
0.193208 0.5026
0.194153 0.5032
0.195178 0.5029
0.196249 0.5035
0.197378 0.5028
0.198429 0.5028
0.199503 0.5033
0.200566 0.5025
0.201613 0.5014
0.202697 0.5018
0.203703 0.5021
0.204762 0.5018
0.205834 0.5018
0.206855 0.5015
0.207913 0.5025
0.20896 0.5023
0.2099 0.5019
0.210884 0.5025
0.211885 0.503
0.213008 0.5021
0.214185 0.5019
0.215391 0.5017
0.216549 0.501
0.217635 0.5014
0.21885 0.5009
0.219935 0.5001
0.220914 0.5001
0.221985 0.5014
0.222968 0.5022
0.224073 0.5019
0.225167 0.5009
0.226298 0.5013
0.227396 0.5017
0.228421 0.5027
0.229478 0.502
0.23063 0.5021
0.231686 0.5025
0.232799 0.5013
0.234006 0.5005
0.23516 0.5007
0.236215 0.5003
0.237417 0.5005
0.238403 0.5014
0.239518 0.5014
0.240591 0.5011
0.24183 0.5015
0.242972 0.5017
0.244243 0.5032
0.245337 0.5023
0.246526 0.502
0.247761 0.503
0.248929 0.5028
0.250124 0.5032
0.251209 0.5031
0.252386 0.504
0.253532 0.5043
0.254801 0.5043
0.255974 0.505
0.257169 0.5044
0.258523 0.5036
0.259715 0.5043
0.260998 0.5047
0.262134 0.5026
0.263239 0.5026
0.264377 0.503
0.265449 0.5041
0.266577 0.5052
0.267729 0.5052
0.269067 0.5053
0.270309 0.5046
0.271464 0.5039
0.272646 0.5041
0.273896 0.5037
0.274987 0.5044
0.276185 0.5049
0.277391 0.5054
0.278631 0.5048
0.279896 0.5042
0.281164 0.5046
0.282477 0.5046
0.283796 0.5037
0.285268 0.5032
0.286507 0.5032
0.287789 0.5035
0.288958 0.5039
0.290094 0.504
0.291432 0.5045
0.292608 0.5046
0.293819 0.5037
0.294962 0.5031
0.296279 0.5028
0.297499 0.5028
0.298675 0.5029
0.300031 0.5028
0.301282 0.5028
0.302503 0.5026
0.303798 0.5034
0.304978 0.5042
0.306275 0.504
0.307426 0.503
0.308734 0.5035
0.309993 0.5035
0.311254 0.5038
0.312581 0.5035
0.314065 0.5036
0.315372 0.5042
0.316625 0.5046
0.318128 0.5049
0.319357 0.504
0.320505 0.504
0.321777 0.5044
0.323071 0.5048
0.324261 0.5045
0.325546 0.5042
0.326743 0.5044
0.32799 0.5052
0.329266 0.5046
0.330526 0.5045
0.331772 0.5048
0.333141 0.5045
0.334277 0.5041
0.335558 0.503
0.336773 0.5038
0.337836 0.5042
0.339142 0.5033
0.340346 0.5031
0.341577 0.5033
0.342873 0.5037
0.344149 0.5046
0.345416 0.5056
0.346644 0.5055
0.347895 0.5051
0.349214 0.5048
0.350567 0.5059
0.351883 0.5052
0.353008 0.5055
0.354313 0.5058
0.35562 0.5067
0.357003 0.5068
0.358304 0.5065
0.359537 0.5064
0.36084 0.5068
0.362081 0.5074
0.363281 0.5079
0.364496 0.5085
0.365799 0.5091
0.367068 0.5101
0.368331 0.5096
0.369616 0.5093
0.370895 0.5102
0.372031 0.5104
0.373402 0.5096
0.374677 0.5101
0.37595 0.5106
0.377076 0.5103
0.378253 0.5101
0.379515 0.5106
0.380729 0.5104
0.381946 0.5109
0.383041 0.5105
0.384212 0.5102
0.385334 0.5105
0.386482 0.5105
0.387693 0.5109
0.389024 0.5114
0.390391 0.5114
0.391663 0.5114
0.392911 0.5117
0.394197 0.5125
0.395534 0.5136
0.39678 0.5151
0.398034 0.5157
0.399345 0.5147
0.400516 0.5146
0.401698 0.5147
0.402805 0.5143
0.404036 0.5142
0.405345 0.5152
0.406683 0.5151
0.407895 0.5153
0.409231 0.5161
0.410509 0.5165
0.411753 0.5162
0.41298 0.5171
0.414201 0.5168
0.415394 0.5174
0.416643 0.5178
0.41788 0.5183
0.419048 0.5187
0.420274 0.5193
0.421407 0.5195
0.422607 0.5193
0.42376 0.5195
0.424956 0.5197
0.426248 0.5207
0.427499 0.5201
0.428675 0.5206
0.429752 0.5203
0.43083 0.5194
0.432002 0.5199
0.433214 0.5204
0.434439 0.5208
0.435567 0.5203
0.436817 0.5204
0.437915 0.5206
0.439053 0.5211
0.440188 0.522
0.441411 0.5216
0.44253 0.5218
0.443625 0.5221
0.444741 0.5216
0.44579 0.5225
0.447094 0.5224
0.448237 0.522
0.4494 0.5223
0.450458 0.5226
0.451576 0.5229
0.452585 0.5228
0.453655 0.5227
0.454909 0.5225
0.456112 0.5229
0.457116 0.5229
0.458023 0.5228
0.459137 0.5233
0.460281 0.5238
0.461358 0.5244
0.462364 0.5237
0.463542 0.5248
0.464771 0.5245
0.46598 0.5243
0.467124 0.525
0.46828 0.5247
0.469514 0.5254
0.470684 0.525
0.471942 0.5254
0.473002 0.5261
0.474119 0.5262
0.475308 0.5263
0.476369 0.5269
0.477621 0.5271
0.478637 0.5281
0.479802 0.529
0.480957 0.5292
0.481947 0.5295
0.482968 0.5288
0.484137 0.5289
0.485237 0.5289
0.486426 0.5292
0.487486 0.5297
0.48867 0.5301
0.489659 0.5304
0.490934 0.5306
0.491997 0.5311
0.493072 0.5312
0.49415 0.5321
0.495294 0.5325
0.496367 0.5327
0.497458 0.5326
0.498585 0.5335
0.499737 0.5335
0.500877 0.5332
0.501983 0.5334
0.503149 0.5332
0.504168 0.5328
0.505211 0.5331
0.50625 0.5342
0.507235 0.5346
0.508245 0.5353
0.509265 0.5355
0.510387 0.5353
0.511466 0.536
0.512572 0.5365
0.513619 0.5366
0.514759 0.5375
0.515937 0.5372
0.517041 0.5369
0.518135 0.5376
0.519165 0.5379
0.52015 0.5383
0.52121 0.5388
0.522354 0.5391
0.52336 0.5392
0.524386 0.5393
0.52542 0.5394
0.526613 0.5396
0.527683 0.5402
0.528917 0.5403
0.529942 0.5407
0.530978 0.5403
0.531964 0.5405
0.532981 0.5404
0.534016 0.5405
0.535031 0.5406
0.536124 0.5405
0.53723 0.5397
0.538342 0.5408
0.539458 0.5419
0.540537 0.5421
0.541629 0.5422
0.54277 0.5432
0.543804 0.5441
0.545071 0.5447
0.546195 0.5448
0.547221 0.5449
0.548303 0.5458
0.549501 0.5462
0.550654 0.5464
0.55176 0.5477
0.552651 0.5484
0.553725 0.5484
0.554766 0.5492
0.555926 0.5498
0.557056 0.5504
0.558223 0.5509
0.559203 0.5515
0.560241 0.5517
0.561439 0.5514
0.562485 0.5524
0.563674 0.5534
0.564817 0.5537
0.566083 0.554
0.567279 0.5536
0.56849 0.5531
0.569599 0.5539
0.570664 0.554
0.571731 0.5543
0.572837 0.5542
0.574009 0.5542
0.575251 0.5547
0.576506 0.5554
0.577768 0.556
0.579083 0.5567
0.58034 0.5575
0.581617 0.5582
0.582709 0.5583
0.583849 0.5579
0.585103 0.558
0.586245 0.5584
0.587336 0.5592
0.588537 0.5601
0.589925 0.5612
0.591183 0.5616
0.592576 0.5618
0.593821 0.5618
0.595122 0.5624
0.596332 0.5631
0.597779 0.5639
0.599117 0.565
0.600416 0.566
0.601662 0.5659
0.603049 0.5672
0.604461 0.5679
0.605824 0.5682
0.607163 0.5677
0.608623 0.5684
0.609898 0.5685
0.611258 0.569
0.612655 0.5695
0.614046 0.5695
0.615489 0.5697
0.616949 0.57
0.618444 0.5712
0.619954 0.5719
0.621553 0.5727
0.623302 0.5741
0.624766 0.5746
0.626483 0.574
0.628253 0.5756
0.630033 0.5771
0.631632 0.5775
0.633365 0.5779
0.635123 0.5787
0.63685 0.5798
0.638761 0.5817
0.640406 0.5822
0.642271 0.5829
0.644094 0.5841
0.645969 0.5861
0.648139 0.5875
0.650285 0.5883
0.652164 0.5894
0.654229 0.5892
0.656438 0.5907
0.658581 0.5918
0.660809 0.5934
0.662847 0.5941
0.664982 0.593
0.667062 0.5943
0.669132 0.5962
0.671536 0.596
0.674052 0.5986
0.676776 0.601
0.679259 0.6024
0.681706 0.6044
0.684755 0.6056
0.687312 0.6076
0.690001 0.609
0.693012 0.6101
0.695653 0.6109
0.698601 0.6123
0.702051 0.6126
0.705644 0.6151
0.709059 0.6179
0.712563 0.6199
0.716553 0.6216
0.720337 0.6228
0.724479 0.6232
0.728679 0.625
0.732504 0.627
0.737036 0.6293
0.742059 0.6311
0.746554 0.6324
0.75174 0.633
0.757053 0.6343
0.762373 0.636
0.768292 0.6387
0.773871 0.6419
0.779946 0.6442
0.786152 0.6451
0.792341 0.6456
0.79866 0.6481
0.805214 0.6497
0.812416 0.6525
0.820771 0.6546
0.829758 0.6575
0.839214 0.6608
0.847235 0.6653
0.856061 0.6677
0.865909 0.6709
0.876359 0.671
0.889191 0.6768
0.89949 0.6802
0.911892 0.6848
0.927341 0.6892
0.943313 0.693
0.961282 0.6975
0.977069 0.7003
0.995278 0.705441
1.0143 0.708842
1.03429 0.712714
1.05421 0.715686
1.07557 0.717287
1.09985 0.720288
1.12386 0.723834
1.14928 0.725881
1.17975 0.732205
1.21324 0.73563
1.24412 0.740002
1.28239 0.744634
1.3182 0.748819
1.35586 0.75171
1.3922 0.75679
1.43037 0.763646
1.4732 0.769301
1.51585 0.77366
1.54866 0.77554
1.59072 0.781521
1.62467 0.786198
1.64702 0.790479
1.67438 0.795058
1.69389 0.797328
1.70744 0.799337
1.70929 0.803249
1.71562 0.806202
1.70187 0.810897
1.68537 0.814139
1.66293 0.816156
1.62484 0.81934
1.5944 0.820614
1.55296 0.824679
1.49103 0.828773
1.44499 0.828661
1.37806 0.830892
1.30638 0.833186
1.24579 0.834117
