0.0197916 0.495
0.0209648 0.494
0.0221708 0.492
0.0233854 0.5
0.0245921 0.517
0.0258138 0.514
0.027055 0.504
0.0283204 0.501
0.0296281 0.512
0.0309469 0.499
0.0321881 0.497
0.033467 0.499
0.0347892 0.503
0.0361062 0.5
0.0375135 0.493
0.0389254 0.494
0.0403157 0.509
0.041747 0.501
0.0431775 0.503
0.0445988 0.504
0.046128 0.503
0.0476243 0.492
0.0491696 0.486
0.0506192 0.488
0.0522245 0.489
0.0538092 0.492
0.0552743 0.5
0.0567637 0.497
0.0582973 0.491
0.0599073 0.486
0.0614722 0.481
0.0631751 0.478
0.064783 0.472
0.0664118 0.48
0.0681362 0.477
0.0698254 0.47
0.0716264 0.469
0.0734004 0.474
0.0751836 0.484
0.0769532 0.493
0.0785878 0.494
0.0804518 0.493
0.0823224 0.487
0.0841493 0.478
0.0860506 0.489
0.087926 0.492
0.0898495 0.484
0.0916606 0.477
0.0934945 0.485
0.095375 0.488
0.0972795 0.485
0.0991817 0.487
0.101337 0.484
0.103491 0.483
0.105702 0.48
0.10769 0.487
0.109805 0.484
0.111902 0.495
0.114035 0.497
0.116031 0.491
0.118222 0.487
0.120703 0.487
0.122777 0.49
0.124704 0.497
0.127147 0.496
0.129314 0.499
0.131753 0.496
0.13427 0.499
0.136464 0.493
0.139094 0.488
0.141351 0.489
0.143815 0.49
0.146372 0.478
0.148959 0.475
0.151198 0.48
0.153802 0.488
0.1562 0.489
0.158698 0.479
0.161341 0.483
0.164077 0.483
0.166616 0.482
0.169678 0.481
0.172489 0.472
0.17532 0.478
0.178228 0.477
0.1811 0.477
0.183999 0.482
0.186977 0.478
0.189749 0.481
0.193011 0.481
0.195969 0.472
0.198951 0.472
0.201961 0.469
0.205155 0.465
0.208278 0.461
0.211286 0.46
0.214847 0.468
0.218043 0.47
0.221069 0.472
0.22456 0.467
0.228245 0.474
0.231966 0.471
0.235936 0.479
0.239488 0.474
0.243858 0.469
0.247814 0.473
0.251977 0.473
0.255743 0.483
0.259619 0.477
0.263669 0.48
0.267599 0.487
0.272413 0.484
0.276266 0.487
0.279962 0.481
0.283717 0.489
0.288358 0.485
0.292025 0.484
0.295149 0.486
0.299181 0.477
0.304681 0.481
0.308109 0.481
0.3124 0.482
0.316509 0.486
0.321382 0.484
0.326499 0.485
0.330135 0.487
0.334543 0.482
0.339088 0.489
0.343815 0.489
0.349172 0.492
0.354316 0.488
0.358586 0.483
0.36271 0.482
0.366585 0.486
0.370611 0.488
0.375516 0.49
0.380216 0.492
0.385217 0.49
0.390091 0.483
0.394693 0.492
0.398682 0.494
0.403574 0.492
0.408075 0.493
0.413945 0.49
0.418049 0.488
0.421462 0.49
0.425263 0.491
0.429454 0.489
0.433822 0.495
0.438472 0.496
0.442653 0.497
0.447519 0.496
0.450987 0.496
0.454402 0.496
0.457734 0.495
0.460363 0.495
0.46295 0.494
0.46546 0.5
0.468532 0.502
0.471263 0.507
0.473792 0.517
0.477056 0.513
0.479476 0.51
0.481625 0.51
0.484173 0.514
0.487562 0.518
0.49032 0.518
0.492649 0.514
0.494591 0.512
0.496848 0.513
0.499542 0.506
0.502141 0.505
0.50453 0.513
0.506682 0.515
0.508889 0.519
0.510708 0.516
0.512585 0.524
0.514071 0.521
0.515666 0.517
0.51749 0.522
0.519176 0.522
0.520624 0.516
0.521924 0.515
0.523271 0.518
0.5247 0.526
0.526246 0.529
0.527657 0.533
0.529682 0.531
0.531059 0.526
0.532197 0.52
0.53356 0.524
0.534469 0.526
0.53579 0.53
0.53704 0.527
0.538616 0.526
0.539896 0.53
0.541199 0.533
0.542564 0.537
0.543599 0.533
0.544627 0.538
0.54558 0.54
0.546779 0.542
0.547983 0.542
0.54904 0.539
0.550028 0.535
0.5512 0.536
0.552166 0.541
0.553136 0.545
0.554547 0.547
0.555527 0.55
0.556456 0.55
0.557517 0.552
0.558504 0.549
0.559457 0.544
0.560364 0.543
0.561367 0.546
0.562362 0.549
0.563197 0.549
0.564208 0.55
0.565299 0.551
0.566276 0.548
0.567295 0.547
0.568206 0.55
0.569201 0.548
0.570149 0.543
0.57143 0.542
0.572514 0.537
0.573699 0.542
0.574887 0.548
0.575916 0.545
0.576773 0.549
0.577821 0.551
0.578724 0.553
0.579645 0.555
0.580692 0.554
0.581614 0.552
0.582375 0.55
0.583211 0.556
0.584173 0.562
0.585146 0.562
0.586268 0.565
0.587171 0.567
0.588022 0.568
0.5888 0.569
0.589627 0.569
0.590451 0.57
0.591359 0.568
0.592282 0.562
0.593257 0.566
0.594092 0.568
0.595135 0.566
0.596129 0.565
0.597036 0.565
0.598107 0.566
0.599023 0.566
0.599842 0.564
0.60077 0.566
0.601882 0.57
0.602736 0.572
0.60378 0.573
0.604616 0.575
0.605465 0.579
0.606339 0.58
0.607156 0.58
0.608084 0.578
0.609098 0.577
0.610008 0.583
0.610978 0.583
0.61196 0.583
0.61274 0.585
0.613575 0.587
0.614435 0.584
0.615233 0.584
0.616013 0.585
0.616907 0.581
0.61776 0.581
0.618594 0.58
0.619345 0.582
0.620183 0.581
0.621091 0.58
0.622028 0.581
0.622838 0.585
0.623692 0.584
0.624661 0.583
0.625379 0.582
0.626187 0.583
0.627144 0.584
0.628037 0.584
0.628858 0.584
0.629726 0.585
0.630625 0.586
0.631525 0.587
0.632409 0.588
0.633428 0.59
0.634315 0.586
0.635174 0.589
0.63604 0.587
0.636895 0.589
0.637876 0.589
0.638715 0.588
0.639582 0.587
0.640378 0.588
0.641388 0.587
0.642245 0.587
0.643311 0.59
0.644227 0.588
0.645066 0.59
0.646091 0.59
0.647009 0.591
0.647873 0.593
0.64869 0.593
0.649864 0.599
0.650784 0.6
0.651612 0.599
0.652435 0.601
0.653351 0.599
0.65425 0.6
0.655019 0.599
0.65591 0.601
0.656902 0.602
0.657769 0.601
0.658609 0.6
0.659453 0.6
0.660407 0.6
0.661186 0.603
0.661895 0.601
0.662782 0.602
0.663683 0.598
0.664552 0.599
0.665516 0.6
0.666491 0.601
0.66737 0.602
0.668229 0.605
0.669044 0.606
0.669838 0.604
0.67065 0.603
0.671524 0.603
0.672368 0.602
0.67333 0.601
0.674361 0.602
0.675189 0.603
0.676278 0.607
0.677457 0.61
0.678272 0.611
0.679284 0.612
0.680137 0.611
0.681137 0.612
0.682029 0.612
0.683019 0.613
0.684015 0.614
0.684893 0.617
0.68582 0.615
0.686608 0.613
0.687389 0.612
0.688452 0.611
0.689253 0.613
0.690089 0.613
0.691105 0.613
0.691895 0.613
0.692782 0.614
0.693633 0.615
0.694495 0.616
0.695452 0.616
0.696481 0.619
0.697286 0.621
0.698293 0.62
0.699123 0.622
0.700038 0.623
0.700969 0.624
0.701897 0.624
0.702802 0.624
0.703873 0.625
0.704811 0.625
0.705656 0.627
0.706495 0.629
0.707551 0.627
0.708469 0.627
0.709387 0.626
0.710357 0.626
0.711313 0.627
0.712198 0.627
0.713039 0.626
0.713818 0.626
0.714711 0.627
0.715539 0.627
0.716566 0.627
0.717479 0.628
0.718479 0.626
0.719346 0.625
0.720194 0.625
0.721152 0.627
0.721968 0.628
0.723179 0.629
0.723997 0.629
0.725066 0.629
0.725872 0.63
0.726688 0.632
0.727651 0.634
0.728597 0.634
0.729412 0.633
0.73024 0.632
0.731032 0.633
0.732157 0.634
0.733152 0.635
0.734044 0.633
0.734882 0.633
0.735807 0.635
0.736732 0.636
0.737506 0.637
0.738377 0.637
0.739192 0.637
0.740257 0.638
0.741214 0.638
0.742127 0.64
0.743097 0.64
0.744279 0.641
0.745304 0.643
0.746313 0.642
0.74717 0.641
0.747993 0.64
0.748861 0.64
0.749877 0.641
0.751 0.642
0.751896 0.641
0.75277 0.641
0.753743 0.641
0.754671 0.641
0.755497 0.641
0.756317 0.642
0.757383 0.644
0.758297 0.644
0.759212 0.644
0.760125 0.644
0.761264 0.647
0.762266 0.648
0.763157 0.646
0.764207 0.645
0.765431 0.645
0.766403 0.644
0.767527 0.645
0.768576 0.647
0.769692 0.647
0.770558 0.645
0.771537 0.645
0.772378 0.644
0.773313 0.647
0.774342 0.647
0.775309 0.649
0.776281 0.65
0.777334 0.649
0.778714 0.65
0.779988 0.65
0.781125 0.651
0.78234 0.65
0.783299 0.65
0.784433 0.65
0.785479 0.65
0.786351 0.65
0.787571 0.651
0.788657 0.651
0.789637 0.649
0.790659 0.652
0.791642 0.653
0.792746 0.653
0.794043 0.655
0.794858 0.655
0.795945 0.656
0.796956 0.657
0.798056 0.658
0.799159 0.658
0.800292 0.659
0.801234 0.658
0.802552 0.657
0.803568 0.659
0.804806 0.659
0.805821 0.658
0.806797 0.657
0.807833 0.658
0.808875 0.659
0.809921 0.662
0.8109 0.662
0.811968 0.661
0.813497 0.663
0.81482 0.662
0.815968 0.665
0.817181 0.667
0.818311 0.667
0.819522 0.667
0.820556 0.667
0.821461 0.668
0.822916 0.669
0.823934 0.669
0.825187 0.67
0.826227 0.671
0.827498 0.67
0.828643 0.672
0.82976 0.671
0.830941 0.67
0.832386 0.67
0.833556 0.67
0.834707 0.67
0.836103 0.672
0.83763 0.672
0.838709 0.672
0.840277 0.673
0.841433 0.671
0.842633 0.672
0.844151 0.672
0.845514 0.671
0.846959 0.671
0.848152 0.672
0.849221 0.673
0.850554 0.673
0.852265 0.674
0.853807 0.676
0.855386 0.677
0.856986 0.679
0.858276 0.678
0.859857 0.68
0.861331 0.681
0.862782 0.68
0.864098 0.679
0.865226 0.679
0.866916 0.679
0.868768 0.679
0.870559 0.678
0.871861 0.677
0.8737 0.68
0.875685 0.682
0.877458 0.682
0.878981 0.683
0.880958 0.684
0.882082 0.684
0.884379 0.685
0.886569 0.686
0.888334 0.688
0.890233 0.689
0.89221 0.686
0.89371 0.684
0.895682 0.685
0.897095 0.685
0.899077 0.686
0.901587 0.688
0.903264 0.69
0.905551 0.692
0.90747 0.692
0.909158 0.692
0.911806 0.694
0.913416 0.694
0.91472 0.695
0.917788 0.696
0.920808 0.698
0.922882 0.698
0.924758 0.697
0.927588 0.698
0.930715 0.698
0.933131 0.697
0.936214 0.698
0.938889 0.7
0.941069 0.699
0.942689 0.699
0.945985 0.701
0.948261 0.702
0.951349 0.702
0.955191 0.702
0.959812 0.703
0.96328 0.705
0.966411 0.705
0.970062 0.704
0.972932 0.705
0.974704 0.706
0.977265 0.706
0.981948 0.707
0.986167 0.708
0.98958 0.708
0.99405 0.71
0.999031 0.71
1.00358 0.713
1.00995 0.714
1.01335 0.715
1.01779 0.716
1.02307 0.719
1.0303 0.721
1.03434 0.722
1.03882 0.723
1.04274 0.724
1.04674 0.725
1.05064 0.725
1.05562 0.726
1.0657 0.727
1.07157 0.731
1.07645 0.732
1.08076 0.732
1.08572 0.732
1.09173 0.733
1.09635 0.734
1.0997 0.734
1.1034 0.734
1.10862 0.734
1.1154 0.735
1.12306 0.738
1.13165 0.74
1.13784 0.741
1.14584 0.743
1.15497 0.745
1.15958 0.746
1.17045 0.747
1.18234 0.749
1.19116 0.75
1.19769 0.750751
1.20572 0.752753
1.2147 0.753754
1.22399 0.754755
1.23588 0.756757
1.23671 0.756513
1.24487 0.757515
1.25605 0.758517
1.26853 0.760521
1.27247 0.761284
1.28651 0.762287
1.29862 0.764293
1.30632 0.764293
1.32286 0.768305
1.32919 0.768072
1.34286 0.77008
1.35156 0.771084
1.36483 0.774096
1.36706 0.775654
1.37955 0.777666
1.39528 0.778672
1.40018 0.780242
1.40918 0.780242
1.42217 0.78125
1.42943 0.781029
1.43342 0.783181
1.44397 0.783181
1.44949 0.78499
1.46375 0.787018
1.47756 0.788032
1.49167 0.790061
1.50302 0.791075
1.51227 0.791075
1.51546 0.791667
1.52407 0.794297
1.53033 0.794088
1.54101 0.795107
1.54945 0.796731
1.55785 0.796524
1.56914 0.79918
1.57479 0.798974
1.58758 0.798974
1.59784 0.800821
1.60867 0.800617
1.61704 0.800412
1.62844 0.800412
1.63256 0.8
1.64508 0.8
1.65203 0.800826
1.66868 0.800826
1.68197 0.801653
1.68948 0.801448
1.70319 0.801242
1.7164 0.801036
1.72186 0.800623
1.74136 0.800623
1.75924 0.801455
1.77784 0.802495
1.78624 0.802083
1.80968 0.802083
1.8223 0.801877
1.84258 0.801877
1.86033 0.80167
1.88401 0.80167
1.90615 0.80167
1.92093 0.803347
1.94987 0.803347
1.97398 0.803141
1.9907 0.805468
2.00985 0.806112
2.02809 0.805702
2.05704 0.807407
2.06103 0.812166
2.09044 0.813704
2.11198 0.813578
2.129 0.819761
2.15844 0.825467
2.17018 0.830377
2.1747 0.838384
2.1927 0.846416
2.19552 0.857803
