0.019989 0.4995
0.0211663 0.4965
0.022359 0.505
0.0235501 0.5035
0.0248034 0.506
0.0260476 0.503
0.0273039 0.5085
0.028591 0.5095
0.0299231 0.513
0.0312223 0.513
0.0326111 0.5075
0.0339713 0.512
0.0353134 0.5025
0.0367077 0.4985
0.0381155 0.5015
0.0395653 0.4945
0.0410067 0.4965
0.042375 0.4955
0.043858 0.5005
0.0452568 0.5035
0.0467565 0.504
0.0481237 0.5055
0.0495721 0.506
0.0510793 0.509
0.0525989 0.505
0.0541406 0.5065
0.0557558 0.5085
0.0574143 0.501
0.0589857 0.5045
0.0605359 0.5015
0.0621405 0.4975
0.0638077 0.498
0.0654133 0.498
0.0670864 0.4955
0.0687351 0.494
0.0703336 0.499
0.072005 0.497
0.0738403 0.5005
0.0754981 0.493
0.0771909 0.4935
0.0789876 0.4945
0.0807716 0.496
0.0825052 0.493
0.0844135 0.4975
0.086278 0.5015
0.0880784 0.5035
0.0899355 0.5075
0.0917979 0.51
0.093917 0.507
0.0957605 0.504
0.0978042 0.505
0.0998595 0.5055
0.101806 0.501
0.103769 0.4975
0.105719 0.5045
0.107757 0.507
0.109848 0.5075
0.112008 0.5095
0.114048 0.508
0.116107 0.509
0.118323 0.5085
0.120445 0.5095
0.122549 0.5075
0.124888 0.5075
0.127099 0.511
0.12924 0.512
0.131647 0.51
0.134146 0.5075
0.136477 0.5095
0.13894 0.5075
0.141258 0.505
0.14376 0.501
0.146278 0.503
0.148612 0.5055
0.151293 0.509
0.153811 0.508
0.156284 0.5075
0.158724 0.508
0.16143 0.506
0.164 0.51
0.16673 0.509
0.169355 0.506
0.172226 0.501
0.175188 0.503
0.178121 0.5045
0.180787 0.502
0.183768 0.4995
0.186513 0.505
0.189475 0.5045
0.192497 0.502
0.195758 0.5
0.1988 0.4945
0.201918 0.498
0.20495 0.499
0.207928 0.5015
0.211062 0.505
0.214359 0.5025
0.217667 0.502
0.220895 0.503
0.224195 0.5015
0.22755 0.5035
0.231171 0.5005
0.234445 0.4995
0.237759 0.5025
0.241501 0.504
0.24538 0.502
0.249172 0.5035
0.252552 0.501
0.256384 0.5035
0.260579 0.5045
0.264195 0.5045
0.267903 0.5015
0.272008 0.5065
0.276815 0.496
0.281238 0.495
0.284843 0.4925
0.289143 0.492
0.292734 0.494
0.297603 0.498
0.302857 0.495
0.307049 0.49
0.311527 0.4975
0.316367 0.499
0.32093 0.4955
0.325611 0.493
0.330553 0.4945
0.334856 0.4985
0.339859 0.5
0.344453 0.4955
0.349629 0.4985
0.354399 0.496
0.36009 0.498
0.365458 0.499
0.370092 0.4985
0.375032 0.4945
0.379744 0.495
0.384185 0.493
0.388577 0.491
0.392988 0.4915
0.396904 0.4915
0.400888 0.495
0.405744 0.4945
0.410022 0.4935
0.414063 0.496
0.418002 0.501
0.421664 0.4975
0.425673 0.5
0.429845 0.5025
0.433977 0.5025
0.437636 0.504
0.440962 0.503
0.444617 0.503
0.448178 0.5065
0.452176 0.507
0.455125 0.5095
0.458238 0.5055
0.461842 0.511
0.465147 0.5125
0.467859 0.5125
0.470668 0.5125
0.473958 0.515
0.476912 0.5195
0.479403 0.5235
0.482054 0.5225
0.484586 0.5245
0.487065 0.525
0.489209 0.5285
0.491603 0.5305
0.494217 0.5325
0.496653 0.5345
0.498949 0.531
0.501176 0.5315
0.503618 0.5355
0.505635 0.5345
0.507798 0.5365
0.50965 0.537
0.511996 0.5375
0.513728 0.537
0.515517 0.5395
0.517456 0.541
0.519302 0.541
0.521151 0.544
0.522477 0.545
0.524086 0.543
0.525448 0.542
0.526955 0.543
0.528454 0.544
0.529973 0.5435
0.531366 0.542
0.532844 0.545
0.534485 0.5455
0.53575 0.5465
0.536764 0.548
0.537867 0.549
0.539083 0.549
0.540428 0.5465
0.541764 0.5465
0.543076 0.5475
0.544251 0.5485
0.545546 0.548
0.5466 0.55
0.547739 0.5525
0.548951 0.5525
0.549962 0.554
0.551193 0.5565
0.552201 0.558
0.553279 0.5595
0.554294 0.559
0.555225 0.558
0.556191 0.5595
0.556981 0.559
0.557963 0.561
0.558944 0.564
0.559918 0.564
0.56084 0.5655
0.561828 0.568
0.56281 0.569
0.563984 0.5695
0.565001 0.5685
0.566016 0.5685
0.567071 0.566
0.568009 0.568
0.568959 0.569
0.569934 0.5695
0.571044 0.572
0.571944 0.5725
0.572984 0.571
0.573906 0.5715
0.574834 0.572
0.575767 0.572
0.576596 0.572
0.577677 0.5735
0.578584 0.5755
0.579549 0.5765
0.580404 0.5765
0.581335 0.5725
0.582274 0.573
0.583292 0.5745
0.584157 0.575
0.585074 0.578
0.586055 0.5815
0.586887 0.5825
0.587816 0.5805
0.588654 0.579
0.589572 0.5795
0.590429 0.5805
0.591337 0.5795
0.592195 0.584
0.593106 0.5835
0.594007 0.5825
0.594936 0.586
0.595853 0.587
0.59674 0.5855
0.597733 0.5855
0.598692 0.583
0.5996 0.583
0.600455 0.5835
0.60141 0.585
0.602446 0.5875
0.603326 0.5875
0.604246 0.587
0.605131 0.587
0.605969 0.5875
0.606813 0.5875
0.607829 0.587
0.608631 0.587
0.609616 0.5865
0.610496 0.5885
0.61148 0.5885
0.612367 0.5895
0.61319 0.5905
0.614089 0.59
0.614994 0.5915
0.615963 0.5935
0.616855 0.593
0.617679 0.592
0.618587 0.591
0.61946 0.5935
0.620404 0.592
0.621279 0.5915
0.622121 0.5895
0.623028 0.59
0.624014 0.5915
0.62479 0.591
0.625599 0.5895
0.626685 0.5905
0.627553 0.5935
0.628467 0.5955
0.629429 0.5985
0.630246 0.5995
0.631153 0.598
0.632079 0.598
0.632951 0.599
0.633881 0.5995
0.634732 0.5975
0.635834 0.6
0.636778 0.6005
0.637728 0.5995
0.638694 0.601
0.639567 0.602
0.640426 0.6025
0.6413 0.6035
0.642191 0.604
0.642995 0.6055
0.643945 0.6065
0.644825 0.6075
0.645596 0.6075
0.646456 0.6075
0.647289 0.608
0.648109 0.609
0.64891 0.6075
0.649871 0.607
0.650753 0.608
0.651686 0.6105
0.652576 0.613
0.65345 0.614
0.654435 0.615
0.655287 0.613
0.656199 0.6155
0.657021 0.616
0.657908 0.6165
0.658794 0.617
0.659648 0.6175
0.660581 0.6185
0.661478 0.6195
0.662374 0.62
0.663269 0.6195
0.664183 0.62
0.665069 0.619
0.666042 0.619
0.666991 0.62
0.667841 0.6195
0.668775 0.6185
0.66964 0.62
0.67037 0.62
0.671261 0.6195
0.672099 0.62
0.673044 0.6215
0.673971 0.62
0.674881 0.622
0.675739 0.6215
0.676882 0.6225
0.677742 0.6225
0.67867 0.623
0.679544 0.6245
0.68041 0.625
0.68129 0.6245
0.682248 0.623
0.683198 0.625
0.68406 0.627
0.684909 0.627
0.685799 0.629
0.686668 0.6305
0.687666 0.631
0.688618 0.6305
0.689444 0.6305
0.690429 0.6315
0.691267 0.6305
0.692094 0.632
0.693025 0.6325
0.694123 0.634
0.694967 0.635
0.695836 0.634
0.696764 0.6335
0.697757 0.6335
0.698567 0.635
0.699417 0.637
0.700336 0.6385
0.701374 0.6365
0.702225 0.636
0.70316 0.6345
0.704001 0.634
0.70484 0.636
0.705748 0.6375
0.706641 0.6375
0.707391 0.6375
0.708312 0.639
0.709264 0.6395
0.710206 0.64
0.711121 0.6405
0.711996 0.64
0.713024 0.64
0.713853 0.64
0.714757 0.64
0.715599 0.6395
0.716476 0.639
0.717297 0.639
0.7183 0.6405
0.719209 0.64
0.720155 0.641
0.721007 0.6375
0.721982 0.64
0.722893 0.6425
0.723895 0.643
0.724859 0.6435
0.725907 0.6445
0.726686 0.6465
0.727581 0.6475
0.728353 0.6475
0.729248 0.647
0.730321 0.6485
0.731165 0.6485
0.73208 0.6495
0.733089 0.649
0.734111 0.65
0.734985 0.6505
0.735976 0.6515
0.736866 0.653
0.737729 0.6525
0.738739 0.653
0.739655 0.6525
0.740579 0.6515
0.741433 0.651
0.742419 0.652
0.743438 0.651
0.744328 0.651
0.745286 0.65
0.746261 0.65
0.747169 0.65
0.747985 0.65
0.748872 0.6515
0.749749 0.6515
0.750699 0.654
0.751739 0.655
0.752699 0.656
0.753587 0.656
0.754443 0.6555
0.755469 0.6555
0.756453 0.655
0.757577 0.656
0.758457 0.655
0.759288 0.656
0.7602 0.657
0.761147 0.657
0.762227 0.657
0.763159 0.6565
0.764108 0.6555
0.765223 0.6565
0.766235 0.6565
0.76716 0.6565
0.768082 0.6565
0.768868 0.657
0.769821 0.6565
0.770831 0.6575
0.771826 0.6585
0.772773 0.6575
0.773688 0.6575
0.774596 0.657
0.775556 0.6575
0.776505 0.6585
0.77742 0.659
0.778546 0.659
0.779446 0.6595
0.780395 0.6595
0.781474 0.66
0.782664 0.662
0.783606 0.6625
0.784771 0.662
0.785639 0.6615
0.786906 0.663
0.787933 0.6635
0.7889 0.664
0.790077 0.6635
0.79127 0.6635
0.792381 0.6635
0.793702 0.6665
0.794822 0.667
0.795995 0.6685
0.797065 0.669
0.798109 0.669
0.799248 0.6685
0.800427 0.669
0.801383 0.67
0.802316 0.6695
0.803337 0.6685
0.80458 0.6705
0.80562 0.672
0.80672 0.6725
0.807892 0.6725
0.808997 0.673
0.810136 0.6725
0.811276 0.673
0.812417 0.6745
0.81376 0.6735
0.814784 0.673
0.815858 0.6725
0.81698 0.6715
0.818161 0.672
0.81917 0.6725
0.820212 0.6725
0.82135 0.672
0.82282 0.6735
0.824063 0.6745
0.825264 0.675
0.826553 0.675
0.827775 0.6755
0.829117 0.676
0.830248 0.6755
0.831795 0.6755
0.833134 0.6765
0.834256 0.6775
0.835816 0.679
0.83723 0.679
0.838479 0.679
0.840044 0.6785
0.8415 0.6795
0.842888 0.678
0.844022 0.6795
0.845281 0.679
0.84644 0.68
0.84772 0.68
0.849251 0.681
0.85065 0.682
0.8521 0.682
0.853768 0.6825
0.85535 0.684
0.856998 0.684
0.858397 0.684
0.859866 0.684
0.861484 0.685
0.862975 0.685
0.864261 0.6855
0.865824 0.6845
0.867461 0.686
0.869249 0.687
0.870669 0.687
0.87198 0.686
0.873749 0.688
0.875171 0.688
0.87666 0.6875
0.878426 0.688
0.879876 0.688
0.881582 0.6885
0.88349 0.6885
0.885506 0.689
0.887493 0.688
0.889328 0.6885
0.891213 0.69
0.893372 0.691
0.894848 0.692
0.897525 0.693
0.899458 0.6935
0.90127 0.6945
0.903303 0.6955
0.905273 0.696
0.90732 0.6955
0.909823 0.6975
0.912007 0.697
0.914622 0.699
0.917136 0.6995
0.919247 0.7005
0.921775 0.701
0.923865 0.7015
0.92587 0.702
0.927714 0.7015
0.929919 0.7025
0.932509 0.703
0.935244 0.704
0.937351 0.705
0.939373 0.706
0.942476 0.7065
0.944722 0.7065
0.948073 0.7075
0.951469 0.707
0.954687 0.7085
0.957315 0.7095
0.961675 0.713
0.964393 0.713
0.96837 0.714
0.972709 0.7145
0.97668 0.714
0.979979 0.714
0.984151 0.716
0.988041 0.7175
0.992164 0.718
0.995385 0.7195
0.999849 0.722
1.00338 0.7235
1.00785 0.725
1.01251 0.7255
1.01909 0.728
1.02431 0.7285
1.02906 0.7305
1.03595 0.7315
1.04278 0.733
1.0504 0.7365
1.0569 0.7385
1.06276 0.739
1.06899 0.741
1.07525 0.7415
1.08045 0.7435
1.08683 0.7455
1.09086 0.7455
1.0954 0.746
1.10343 0.7475
1.10982 0.749
1.11603 0.7505
1.12292 0.7505
1.12758 0.751876
1.13474 0.753377
1.1453 0.755378
1.15193 0.755878
1.15806 0.757257
1.16556 0.758759
1.17283 0.760521
1.17962 0.762406
1.19127 0.765414
1.19868 0.7668
1.20709 0.770196
1.21376 0.771974
1.22329 0.774485
1.23627 0.77549
1.24359 0.776494
1.25457 0.778001
1.26391 0.779006
1.27244 0.780905
1.27848 0.78309
1.28088 0.783375
1.28967 0.786687
1.29545 0.787481
1.30567 0.788782
1.31585 0.792615
1.32885 0.794133
1.33664 0.795144
1.34357 0.79504
1.35135 0.796859
1.361 0.796859
1.36989 0.79777
1.37918 0.799189
1.39127 0.799696
1.40003 0.80071
1.41166 0.802231
1.41888 0.802946
1.42393 0.803254
1.43209 0.804071
1.43802 0.803971
1.45068 0.805499
1.45896 0.805909
1.46793 0.805711
1.48049 0.806633
1.48029 0.807161
1.48517 0.807476
1.49232 0.807791
1.50433 0.808205
1.51507 0.808107
1.52975 0.809133
1.53811 0.80945
1.54669 0.810283
1.55723 0.810797
1.56543 0.811117
1.57172 0.811856
1.57593 0.812081
1.58766 0.8125
1.59893 0.812403
1.61202 0.812403
1.62212 0.812823
1.63364 0.813244
1.64765 0.813244
1.65954 0.813665
1.67308 0.813665
1.68574 0.813568
1.69831 0.81399
1.71099 0.813893
1.72617 0.813893
1.73708 0.814123
1.75004 0.814449
1.76756 0.814449
1.78356 0.814449
1.8034 0.814776
1.82277 0.81468
1.84308 0.814583
1.86011 0.814815
1.87929 0.815144
1.88835 0.81499
1.91257 0.814893
1.93544 0.815126
1.95315 0.815166
1.97905 0.816359
2.00637 0.81679
2.02752 0.81746
2.0445 0.819341
2.0695 0.819829
2.09773 0.820513
2.12808 0.821448
2.15334 0.824514
2.16822 0.829069
2.18447 0.834802
2.18395 0.84058
2.18717 0.848811
2.18817 0.856322
