0.0199842 0.459
0.0211874 0.462
0.0223869 0.449
0.0236476 0.434
0.0249432 0.441
0.026185 0.457
0.0274587 0.442
0.0287266 0.438
0.030021 0.453
0.031346 0.455
0.0326637 0.455
0.0340135 0.463
0.0353721 0.462
0.0367236 0.462
0.0380776 0.468
0.0394646 0.465
0.0409516 0.473
0.0423515 0.478
0.0438091 0.48
0.0452148 0.482
0.0466511 0.487
0.0482021 0.489
0.0497771 0.486
0.0513705 0.499
0.0528615 0.499
0.0544631 0.507
0.0559811 0.513
0.0574881 0.505
0.0590755 0.504
0.0605502 0.498
0.0620309 0.493
0.0635893 0.493
0.065188 0.495
0.0668454 0.491
0.0684065 0.499
0.070063 0.508
0.071854 0.51
0.0737326 0.512
0.0754986 0.511
0.0772109 0.505
0.0789172 0.51
0.080606 0.504
0.0823548 0.496
0.0840642 0.5
0.085715 0.501
0.0874769 0.492
0.0893823 0.496
0.0912421 0.49
0.0930992 0.495
0.0951207 0.502
0.0969926 0.51
0.0992378 0.511
0.101279 0.495
0.103379 0.496
0.105405 0.504
0.107387 0.501
0.109382 0.502
0.111257 0.501
0.113058 0.504
0.11511 0.499
0.117297 0.493
0.119351 0.496
0.121706 0.496
0.124064 0.497
0.12627 0.486
0.128486 0.485
0.130823 0.483
0.133006 0.489
0.135324 0.495
0.137736 0.492
0.14038 0.489
0.142801 0.494
0.145362 0.491
0.147903 0.494
0.15043 0.489
0.152855 0.49
0.15546 0.489
0.157967 0.487
0.160707 0.489
0.163264 0.498
0.166217 0.493
0.169118 0.492
0.171817 0.492
0.174427 0.486
0.176929 0.487
0.179541 0.486
0.182516 0.499
0.185696 0.503
0.188613 0.502
0.191514 0.498
0.194594 0.503
0.197599 0.494
0.201 0.491
0.20436 0.491
0.207224 0.491
0.210109 0.484
0.212684 0.486
0.215326 0.481
0.218523 0.478
0.222304 0.483
0.225762 0.48
0.228819 0.48
0.232336 0.485
0.235663 0.489
0.239505 0.49
0.242659 0.491
0.246344 0.49
0.250104 0.488
0.253736 0.489
0.257462 0.493
0.261416 0.495
0.265886 0.499
0.269946 0.495
0.273592 0.503
0.278408 0.496
0.28329 0.501
0.288079 0.498
0.292846 0.496
0.296593 0.496
0.30092 0.495
0.305151 0.494
0.309039 0.491
0.313309 0.489
0.31848 0.495
0.322963 0.496
0.327115 0.493
0.332066 0.499
0.336272 0.508
0.341573 0.512
0.346395 0.512
0.352148 0.515
0.357667 0.507
0.3634 0.506
0.368428 0.506
0.372726 0.505
0.377129 0.513
0.380922 0.516
0.385703 0.516
0.390201 0.524
0.395577 0.522
0.399601 0.519
0.404427 0.512
0.408191 0.514
0.412824 0.514
0.417051 0.511
0.421371 0.514
0.425096 0.52
0.428807 0.52
0.432151 0.527
0.436772 0.532
0.440532 0.529
0.444745 0.529
0.447563 0.532
0.451164 0.525
0.454822 0.52
0.458769 0.517
0.462232 0.517
0.465186 0.517
0.468002 0.524
0.470383 0.524
0.473431 0.528
0.477075 0.53
0.479423 0.533
0.48195 0.537
0.484352 0.541
0.487504 0.539
0.489946 0.539
0.4918 0.537
0.494551 0.539
0.497552 0.544
0.500076 0.55
0.502749 0.555
0.50499 0.558
0.506627 0.564
0.508792 0.569
0.510513 0.574
0.512194 0.571
0.514337 0.572
0.515965 0.577
0.517524 0.578
0.519729 0.581
0.521735 0.583
0.523351 0.581
0.524651 0.58
0.526329 0.579
0.528114 0.585
0.529651 0.58
0.531076 0.582
0.53234 0.581
0.533788 0.588
0.535178 0.586
0.5362 0.592
0.537398 0.59
0.538809 0.587
0.540113 0.586
0.541714 0.582
0.542739 0.583
0.543742 0.587
0.545058 0.589
0.546246 0.588
0.54735 0.584
0.54854 0.588
0.549705 0.587
0.55094 0.583
0.551862 0.583
0.553026 0.581
0.554058 0.584
0.555065 0.578
0.556166 0.578
0.55721 0.577
0.558189 0.575
0.559128 0.582
0.560233 0.58
0.561272 0.581
0.562152 0.585
0.563227 0.589
0.564531 0.593
0.565416 0.594
0.566937 0.595
0.567842 0.595
0.568885 0.592
0.570047 0.595
0.571001 0.595
0.571966 0.595
0.572822 0.597
0.573816 0.598
0.57475 0.599
0.575667 0.601
0.57666 0.597
0.577559 0.597
0.578435 0.596
0.579343 0.599
0.580376 0.603
0.581294 0.605
0.58224 0.605
0.583198 0.608
0.584093 0.611
0.584863 0.613
0.585744 0.612
0.586634 0.608
0.587464 0.606
0.588326 0.607
0.589192 0.611
0.59005 0.612
0.590936 0.609
0.591781 0.61
0.592692 0.611
0.593547 0.608
0.594488 0.607
0.595287 0.607
0.59626 0.612
0.597189 0.612
0.598003 0.612
0.599023 0.614
0.60001 0.614
0.600751 0.615
0.60182 0.618
0.602748 0.616
0.603704 0.618
0.604591 0.618
0.605404 0.617
0.606252 0.617
0.607068 0.615
0.607965 0.614
0.60873 0.614
0.60959 0.616
0.610423 0.617
0.611613 0.621
0.612561 0.622
0.61336 0.622
0.614198 0.622
0.615266 0.623
0.616266 0.624
0.61725 0.624
0.618061 0.626
0.618941 0.626
0.619952 0.628
0.62081 0.63
0.621768 0.632
0.622736 0.633
0.623661 0.638
0.624559 0.639
0.625466 0.64
0.626531 0.638
0.627474 0.636
0.628416 0.636
0.629397 0.637
0.630352 0.636
0.631109 0.635
0.632029 0.641
0.632939 0.641
0.633858 0.641
0.634777 0.64
0.635652 0.64
0.636468 0.639
0.637442 0.641
0.638406 0.642
0.639405 0.644
0.640099 0.641
0.640871 0.642
0.641834 0.641
0.642655 0.64
0.643403 0.642
0.644261 0.641
0.645333 0.641
0.646272 0.64
0.647182 0.642
0.648097 0.646
0.648866 0.645
0.649833 0.645
0.65077 0.644
0.651517 0.647
0.652596 0.65
0.653425 0.653
0.654411 0.653
0.655321 0.653
0.656245 0.651
0.657146 0.649
0.658039 0.651
0.658916 0.651
0.659947 0.651
0.660875 0.652
0.661837 0.652
0.662636 0.651
0.663561 0.653
0.664508 0.658
0.665541 0.659
0.66638 0.658
0.667252 0.658
0.668068 0.659
0.668939 0.66
0.669685 0.66
0.670593 0.662
0.671611 0.665
0.672429 0.665
0.673316 0.664
0.674248 0.665
0.675071 0.668
0.675889 0.666
0.676845 0.667
0.67768 0.668
0.678496 0.668
0.679343 0.669
0.68021 0.669
0.681037 0.671
0.681983 0.673
0.682745 0.675
0.68369 0.674
0.684549 0.676
0.68535 0.677
0.686225 0.677
0.686956 0.675
0.68777 0.677
0.688523 0.677
0.689477 0.677
0.690278 0.679
0.691116 0.678
0.691951 0.678
0.69275 0.68
0.693437 0.68
0.694121 0.682
0.694986 0.682
0.695682 0.681
0.696631 0.68
0.697547 0.681
0.698367 0.682
0.699294 0.685
0.70016 0.684
0.701038 0.685
0.70194 0.684
0.70266 0.684
0.703483 0.683
0.704324 0.682
0.705136 0.681
0.706085 0.681
0.706943 0.683
0.707826 0.683
0.708624 0.684
0.709508 0.685
0.710448 0.685
0.711344 0.683
0.712257 0.684
0.713113 0.684
0.713999 0.686
0.715046 0.685
0.716004 0.685
0.717082 0.686
0.71791 0.69
0.71894 0.689
0.719835 0.689
0.720823 0.689
0.721632 0.69
0.722475 0.691
0.723425 0.69
0.724351 0.69
0.725242 0.69
0.7263 0.688
0.727464 0.691
0.728352 0.691
0.72925 0.691
0.730145 0.689
0.731153 0.69
0.732284 0.692
0.733269 0.693
0.734202 0.693
0.735086 0.693
0.735966 0.693
0.736774 0.694
0.737633 0.694
0.738803 0.694
0.739785 0.697
0.740857 0.698
0.741786 0.7
0.742906 0.699
0.743562 0.697
0.744389 0.698
0.745165 0.698
0.746146 0.7
0.747062 0.7
0.74806 0.701
0.749036 0.7
0.749908 0.7
0.750906 0.698
0.751865 0.698
0.753006 0.698
0.754061 0.699
0.754904 0.7
0.75588 0.702
0.756992 0.703
0.757972 0.704
0.758855 0.703
0.759797 0.702
0.760789 0.701
0.761565 0.702
0.762466 0.701
0.763457 0.702
0.764516 0.703
0.765429 0.702
0.766312 0.701
0.767291 0.702
0.768486 0.702
0.769398 0.702
0.77031 0.704
0.771401 0.705
0.772277 0.705
0.773194 0.704
0.774154 0.702
0.77531 0.703
0.776246 0.703
0.777125 0.704
0.77817 0.704
0.779 0.703
0.779952 0.703
0.780856 0.704
0.781747 0.706
0.782714 0.705
0.783755 0.704
0.784933 0.706
0.785955 0.706
0.787013 0.707
0.788408 0.708
0.789617 0.709
0.790819 0.708
0.79188 0.708
0.792745 0.708
0.793687 0.707
0.794771 0.708
0.795621 0.71
0.796664 0.71
0.797596 0.709
0.798656 0.708
0.799743 0.71
0.800553 0.709
0.801848 0.71
0.802593 0.71
0.803729 0.712
0.804651 0.712
0.805533 0.713
0.8066 0.716
0.807687 0.716
0.808566 0.715
0.809539 0.716
0.810721 0.717
0.811691 0.716
0.812757 0.716
0.813936 0.716
0.815079 0.716
0.816262 0.718
0.81708 0.717
0.818253 0.716
0.819417 0.717
0.820393 0.717
0.821422 0.718
0.823128 0.715
0.824312 0.715
0.825513 0.714
0.826577 0.715
0.827886 0.715
0.829052 0.716
0.830187 0.716
0.831355 0.716
0.832763 0.716
0.834013 0.719
0.83528 0.72
0.836531 0.721
0.837937 0.723
0.839136 0.723
0.840594 0.723
0.841937 0.723
0.843531 0.724
0.845072 0.724
0.846514 0.726
0.847675 0.726
0.84879 0.727
0.849924 0.728
0.851239 0.728
0.852453 0.728
0.853912 0.729
0.855133 0.729
0.856549 0.73
0.857689 0.729
0.859162 0.729
0.860404 0.73
0.861729 0.731
0.863539 0.733
0.864719 0.733
0.866734 0.733
0.868208 0.733
0.869957 0.733
0.871509 0.733
0.873184 0.732
0.874998 0.735
0.876714 0.735
0.878756 0.735
0.880343 0.734
0.882151 0.734
0.884435 0.733
0.886111 0.734
0.887623 0.732
0.889413 0.733
0.891799 0.734
0.89387 0.735
0.895577 0.736
0.897189 0.738
0.898909 0.739
0.901814 0.737
0.904009 0.737
0.906202 0.737
0.908205 0.736
0.910956 0.737
0.914176 0.737
0.916426 0.738
0.918931 0.74
0.921069 0.74
0.923211 0.741
0.925838 0.743
0.927623 0.743
0.929545 0.743
0.932761 0.745
0.934692 0.746
0.937568 0.748
0.940651 0.747
0.944442 0.75
0.946902 0.751
0.949791 0.752
0.952091 0.752
0.95375 0.752
0.956038 0.752
0.9588 0.753
0.962212 0.755
0.964902 0.755
0.967976 0.755
0.971218 0.755
0.97359 0.755
0.976072 0.756
0.978896 0.757
0.98322 0.756
0.98682 0.759
0.989476 0.759
0.994067 0.76
0.996952 0.761
1.00112 0.761
1.00853 0.763
1.01525 0.765
1.02168 0.765
1.02682 0.765
1.03044 0.765
1.03451 0.766
1.04123 0.768
1.05068 0.772
1.05583 0.772
1.06092 0.774
1.0671 0.774
1.07892 0.777
1.08355 0.778
1.08959 0.779
1.09911 0.783
1.11033 0.785
1.11726 0.787
1.12515 0.79
1.13222 0.792
1.13621 0.792
1.14268 0.793
1.15385 0.794
1.16393 0.796
1.17011 0.797
1.17508 0.798
1.18203 0.798
1.19137 0.801802
1.20213 0.802803
1.20835 0.806613
1.21835 0.805611
1.22092 0.804413
1.23067 0.807422
1.24385 0.809428
1.25121 0.813253
1.25964 0.814257
1.27152 0.817269
1.27907 0.821106
1.28822 0.821106
1.29409 0.821106
1.30126 0.821106
1.3142 0.822111
1.32743 0.822111
1.3255 0.821752
1.33527 0.822581
1.34778 0.822581
1.3636 0.826438
1.37423 0.829293
1.38049 0.830131
1.39748 0.832996
1.41057 0.834008
1.41196 0.834518
1.41605 0.835366
1.42367 0.835366
1.43589 0.836216
1.43567 0.836901
1.44485 0.837755
1.45563 0.837755
1.46617 0.837755
1.47503 0.838446
1.48517 0.838446
1.49279 0.839304
1.50181 0.839304
1.50371 0.84
1.51397 0.84
1.5245 0.839836
1.53796 0.840862
1.54966 0.840862
1.55983 0.840862
1.56599 0.840699
1.57656 0.840699
1.58504 0.841401
1.5938 0.842268
1.60015 0.842105
1.61224 0.842105
1.62287 0.843137
1.63057 0.843847
1.63696 0.843685
1.64723 0.843523
1.65291 0.843198
1.66126 0.843035
1.67643 0.843035
1.69502 0.843035
1.70798 0.843913
1.72029 0.84375
1.73697 0.84375
1.74515 0.843424
1.7674 0.843424
1.78959 0.843424
1.80239 0.843096
1.82423 0.843096
1.84498 0.843096
1.85367 0.842767
1.86797 0.842602
1.88496 0.842437
1.91059 0.842271
1.92144 0.846723
1.95073 0.847619
1.96828 0.848195
1.99242 0.848936
2.02319 0.850746
2.05266 0.850267
2.06926 0.855759
2.09452 0.860238
2.10485 0.862445
2.13323 0.863886
2.1416 0.868217
2.15076 0.87964
2.16815 0.883087
