0.0199312 0.4965
0.021153 0.493
0.0223864 0.4935
0.0236391 0.499
0.024924 0.497
0.026207 0.4905
0.0275108 0.4855
0.028839 0.4895
0.0301706 0.4975
0.0315085 0.497
0.0328485 0.4955
0.0342229 0.5035
0.0355484 0.5015
0.0368907 0.502
0.0382681 0.497
0.0396624 0.488
0.0410266 0.488
0.0424005 0.488
0.043871 0.4905
0.0453129 0.495
0.0468168 0.4875
0.0483301 0.4885
0.0498188 0.4875
0.051371 0.487
0.0528966 0.488
0.0544423 0.4885
0.0559772 0.4885
0.0575181 0.4925
0.0591203 0.4905
0.0606583 0.493
0.0622407 0.5025
0.0638901 0.504
0.0655255 0.5005
0.0672203 0.5095
0.0689394 0.5105
0.0706773 0.5055
0.0724205 0.506
0.0741803 0.5055
0.0759238 0.5035
0.0777329 0.501
0.0794749 0.502
0.0812477 0.4985
0.0830999 0.4965
0.0849158 0.498
0.0867506 0.504
0.0885285 0.4995
0.0903678 0.4995
0.0924095 0.499
0.0944097 0.4935
0.096342 0.497
0.0982513 0.499
0.100233 0.5075
0.102179 0.514
0.104215 0.5155
0.106352 0.5175
0.108358 0.514
0.110392 0.5135
0.112302 0.515
0.114356 0.516
0.116422 0.519
0.118477 0.5255
0.120711 0.5235
0.123052 0.525
0.125409 0.5245
0.127658 0.5215
0.129772 0.521
0.13206 0.5175
0.134406 0.518
0.136603 0.514
0.138693 0.5105
0.141181 0.5035
0.143593 0.502
0.145818 0.5035
0.148115 0.505
0.150702 0.5065
0.152964 0.5085
0.15552 0.5035
0.15791 0.5055
0.160501 0.5045
0.163001 0.5055
0.165465 0.5095
0.168077 0.5115
0.170722 0.5105
0.1734 0.5095
0.176787 0.507
0.179491 0.5085
0.182464 0.5015
0.185453 0.501
0.188403 0.501
0.191694 0.5105
0.194541 0.5155
0.197633 0.519
0.200566 0.5195
0.203402 0.5155
0.206547 0.515
0.209544 0.5155
0.212943 0.5165
0.21642 0.513
0.219837 0.514
0.222926 0.5075
0.226313 0.5065
0.229607 0.5085
0.232793 0.507
0.236034 0.5035
0.239217 0.507
0.24303 0.5105
0.246707 0.5065
0.250551 0.504
0.25441 0.5055
0.257996 0.5055
0.261753 0.5035
0.265873 0.5085
0.269522 0.5055
0.274077 0.5115
0.278328 0.5125
0.282525 0.5105
0.287422 0.5085
0.292084 0.5095
0.296534 0.5085
0.301144 0.51
0.305479 0.5105
0.309402 0.508
0.314089 0.5065
0.318429 0.504
0.322868 0.503
0.327672 0.502
0.332598 0.5025
0.337612 0.502
0.342375 0.5035
0.3474 0.508
0.352141 0.505
0.356585 0.504
0.361924 0.5005
0.366254 0.4995
0.370803 0.4985
0.374867 0.495
0.379198 0.4935
0.38395 0.4965
0.388953 0.4965
0.393606 0.5
0.397896 0.5
0.402627 0.5045
0.407205 0.502
0.410943 0.5085
0.414958 0.5055
0.418696 0.5095
0.422879 0.5125
0.426579 0.5145
0.430652 0.511
0.434493 0.5105
0.437816 0.5155
0.441704 0.514
0.445441 0.5165
0.448573 0.519
0.452545 0.5205
0.456188 0.5245
0.459194 0.527
0.462844 0.528
0.466131 0.5295
0.469635 0.5325
0.472597 0.5325
0.475635 0.532
0.478586 0.5335
0.480962 0.5355
0.484125 0.537
0.486477 0.538
0.488937 0.54
0.491175 0.54
0.493663 0.5415
0.496286 0.543
0.49845 0.547
0.500517 0.55
0.50255 0.553
0.504548 0.553
0.506501 0.5565
0.508558 0.558
0.510992 0.554
0.512756 0.554
0.51446 0.553
0.516092 0.552
0.517736 0.551
0.519096 0.5515
0.5207 0.5545
0.522273 0.5555
0.524054 0.556
0.526388 0.5555
0.527856 0.555
0.529096 0.5555
0.530519 0.555
0.531723 0.558
0.533208 0.559
0.534454 0.561
0.535824 0.5635
0.536931 0.5645
0.538279 0.567
0.53949 0.5685
0.540592 0.5665
0.541975 0.565
0.543296 0.567
0.544446 0.5685
0.545755 0.5685
0.54676 0.5695
0.548032 0.5685
0.549151 0.5675
0.550203 0.568
0.551226 0.568
0.552333 0.568
0.55334 0.569
0.55431 0.57
0.555383 0.57
0.556323 0.5715
0.557298 0.5755
0.558261 0.5775
0.559282 0.578
0.560225 0.5805
0.561189 0.581
0.562109 0.5815
0.563018 0.5825
0.564058 0.583
0.565005 0.584
0.566061 0.5835
0.567026 0.583
0.567956 0.583
0.568865 0.5835
0.569927 0.585
0.570976 0.5855
0.571849 0.5865
0.572916 0.587
0.573833 0.5885
0.574807 0.5885
0.575725 0.589
0.576746 0.5885
0.577686 0.592
0.578527 0.592
0.579504 0.5915
0.580428 0.592
0.581364 0.593
0.582282 0.596
0.583371 0.5965
0.584346 0.5985
0.585186 0.6
0.586052 0.6005
0.58701 0.602
0.587917 0.6005
0.588684 0.599
0.589628 0.602
0.590539 0.604
0.591446 0.6045
0.592301 0.6045
0.593123 0.604
0.593988 0.6045
0.594878 0.605
0.595704 0.606
0.596564 0.607
0.597424 0.6095
0.598142 0.6115
0.599006 0.6115
0.599941 0.613
0.600796 0.6135
0.601764 0.613
0.602541 0.613
0.603335 0.6115
0.604266 0.614
0.605248 0.6125
0.606189 0.613
0.607016 0.612
0.608007 0.6115
0.608828 0.614
0.609721 0.6165
0.610596 0.615
0.611472 0.615
0.612405 0.615
0.613347 0.6165
0.61429 0.6165
0.615106 0.616
0.616 0.6175
0.616939 0.618
0.617941 0.6165
0.618767 0.617
0.619587 0.6145
0.620577 0.617
0.621489 0.6175
0.622311 0.6195
0.623191 0.6205
0.624068 0.62
0.62493 0.6185
0.625794 0.619
0.62672 0.621
0.627667 0.618
0.628549 0.6195
0.629493 0.62
0.630457 0.6195
0.631359 0.62
0.632248 0.6205
0.63309 0.62
0.63407 0.621
0.634884 0.621
0.635778 0.6205
0.636628 0.62
0.637542 0.62
0.63848 0.621
0.639418 0.623
0.64048 0.6235
0.641518 0.6245
0.642387 0.624
0.643308 0.624
0.644213 0.626
0.645083 0.625
0.645917 0.6235
0.646887 0.625
0.647912 0.6235
0.648773 0.626
0.649671 0.626
0.650591 0.626
0.651536 0.627
0.652385 0.627
0.653266 0.626
0.654318 0.628
0.65526 0.6265
0.656256 0.629
0.657209 0.6285
0.658228 0.6285
0.659147 0.6275
0.660083 0.6295
0.660962 0.628
0.661786 0.6275
0.662583 0.6285
0.663399 0.6285
0.664343 0.6305
0.665202 0.6325
0.665992 0.6325
0.666876 0.6335
0.667689 0.634
0.668649 0.636
0.669474 0.6365
0.67036 0.6375
0.671296 0.635
0.672108 0.634
0.672974 0.635
0.673837 0.635
0.674656 0.6355
0.67557 0.6365
0.676446 0.6365
0.677388 0.6355
0.678244 0.636
0.679031 0.6355
0.679893 0.6365
0.680735 0.6385
0.681577 0.639
0.682441 0.6395
0.683177 0.64
0.684005 0.6395
0.684839 0.6405
0.685659 0.641
0.686446 0.6415
0.687288 0.6415
0.688134 0.6405
0.688934 0.64
0.689883 0.643
0.690688 0.6435
0.691492 0.644
0.692562 0.645
0.693513 0.6465
0.694405 0.645
0.695389 0.6435
0.696331 0.646
0.697185 0.6465
0.698031 0.6455
0.698946 0.646
0.699885 0.644
0.700756 0.6435
0.701592 0.645
0.702502 0.6465
0.703395 0.647
0.70415 0.6475
0.705038 0.6475
0.705977 0.649
0.706864 0.648
0.707716 0.648
0.708524 0.648
0.709446 0.6495
0.71027 0.65
0.711195 0.6495
0.71204 0.649
0.712986 0.648
0.714134 0.649
0.715034 0.6505
0.715893 0.65
0.716778 0.6505
0.717798 0.6515
0.718633 0.652
0.719561 0.6515
0.720461 0.653
0.721436 0.6535
0.722261 0.654
0.72313 0.655
0.723999 0.6555
0.724814 0.655
0.725669 0.6545
0.726648 0.655
0.727545 0.656
0.728409 0.6555
0.729386 0.657
0.730298 0.6585
0.73113 0.658
0.732102 0.659
0.733113 0.658
0.733973 0.6595
0.73487 0.6595
0.735756 0.6585
0.736693 0.6605
0.737685 0.661
0.738504 0.662
0.739496 0.6625
0.740388 0.663
0.741275 0.663
0.742362 0.6625
0.743239 0.6625
0.744077 0.6635
0.745193 0.6645
0.746235 0.664
0.747192 0.6635
0.748309 0.663
0.749294 0.6635
0.750161 0.663
0.751109 0.6625
0.752083 0.6625
0.753077 0.6615
0.753935 0.6625
0.754909 0.663
0.755873 0.6645
0.756886 0.666
0.757834 0.6675
0.758825 0.668
0.759678 0.6675
0.760502 0.6675
0.761441 0.669
0.762383 0.6685
0.76345 0.6685
0.764431 0.6685
0.765335 0.6675
0.766434 0.667
0.767344 0.667
0.768271 0.667
0.769214 0.668
0.770086 0.667
0.771297 0.6675
0.77219 0.668
0.773202 0.668
0.774168 0.671
0.774976 0.671
0.776028 0.67
0.777068 0.6705
0.7781 0.6715
0.779108 0.673
0.78031 0.674
0.781148 0.6745
0.782177 0.6745
0.783099 0.675
0.784224 0.6765
0.785054 0.6775
0.786205 0.679
0.787083 0.6795
0.788172 0.6805
0.789091 0.68
0.789976 0.6815
0.791254 0.6825
0.792229 0.682
0.793331 0.683
0.794296 0.6835
0.795432 0.6845
0.796464 0.6835
0.797481 0.685
0.798704 0.684
0.799799 0.684
0.800894 0.685
0.802189 0.685
0.803466 0.6855
0.804721 0.684
0.806008 0.6855
0.80715 0.6865
0.808348 0.6865
0.809547 0.6855
0.810803 0.6855
0.81193 0.685
0.813405 0.685
0.814587 0.685
0.815678 0.6845
0.816956 0.685
0.818101 0.685
0.819315 0.6875
0.820477 0.689
0.821653 0.69
0.82294 0.6915
0.823896 0.6915
0.824856 0.692
0.825948 0.691
0.827244 0.691
0.828611 0.69
0.82967 0.69
0.830878 0.692
0.83217 0.6915
0.833402 0.6925
0.834713 0.692
0.835979 0.6925
0.837332 0.693
0.838602 0.693
0.84003 0.693
0.841268 0.692
0.842312 0.6915
0.843571 0.692
0.845153 0.692
0.846354 0.693
0.847839 0.694
0.84931 0.6945
0.850609 0.6945
0.851852 0.695
0.853387 0.6955
0.854677 0.6955
0.856168 0.6965
0.857338 0.697
0.858809 0.697
0.86034 0.696
0.861798 0.6965
0.863166 0.6975
0.865005 0.698
0.866371 0.6995
0.868042 0.7
0.869451 0.7
0.87108 0.7015
0.872774 0.7015
0.87438 0.7015
0.875929 0.703
0.877571 0.704
0.879639 0.7035
0.881025 0.704
0.88263 0.704
0.884426 0.7045
0.886332 0.705
0.888009 0.7045
0.889689 0.7055
0.891964 0.7065
0.894129 0.707
0.895839 0.708
0.898332 0.7095
0.900602 0.7105
0.90288 0.7115
0.905066 0.7115
0.907084 0.712
0.908568 0.7115
0.910885 0.7115
0.913185 0.7115
0.915162 0.712
0.917682 0.713
0.920007 0.7145
0.922536 0.715
0.9245 0.7145
0.927699 0.7155
0.929917 0.7165
0.93252 0.718
0.935473 0.7195
0.938071 0.72
0.940641 0.722
0.944001 0.7235
0.947725 0.723
0.950536 0.724
0.953707 0.7255
0.956557 0.7265
0.961103 0.7275
0.964319 0.728
0.967364 0.729
0.970627 0.7305
0.972949 0.7315
0.976464 0.7325
0.980541 0.7335
0.985957 0.736
0.989701 0.7375
0.992366 0.7375
0.995591 0.738
0.999283 0.739
1.00394 0.7405
1.0082 0.7425
1.01229 0.7435
1.01571 0.7445
1.01989 0.746
1.02465 0.748
1.03016 0.749
1.03418 0.7505
1.03969 0.7535
1.04511 0.754
1.04906 0.754
1.05727 0.756
1.06305 0.7575
1.06892 0.76
1.07465 0.7615
1.08391 0.7645
1.08889 0.765
1.0956 0.766
1.10242 0.7675
1.11196 0.7705
1.11463 0.771386
1.1255 0.774387
1.13124 0.774387
1.13125 0.775551
1.13877 0.776553
1.1454 0.777054
1.15358 0.778056
1.15978 0.779449
1.16969 0.780451
1.17691 0.781344
1.18222 0.781344
1.19586 0.783852
1.2038 0.786252
1.20923 0.788153
1.22037 0.790558
1.22869 0.79196
1.23597 0.79196
1.24063 0.79196
1.25133 0.793763
1.25853 0.794665
1.26805 0.795672
1.27503 0.796576
1.28355 0.797583
1.29277 0.79859
1.30205 0.798992
1.30995 0.799395
1.31753 0.799899
1.32453 0.800403
1.33457 0.800907
1.34329 0.801411
1.35176 0.801311
1.36889 0.803833
1.38062 0.804841
1.39134 0.806159
1.40122 0.807576
1.41107 0.807887
1.42244 0.808392
1.42894 0.809114
1.44396 0.81003
1.45238 0.810345
1.46269 0.811771
1.47332 0.812595
1.48003 0.81393
1.48909 0.814344
1.49835 0.814758
1.50667 0.814664
1.52001 0.814664
1.53341 0.815682
1.54448 0.816098
1.55424 0.816004
1.56225 0.81591
1.56342 0.815534
1.57852 0.816045
1.58961 0.815951
1.59971 0.816368
1.61024 0.816692
1.6213 0.816692
1.63096 0.816504
1.64186 0.816829
1.65083 0.817155
1.66466 0.817155
1.67853 0.817995
1.69452 0.818416
1.71318 0.818416
1.72988 0.818416
1.73594 0.818463
1.75153 0.818885
1.76845 0.818792
1.78607 0.818698
1.80156 0.818605
1.81938 0.818511
1.83606 0.818511
1.8501 0.818653
1.87131 0.818983
1.89393 0.819315
1.91605 0.819553
1.94141 0.819885
1.96671 0.82074
1.98746 0.821503
2.00539 0.823807
2.01838 0.828586
2.04268 0.830508
2.06893 0.833599
2.09578 0.835917
2.11372 0.841313
2.12472 0.845652
2.138 0.851485
2.14216 0.859053
2.12908 0.872086
2.14635 0.878963
