0.0201607 0.508
0.0214176 0.51
0.0226498 0.508
0.0238488 0.527
0.0250761 0.519
0.0263492 0.511
0.0276303 0.516
0.028916 0.504
0.0302371 0.505
0.0314742 0.497
0.0328018 0.486
0.0341627 0.481
0.035487 0.48
0.0368247 0.489
0.0381909 0.481
0.0396372 0.486
0.0410333 0.486
0.0424504 0.482
0.0438569 0.482
0.0453552 0.481
0.046873 0.485
0.0483889 0.486
0.0499552 0.485
0.0515201 0.497
0.0530739 0.508
0.0546494 0.509
0.0561953 0.499
0.0577273 0.488
0.0592479 0.481
0.0608466 0.502
0.0624454 0.504
0.0641239 0.505
0.0657734 0.5
0.0673715 0.498
0.0690273 0.509
0.0705883 0.501
0.0723067 0.507
0.0739095 0.513
0.0756719 0.524
0.0775193 0.523
0.0792954 0.524
0.0812748 0.524
0.0831043 0.519
0.0850945 0.523
0.0870003 0.526
0.0888937 0.526
0.0907042 0.532
0.0925429 0.524
0.0943271 0.515
0.0960806 0.515
0.0980161 0.521
0.099921 0.527
0.102025 0.524
0.10412 0.526
0.106043 0.533
0.107882 0.54
0.110004 0.546
0.112126 0.546
0.114361 0.54
0.116406 0.533
0.118785 0.518
0.120753 0.517
0.12315 0.513
0.125398 0.524
0.127473 0.519
0.129648 0.512
0.132001 0.51
0.134264 0.503
0.136702 0.501
0.139053 0.504
0.141549 0.506
0.143847 0.502
0.1461 0.505
0.148365 0.491
0.151034 0.487
0.153284 0.485
0.155956 0.495
0.158451 0.493
0.16122 0.499
0.163948 0.497
0.166641 0.497
0.169488 0.504
0.172809 0.508
0.175485 0.516
0.178324 0.516
0.180813 0.513
0.18343 0.524
0.186179 0.524
0.188697 0.522
0.191603 0.522
0.194444 0.523
0.197697 0.524
0.200698 0.518
0.203338 0.516
0.207033 0.507
0.209832 0.505
0.213345 0.501
0.216546 0.502
0.219753 0.506
0.223343 0.498
0.226795 0.497
0.230238 0.503
0.234221 0.496
0.238446 0.504
0.242318 0.513
0.246125 0.521
0.250016 0.52
0.25411 0.506
0.258426 0.51
0.262932 0.508
0.267161 0.502
0.271001 0.498
0.275684 0.495
0.279221 0.5
0.28323 0.493
0.287562 0.497
0.292472 0.501
0.296977 0.494
0.301844 0.494
0.306822 0.492
0.311462 0.496
0.316056 0.5
0.319872 0.503
0.324814 0.501
0.32918 0.502
0.333899 0.498
0.338572 0.496
0.344396 0.499
0.349231 0.499
0.354436 0.498
0.358345 0.494
0.363856 0.496
0.368496 0.494
0.372774 0.491
0.376697 0.495
0.381457 0.491
0.385488 0.491
0.390895 0.489
0.394427 0.498
0.399051 0.495
0.403716 0.499
0.407781 0.504
0.4122 0.504
0.416829 0.504
0.421476 0.5
0.426431 0.5
0.430131 0.501
0.43328 0.503
0.437179 0.499
0.440435 0.504
0.444759 0.514
0.447846 0.516
0.45177 0.517
0.455527 0.522
0.459016 0.524
0.462526 0.515
0.465526 0.519
0.467967 0.514
0.470639 0.518
0.473411 0.516
0.476991 0.517
0.479827 0.518
0.48192 0.517
0.484978 0.523
0.487727 0.526
0.490455 0.523
0.492656 0.52
0.494997 0.523
0.497686 0.527
0.499467 0.533
0.501686 0.535
0.503521 0.538
0.505297 0.537
0.507612 0.539
0.509047 0.539
0.510694 0.541
0.5123 0.541
0.514575 0.544
0.516003 0.542
0.51748 0.542
0.519424 0.539
0.521262 0.543
0.522802 0.544
0.524714 0.544
0.526617 0.545
0.528105 0.553
0.529347 0.551
0.53112 0.551
0.532683 0.546
0.533963 0.549
0.535669 0.553
0.536894 0.553
0.538381 0.553
0.539832 0.555
0.540838 0.553
0.541972 0.554
0.542953 0.555
0.544417 0.558
0.545323 0.559
0.546444 0.562
0.547596 0.561
0.548922 0.563
0.549932 0.561
0.550978 0.558
0.552014 0.561
0.552888 0.56
0.553889 0.561
0.554986 0.569
0.556191 0.571
0.557264 0.568
0.558257 0.57
0.559118 0.569
0.56012 0.568
0.561065 0.57
0.561923 0.569
0.563028 0.57
0.563799 0.573
0.564841 0.571
0.565946 0.569
0.566862 0.57
0.567848 0.572
0.568689 0.569
0.569748 0.57
0.570661 0.571
0.57168 0.569
0.572759 0.569
0.573758 0.569
0.574513 0.571
0.575369 0.57
0.576237 0.571
0.57715 0.571
0.57813 0.572
0.579342 0.573
0.580276 0.57
0.581173 0.572
0.582132 0.576
0.583269 0.577
0.584261 0.583
0.585263 0.589
0.58631 0.59
0.587243 0.59
0.588159 0.588
0.589126 0.589
0.590093 0.587
0.590906 0.589
0.592153 0.588
0.593021 0.591
0.593911 0.596
0.594971 0.596
0.595814 0.594
0.596693 0.592
0.597763 0.591
0.598814 0.589
0.599742 0.589
0.600554 0.591
0.601396 0.591
0.602217 0.593
0.603009 0.592
0.604001 0.593
0.604926 0.595
0.605742 0.593
0.606531 0.591
0.607458 0.592
0.608369 0.592
0.609189 0.593
0.610149 0.594
0.611087 0.591
0.612071 0.593
0.61287 0.594
0.613775 0.599
0.614696 0.599
0.615571 0.599
0.61655 0.6
0.617418 0.6
0.618344 0.6
0.619357 0.604
0.620247 0.603
0.621053 0.6
0.621957 0.6
0.622896 0.6
0.623778 0.606
0.624716 0.608
0.625608 0.607
0.626457 0.606
0.627226 0.607
0.628121 0.608
0.629041 0.612
0.629863 0.609
0.630819 0.61
0.631724 0.612
0.632668 0.612
0.63353 0.613
0.634422 0.613
0.635365 0.616
0.63628 0.617
0.637134 0.617
0.637838 0.619
0.638702 0.622
0.639564 0.624
0.640552 0.628
0.64143 0.626
0.642334 0.627
0.643243 0.628
0.644183 0.625
0.644891 0.624
0.645647 0.623
0.646435 0.623
0.647219 0.627
0.648156 0.629
0.649042 0.63
0.649908 0.632
0.650777 0.633
0.65165 0.635
0.65252 0.638
0.653518 0.638
0.65452 0.638
0.655427 0.637
0.6563 0.635
0.657231 0.635
0.658188 0.637
0.659082 0.637
0.660022 0.637
0.660979 0.634
0.66185 0.633
0.662921 0.633
0.663884 0.632
0.664583 0.632
0.665455 0.63
0.666358 0.634
0.66724 0.634
0.6681 0.631
0.669063 0.631
0.669975 0.633
0.670856 0.63
0.671654 0.633
0.672438 0.629
0.673284 0.631
0.674142 0.63
0.674907 0.635
0.675864 0.637
0.676925 0.637
0.677917 0.639
0.678889 0.641
0.679815 0.64
0.680624 0.642
0.681464 0.641
0.682223 0.641
0.683099 0.642
0.683967 0.641
0.68483 0.642
0.685677 0.645
0.686504 0.643
0.687348 0.645
0.688213 0.645
0.688918 0.647
0.689833 0.648
0.690584 0.649
0.691511 0.649
0.692458 0.649
0.693361 0.649
0.694201 0.648
0.695032 0.649
0.696014 0.647
0.696921 0.645
0.697733 0.647
0.698508 0.648
0.699344 0.647
0.700182 0.646
0.701112 0.645
0.702042 0.643
0.702836 0.645
0.703633 0.646
0.704383 0.648
0.70521 0.646
0.705988 0.644
0.707013 0.644
0.707762 0.645
0.708462 0.644
0.709319 0.646
0.710094 0.648
0.710908 0.648
0.711748 0.649
0.71272 0.646
0.71351 0.646
0.714369 0.646
0.715215 0.646
0.716084 0.649
0.71681 0.649
0.717852 0.648
0.718793 0.647
0.719638 0.649
0.720579 0.648
0.721437 0.649
0.722432 0.649
0.72318 0.651
0.724229 0.65
0.725196 0.65
0.726208 0.652
0.727069 0.654
0.728195 0.653
0.729081 0.654
0.72992 0.654
0.730724 0.655
0.731784 0.655
0.732572 0.656
0.733737 0.656
0.734543 0.655
0.735454 0.655
0.736317 0.657
0.737105 0.658
0.738112 0.659
0.738829 0.661
0.739813 0.662
0.740768 0.662
0.741637 0.664
0.742613 0.665
0.743393 0.664
0.744623 0.667
0.745817 0.664
0.746811 0.663
0.74766 0.664
0.748612 0.662
0.749535 0.665
0.750405 0.668
0.751495 0.669
0.752465 0.668
0.753587 0.668
0.754508 0.667
0.755619 0.669
0.75656 0.67
0.75738 0.671
0.758429 0.669
0.759452 0.67
0.760515 0.67
0.761485 0.67
0.762337 0.67
0.763229 0.669
0.763995 0.669
0.764977 0.668
0.766064 0.667
0.767089 0.669
0.76814 0.67
0.769083 0.67
0.769967 0.671
0.770917 0.673
0.771846 0.672
0.772785 0.674
0.77384 0.674
0.774845 0.673
0.775842 0.674
0.776871 0.674
0.777882 0.674
0.778766 0.673
0.77974 0.673
0.780717 0.675
0.781858 0.674
0.783041 0.674
0.783964 0.674
0.785134 0.674
0.786139 0.672
0.786964 0.674
0.788264 0.673
0.789136 0.673
0.790256 0.673
0.791224 0.673
0.792282 0.674
0.793755 0.672
0.794751 0.673
0.796058 0.671
0.796995 0.671
0.797903 0.671
0.799018 0.671
0.800166 0.671
0.801201 0.671
0.802382 0.673
0.803534 0.675
0.80475 0.672
0.805936 0.672
0.806976 0.673
0.808215 0.672
0.809219 0.673
0.810434 0.675
0.811649 0.675
0.813304 0.675
0.814291 0.677
0.815356 0.678
0.816315 0.679
0.81764 0.679
0.818854 0.68
0.820126 0.68
0.82115 0.678
0.822214 0.677
0.823391 0.676
0.824968 0.678
0.826431 0.678
0.828028 0.676
0.829074 0.678
0.830286 0.678
0.83195 0.679
0.833243 0.678
0.83469 0.678
0.836105 0.68
0.837335 0.68
0.838408 0.68
0.839804 0.681
0.840958 0.68
0.84248 0.682
0.843945 0.683
0.84541 0.682
0.846868 0.682
0.848629 0.684
0.850206 0.684
0.851794 0.685
0.85298 0.685
0.854852 0.687
0.856755 0.69
0.858189 0.69
0.859473 0.691
0.86082 0.692
0.862113 0.694
0.863637 0.693
0.864981 0.694
0.866719 0.694
0.867785 0.692
0.869841 0.692
0.871133 0.692
0.872375 0.694
0.874508 0.694
0.875771 0.694
0.878593 0.698
0.879967 0.698
0.881344 0.698
0.883354 0.699
0.885132 0.7
0.886599 0.7
0.88855 0.7
0.890325 0.7
0.891822 0.701
0.893838 0.701
0.895219 0.702
0.896562 0.703
0.898271 0.702
0.900134 0.703
0.90224 0.702
0.904208 0.702
0.906867 0.703
0.909034 0.702
0.911754 0.705
0.913795 0.705
0.916724 0.707
0.918534 0.708
0.920965 0.71
0.922336 0.71
0.92423 0.711
0.926578 0.712
0.929323 0.713
0.931468 0.714
0.933473 0.716
0.935285 0.715
0.93918 0.716
0.941942 0.716
0.944025 0.717
0.946821 0.718
0.949461 0.717
0.951804 0.718
0.954894 0.72
0.958254 0.722
0.961585 0.722
0.96465 0.722
0.968071 0.724
0.97288 0.726
0.97717 0.726
0.979298 0.726
0.983916 0.727
0.986515 0.729
0.98933 0.73
0.993721 0.733
1.00081 0.736
1.00504 0.735
1.00901 0.735
1.01317 0.736
1.01793 0.737
1.02132 0.737
1.02632 0.739
1.03364 0.741
1.03865 0.74
1.04582 0.741
1.05009 0.744
1.05473 0.745
1.06422 0.746
1.06805 0.747
1.07563 0.749
1.08005 0.75
1.08673 0.752
1.09377 0.754
1.10356 0.757
1.11556 0.762
1.12532 0.766
1.13015 0.767
1.13891 0.769
1.1452 0.771
1.15248 0.773
1.16166 0.775
1.16891 0.776
1.1862 0.783
1.19349 0.785
1.20295 0.786
1.20577 0.785786
1.21687 0.78979
1.22421 0.791792
1.2363 0.791792
1.24917 0.793794
1.25382 0.793587
1.26309 0.795591
1.27084 0.796593
1.27802 0.796593
1.28612 0.796593
1.28621 0.799799
1.29825 0.799799
1.30595 0.800604
1.31485 0.800604
1.33156 0.805444
1.33815 0.808274
1.34697 0.809091
1.35233 0.809091
1.35339 0.808898
1.36018 0.808898
1.36827 0.809909
1.38305 0.813765
1.39309 0.814777
1.40636 0.815789
1.41931 0.816802
1.42739 0.816802
1.42975 0.817444
1.43959 0.817444
1.44582 0.817444
1.45988 0.819473
1.47392 0.820487
1.48244 0.82132
1.49234 0.82132
1.50173 0.822154
1.51534 0.822154
1.52468 0.822154
1.53517 0.824008
1.54806 0.824008
1.55817 0.825866
1.57522 0.826884
1.58075 0.826707
1.58699 0.826531
1.59881 0.826531
1.60547 0.827375
1.60306 0.827869
1.61177 0.827692
1.62499 0.828718
1.64337 0.829744
1.65777 0.829744
1.67582 0.829744
1.67393 0.830072
1.68833 0.830072
1.69369 0.830753
1.70978 0.830753
1.71944 0.830579
1.73548 0.830579
1.75055 0.831437
1.7691 0.831437
1.7808 0.831263
1.79552 0.831263
1.80928 0.831263
1.83062 0.831263
1.85001 0.831088
1.8658 0.830913
1.88717 0.830913
1.90982 0.830913
1.92655 0.830561
1.94662 0.830561
1.96875 0.830561
1.99469 0.831426
2.01124 0.831074
2.04872 0.831942
2.0755 0.832811
2.08941 0.835084
2.10009 0.835269
2.11483 0.83847
2.12781 0.841542
2.16367 0.844086
2.20413 0.845572
2.19023 0.849781
2.20167 0.855876
2.22692 0.85906
2.24063 0.865079
