0.0200743 0.4965
0.0212699 0.4945
0.0224624 0.501
0.0237017 0.5065
0.024931 0.507
0.0262336 0.5145
0.0275237 0.5
0.0288382 0.511
0.0301337 0.5085
0.031392 0.509
0.0326525 0.5025
0.0339219 0.4955
0.0352436 0.499
0.0365747 0.4965
0.0378984 0.494
0.0393494 0.5015
0.0407902 0.504
0.0422456 0.506
0.0436907 0.5095
0.0451653 0.5085
0.0466163 0.506
0.0480404 0.501
0.0495009 0.502
0.0509972 0.502
0.0525305 0.506
0.0541076 0.5065
0.0557042 0.504
0.0572669 0.5075
0.0589184 0.502
0.060534 0.5055
0.0621682 0.511
0.0638194 0.5155
0.0654557 0.5105
0.0671508 0.5125
0.0688326 0.515
0.0705086 0.5145
0.072299 0.515
0.0739778 0.5205
0.0756584 0.5175
0.0774519 0.519
0.0792404 0.5115
0.0810232 0.5075
0.0829833 0.5045
0.0848041 0.5075
0.0865791 0.5085
0.0884103 0.5075
0.0902167 0.508
0.0922927 0.505
0.0941691 0.5045
0.0962416 0.5035
0.0983104 0.509
0.100171 0.5105
0.102047 0.5035
0.104058 0.502
0.10604 0.5045
0.108179 0.4985
0.110316 0.4985
0.112379 0.4915
0.114542 0.4905
0.116629 0.4945
0.118778 0.494
0.120933 0.4935
0.123153 0.495
0.125426 0.498
0.127731 0.501
0.129954 0.5005
0.132133 0.501
0.134418 0.5005
0.136798 0.498
0.139124 0.502
0.141514 0.4975
0.144026 0.495
0.146282 0.4935
0.148913 0.494
0.151378 0.492
0.153938 0.494
0.156442 0.5025
0.158918 0.4915
0.161621 0.4885
0.164217 0.491
0.166697 0.49
0.169617 0.4905
0.172267 0.496
0.175162 0.494
0.178012 0.4965
0.180732 0.4955
0.183472 0.4975
0.18618 0.495
0.189208 0.497
0.192186 0.4945
0.195076 0.4945
0.198329 0.4995
0.201955 0.4995
0.204935 0.4995
0.208095 0.5005
0.211384 0.498
0.214788 0.5075
0.217968 0.5085
0.221266 0.5065
0.224477 0.5105
0.227803 0.5125
0.231327 0.514
0.234758 0.513
0.237942 0.5115
0.241343 0.5065
0.24491 0.5085
0.249007 0.5085
0.253104 0.507
0.257001 0.5005
0.260773 0.5
0.26459 0.4985
0.268437 0.5015
0.272104 0.5035
0.276285 0.504
0.280518 0.505
0.284966 0.5035
0.288865 0.5005
0.293418 0.501
0.298267 0.4985
0.302381 0.5
0.306365 0.5025
0.310574 0.504
0.314888 0.502
0.319852 0.5025
0.324272 0.5025
0.328621 0.504
0.332968 0.5085
0.33765 0.503
0.342443 0.4995
0.347371 0.4995
0.351747 0.4965
0.356084 0.498
0.36089 0.5
0.36553 0.505
0.36986 0.5015
0.374878 0.503
0.37969 0.5035
0.384766 0.506
0.389477 0.5045
0.39412 0.5055
0.398407 0.5045
0.402859 0.5055
0.407313 0.5075
0.411996 0.5055
0.41655 0.5105
0.421284 0.513
0.425066 0.5115
0.429086 0.5125
0.433625 0.5135
0.43732 0.513
0.440668 0.518
0.444878 0.521
0.448278 0.524
0.451135 0.523
0.45433 0.521
0.457411 0.524
0.460337 0.519
0.46301 0.518
0.466522 0.5165
0.469429 0.5195
0.472489 0.518
0.474869 0.518
0.478094 0.5185
0.48091 0.518
0.483722 0.5165
0.486373 0.5205
0.4889 0.5245
0.49123 0.5265
0.49339 0.531
0.495538 0.532
0.497565 0.533
0.500061 0.534
0.502245 0.541
0.504672 0.542
0.506609 0.5445
0.50887 0.546
0.510601 0.5485
0.512496 0.549
0.514247 0.5485
0.516196 0.5455
0.51791 0.546
0.519971 0.548
0.521267 0.551
0.522665 0.552
0.524364 0.5525
0.52588 0.556
0.52737 0.5565
0.528745 0.556
0.52999 0.5585
0.531549 0.561
0.533057 0.56
0.53441 0.56
0.535946 0.5605
0.537193 0.5605
0.538711 0.5635
0.540061 0.564
0.541398 0.5665
0.542761 0.5645
0.544058 0.564
0.545354 0.568
0.546471 0.567
0.547527 0.567
0.548785 0.567
0.549758 0.57
0.55087 0.5715
0.551863 0.571
0.552884 0.574
0.553996 0.5745
0.555132 0.575
0.556287 0.5745
0.557478 0.574
0.558501 0.573
0.559504 0.569
0.560583 0.57
0.561584 0.574
0.562461 0.5735
0.563491 0.5715
0.5645 0.5745
0.565422 0.5755
0.566355 0.579
0.567245 0.58
0.568213 0.5795
0.569358 0.583
0.570311 0.583
0.571314 0.582
0.572235 0.5835
0.573217 0.5845
0.574301 0.5855
0.575295 0.587
0.576265 0.587
0.57716 0.588
0.578086 0.588
0.579053 0.589
0.579948 0.5895
0.580835 0.5885
0.581826 0.591
0.582868 0.598
0.583867 0.6
0.584822 0.598
0.585907 0.6005
0.586772 0.601
0.58761 0.602
0.58851 0.6005
0.589391 0.599
0.590143 0.599
0.591116 0.6005
0.592033 0.6015
0.592887 0.601
0.593784 0.599
0.594708 0.599
0.595676 0.6
0.596527 0.5995
0.597453 0.5995
0.59839 0.6005
0.599201 0.6005
0.600075 0.598
0.60088 0.5995
0.601788 0.6025
0.602638 0.605
0.60357 0.6065
0.604464 0.607
0.605276 0.6085
0.606205 0.6095
0.607037 0.613
0.607912 0.611
0.608741 0.61
0.60959 0.61
0.610402 0.6095
0.611319 0.6105
0.612298 0.6075
0.613185 0.6085
0.614131 0.6095
0.614983 0.611
0.61589 0.614
0.616711 0.6135
0.617564 0.6155
0.618471 0.6155
0.619361 0.618
0.620182 0.6195
0.621146 0.618
0.622009 0.6185
0.622746 0.619
0.623584 0.6195
0.624432 0.618
0.625188 0.618
0.626226 0.619
0.627036 0.6195
0.627938 0.621
0.628717 0.62
0.629551 0.623
0.630426 0.623
0.631298 0.6225
0.632143 0.622
0.633063 0.622
0.6339 0.623
0.634763 0.6225
0.635714 0.6255
0.636622 0.6285
0.637709 0.629
0.638511 0.6285
0.639339 0.63
0.640251 0.6305
0.641182 0.6305
0.642106 0.6295
0.643026 0.6305
0.643895 0.632
0.644844 0.631
0.645744 0.6315
0.646662 0.6305
0.647522 0.6305
0.648374 0.631
0.649339 0.632
0.650239 0.632
0.651074 0.6315
0.651947 0.632
0.652806 0.6335
0.653693 0.634
0.654572 0.6345
0.655453 0.6365
0.656387 0.639
0.657366 0.64
0.658301 0.64
0.659108 0.6385
0.659945 0.6375
0.660726 0.636
0.661583 0.636
0.662446 0.637
0.663302 0.639
0.664188 0.6385
0.66522 0.638
0.666185 0.6395
0.667055 0.64
0.668046 0.64
0.66879 0.6395
0.669644 0.6405
0.67046 0.6395
0.671466 0.641
0.672415 0.6405
0.673246 0.641
0.674273 0.6395
0.675058 0.641
0.67588 0.6405
0.67674 0.642
0.677652 0.6435
0.678509 0.6435
0.679293 0.6445
0.680084 0.645
0.681044 0.645
0.68203 0.645
0.682836 0.6465
0.683768 0.647
0.684516 0.6465
0.685419 0.6465
0.686318 0.6455
0.687168 0.6445
0.68797 0.6435
0.688981 0.6475
0.689852 0.6465
0.690781 0.647
0.691624 0.647
0.692432 0.648
0.693318 0.648
0.694243 0.649
0.695242 0.65
0.696142 0.6505
0.696936 0.6505
0.697895 0.6515
0.698793 0.654
0.699736 0.6535
0.700637 0.656
0.701573 0.655
0.702401 0.6565
0.703265 0.657
0.704218 0.6585
0.705058 0.6595
0.706086 0.658
0.707037 0.657
0.707797 0.6575
0.708718 0.66
0.709556 0.6605
0.710411 0.66
0.711283 0.661
0.712243 0.66
0.713212 0.661
0.714105 0.6605
0.71506 0.661
0.716034 0.661
0.716924 0.6625
0.717934 0.6635
0.718801 0.663
0.719665 0.6595
0.720554 0.66
0.721347 0.6615
0.722223 0.6615
0.723039 0.6615
0.723957 0.6625
0.724883 0.664
0.725783 0.664
0.726835 0.664
0.72769 0.6645
0.72869 0.6645
0.729622 0.665
0.730574 0.6645
0.731576 0.6635
0.732538 0.6635
0.733575 0.663
0.734381 0.6645
0.735259 0.665
0.736171 0.6665
0.736966 0.667
0.737993 0.6685
0.738937 0.6685
0.739927 0.669
0.740905 0.6695
0.7419 0.67
0.74298 0.669
0.743959 0.6685
0.744879 0.669
0.745784 0.6685
0.746771 0.668
0.747769 0.669
0.74873 0.6705
0.749678 0.67
0.750731 0.671
0.751656 0.6715
0.752557 0.673
0.753535 0.672
0.754478 0.6715
0.755506 0.672
0.756407 0.6715
0.757518 0.672
0.758532 0.673
0.759641 0.672
0.760597 0.672
0.761377 0.672
0.762352 0.673
0.763469 0.676
0.7645 0.6755
0.765372 0.6745
0.766331 0.6755
0.767463 0.676
0.768284 0.6775
0.769184 0.678
0.770213 0.6765
0.77115 0.677
0.77206 0.6775
0.773046 0.679
0.773936 0.6795
0.774785 0.679
0.775801 0.679
0.776838 0.679
0.77769 0.681
0.778781 0.6825
0.779724 0.6825
0.780889 0.6825
0.781885 0.6825
0.782943 0.6825
0.784173 0.681
0.785285 0.681
0.786286 0.681
0.787472 0.683
0.788438 0.684
0.789389 0.6845
0.790376 0.685
0.791276 0.688
0.792353 0.6875
0.793452 0.6875
0.794566 0.6875
0.795648 0.6885
0.796719 0.688
0.797663 0.6885
0.798742 0.689
0.799841 0.6885
0.800753 0.689
0.801718 0.6895
0.802573 0.69
0.803692 0.689
0.804919 0.69
0.806082 0.69
0.807086 0.691
0.80815 0.6905
0.80931 0.6885
0.810355 0.689
0.811546 0.689
0.812859 0.6915
0.814091 0.6915
0.815223 0.691
0.816283 0.691
0.817436 0.692
0.818435 0.692
0.819516 0.692
0.820686 0.6915
0.82189 0.691
0.823051 0.6915
0.824445 0.6925
0.82558 0.694
0.826764 0.693
0.827956 0.693
0.829241 0.6925
0.830504 0.6935
0.831694 0.693
0.833084 0.693
0.834415 0.694
0.835682 0.695
0.836818 0.6955
0.837981 0.695
0.839043 0.6955
0.840209 0.6955
0.841656 0.6955
0.843235 0.6955
0.844446 0.695
0.845827 0.695
0.84715 0.695
0.848433 0.695
0.850216 0.6955
0.851526 0.6965
0.8531 0.698
0.854531 0.698
0.856123 0.699
0.857748 0.699
0.859489 0.7005
0.861226 0.7
0.862569 0.7
0.864008 0.7
0.865467 0.7
0.86683 0.7
0.868959 0.6995
0.870628 0.699
0.872472 0.699
0.874133 0.7
0.875551 0.7
0.876988 0.7
0.878802 0.7005
0.880216 0.7015
0.881979 0.701
0.883568 0.7015
0.885304 0.7015
0.887106 0.7025
0.888971 0.7035
0.890896 0.7045
0.892652 0.704
0.894846 0.7045
0.897559 0.708
0.8997 0.7085
0.901342 0.7085
0.903232 0.709
0.905299 0.709
0.907222 0.7095
0.909272 0.709
0.911194 0.709
0.91309 0.709
0.915195 0.71
0.916914 0.71
0.919076 0.7105
0.921077 0.7125
0.924074 0.713
0.926351 0.714
0.928923 0.7145
0.931089 0.715
0.933812 0.7165
0.936122 0.719
0.938516 0.7195
0.940721 0.7195
0.942935 0.7195
0.946241 0.722
0.94832 0.7225
0.951948 0.7235
0.955232 0.726
0.957801 0.727
0.960294 0.728
0.96351 0.729
0.966829 0.7305
0.969928 0.731
0.972603 0.7305
0.976674 0.7325
0.98063 0.7335
0.985049 0.734
0.98898 0.735
0.994072 0.736
0.998804 0.737
1.00285 0.739
1.00765 0.7405
1.01127 0.741
1.01405 0.7415
1.01893 0.7425
1.02478 0.746
1.02871 0.7465
1.0335 0.7475
1.03917 0.748
1.04604 0.7505
1.04837 0.7505
1.05328 0.7515
1.0594 0.752
1.06403 0.753
1.06974 0.7555
1.07547 0.756
1.08183 0.7575
1.08685 0.7575
1.09074 0.758379
1.09698 0.76038
1.10668 0.761881
1.11371 0.762881
1.11896 0.763882
1.12971 0.764382
1.13547 0.765766
1.14548 0.768653
1.15189 0.770541
1.16012 0.772044
1.16746 0.772545
1.17624 0.773547
1.18518 0.774549
1.19341 0.776553
1.2031 0.777555
1.21259 0.779058
1.22353 0.780561
1.23289 0.781563
1.23836 0.782957
1.24321 0.783743
1.25395 0.785141
1.26229 0.787149
1.27188 0.788548
1.2796 0.789844
1.2879 0.792757
1.29801 0.793763
1.30854 0.795775
1.31764 0.797583
1.32881 0.799094
1.33602 0.801411
1.34772 0.802923
1.35381 0.803734
1.36172 0.804644
1.37312 0.805654
1.38447 0.807887
1.3915 0.809211
1.40154 0.809524
1.4052 0.809838
1.41045 0.809645
1.42468 0.811675
1.43029 0.811992
1.43932 0.812309
1.45139 0.812309
1.45995 0.813646
1.46983 0.81457
1.4787 0.8154
1.48709 0.816233
1.50238 0.818089
1.51072 0.817903
1.52145 0.818414
1.53017 0.818321
1.54156 0.819672
1.55063 0.820421
1.56421 0.820421
1.57772 0.821263
1.59111 0.821263
1.60266 0.821172
1.60775 0.82141
1.61983 0.82141
1.63552 0.821318
1.6514 0.821318
1.66115 0.821649
1.67639 0.821649
1.68939 0.821649
1.70109 0.821981
1.71175 0.821798
1.72786 0.821705
1.74435 0.82213
1.76279 0.82213
1.7797 0.822464
1.78898 0.822188
1.7996 0.821911
1.81048 0.821726
1.83016 0.821633
1.85554 0.82154
1.88212 0.82154
1.90521 0.821447
1.92869 0.821782
1.95093 0.821596
1.97267 0.822269
1.99822 0.82356
2.01425 0.823962
2.03215 0.824367
2.05549 0.825834
2.05971 0.830309
2.08186 0.833869
2.11183 0.836559
2.14352 0.839913
2.15759 0.843972
2.17212 0.847215
2.20065 0.854677
2.20286 0.864177
