0.0200347 0.497
0.0212583 0.493
0.0224255 0.497
0.0236204 0.493
0.0248064 0.481
0.0260097 0.481
0.0272328 0.485
0.0284684 0.493
0.0297396 0.498
0.0310867 0.497
0.0323801 0.498
0.0336799 0.504
0.0350146 0.496
0.0364426 0.496
0.0378968 0.504
0.0393 0.501
0.0407495 0.496
0.04214 0.504
0.0435831 0.498
0.0449823 0.5
0.0463746 0.494
0.0479047 0.508
0.0494452 0.511
0.0509532 0.504
0.052434 0.504
0.0539621 0.497
0.0555656 0.498
0.0571593 0.493
0.0587385 0.501
0.0603173 0.504
0.0618939 0.498
0.0633817 0.499
0.0650011 0.492
0.0665401 0.49
0.0682174 0.494
0.0699371 0.491
0.0715707 0.492
0.0732636 0.489
0.0751247 0.495
0.0768453 0.51
0.0785486 0.499
0.0802871 0.49
0.0820288 0.482
0.0839788 0.483
0.0857268 0.489
0.0874898 0.495
0.0893711 0.507
0.0912195 0.498
0.0930266 0.496
0.0950583 0.492
0.096948 0.49
0.0988963 0.497
0.101012 0.489
0.102983 0.484
0.10519 0.48
0.107166 0.479
0.109271 0.475
0.111303 0.478
0.113327 0.477
0.115651 0.481
0.117783 0.478
0.119794 0.475
0.121951 0.485
0.12431 0.491
0.126664 0.489
0.128858 0.488
0.13102 0.488
0.133089 0.489
0.135627 0.488
0.137703 0.489
0.14025 0.485
0.142772 0.488
0.145407 0.493
0.148068 0.492
0.150502 0.495
0.153288 0.5
0.155804 0.493
0.158493 0.494
0.16115 0.493
0.163971 0.491
0.166957 0.497
0.169751 0.495
0.172012 0.495
0.174714 0.489
0.177623 0.484
0.180353 0.488
0.183541 0.484
0.186601 0.483
0.189347 0.484
0.192647 0.482
0.195436 0.484
0.198404 0.486
0.201305 0.487
0.204638 0.489
0.207891 0.49
0.210805 0.49
0.213623 0.492
0.217087 0.486
0.220224 0.493
0.223771 0.491
0.2268 0.496
0.230646 0.488
0.234244 0.488
0.237796 0.495
0.241417 0.496
0.244685 0.503
0.249058 0.493
0.252602 0.483
0.256121 0.484
0.259685 0.486
0.263756 0.492
0.267792 0.487
0.271159 0.481
0.276589 0.482
0.280345 0.482
0.284938 0.478
0.289017 0.475
0.292926 0.479
0.2968 0.478
0.301763 0.472
0.306274 0.477
0.310836 0.469
0.315549 0.48
0.319305 0.476
0.323741 0.483
0.328621 0.477
0.333114 0.474
0.337957 0.478
0.343589 0.482
0.34874 0.483
0.353823 0.476
0.358684 0.479
0.363736 0.479
0.368684 0.485
0.372598 0.498
0.37664 0.497
0.382164 0.501
0.386836 0.502
0.391897 0.502
0.397141 0.499
0.401922 0.497
0.404925 0.502
0.409701 0.503
0.413862 0.506
0.417816 0.505
0.422289 0.498
0.426298 0.503
0.430583 0.496
0.43403 0.497
0.438058 0.501
0.441611 0.506
0.446215 0.504
0.44952 0.504
0.452775 0.5
0.455384 0.497
0.459286 0.498
0.462342 0.502
0.46542 0.502
0.467858 0.51
0.470398 0.51
0.473282 0.514
0.476264 0.517
0.478851 0.521
0.481203 0.524
0.483869 0.531
0.486571 0.526
0.488589 0.529
0.491188 0.529
0.4929 0.535
0.494876 0.536
0.497427 0.541
0.49995 0.544
0.502555 0.539
0.504213 0.536
0.506971 0.538
0.509581 0.543
0.511372 0.548
0.513406 0.546
0.515441 0.546
0.517048 0.546
0.518636 0.546
0.520371 0.541
0.522477 0.545
0.524499 0.548
0.525839 0.547
0.527106 0.552
0.528377 0.55
0.529944 0.553
0.53107 0.557
0.532729 0.554
0.534178 0.555
0.535699 0.554
0.537102 0.553
0.538829 0.556
0.540005 0.561
0.541482 0.564
0.542909 0.566
0.544267 0.569
0.545208 0.568
0.546173 0.571
0.54758 0.569
0.548626 0.566
0.5496 0.57
0.550725 0.571
0.551967 0.566
0.553203 0.571
0.554354 0.57
0.555445 0.57
0.556361 0.569
0.557125 0.572
0.558027 0.573
0.559093 0.571
0.560375 0.568
0.561573 0.569
0.562371 0.569
0.563428 0.568
0.564462 0.568
0.565405 0.567
0.566373 0.567
0.567557 0.568
0.568446 0.572
0.569506 0.573
0.570544 0.574
0.571464 0.571
0.57222 0.572
0.573067 0.576
0.573931 0.58
0.574821 0.581
0.575797 0.584
0.576766 0.581
0.5776 0.581
0.578466 0.579
0.579542 0.579
0.580323 0.58
0.581289 0.579
0.582172 0.58
0.583072 0.585
0.584067 0.585
0.584996 0.585
0.586011 0.587
0.586905 0.594
0.587825 0.591
0.588661 0.591
0.589616 0.589
0.590528 0.591
0.591552 0.589
0.592442 0.588
0.593332 0.587
0.594253 0.591
0.595425 0.592
0.596598 0.597
0.597563 0.599
0.598481 0.6
0.599525 0.603
0.600485 0.601
0.601257 0.599
0.602168 0.598
0.603159 0.596
0.60406 0.595
0.604987 0.6
0.605944 0.606
0.606803 0.607
0.607769 0.6
0.608666 0.603
0.609456 0.603
0.610338 0.6
0.611255 0.601
0.612211 0.603
0.613106 0.602
0.614102 0.603
0.615153 0.602
0.615947 0.601
0.616883 0.603
0.617911 0.6
0.618901 0.601
0.61999 0.601
0.620811 0.602
0.621821 0.601
0.62266 0.604
0.623499 0.606
0.624299 0.608
0.625246 0.611
0.626014 0.612
0.626965 0.611
0.627803 0.613
0.628691 0.612
0.629615 0.61
0.630318 0.611
0.631225 0.614
0.632029 0.615
0.632779 0.616
0.633565 0.615
0.634414 0.613
0.635205 0.612
0.636125 0.613
0.637038 0.613
0.637876 0.615
0.638683 0.614
0.639619 0.617
0.640448 0.615
0.64136 0.613
0.642219 0.615
0.643229 0.615
0.644209 0.616
0.644904 0.617
0.645923 0.619
0.646766 0.62
0.6477 0.616
0.64846 0.619
0.649543 0.619
0.650531 0.619
0.651537 0.621
0.652486 0.622
0.653273 0.622
0.654296 0.622
0.655184 0.624
0.656152 0.623
0.656919 0.623
0.657775 0.627
0.658638 0.624
0.65967 0.624
0.660564 0.624
0.66149 0.625
0.662481 0.619
0.663383 0.622
0.664341 0.624
0.665223 0.624
0.666156 0.624
0.667217 0.623
0.668096 0.621
0.66891 0.621
0.669696 0.619
0.67078 0.624
0.671565 0.625
0.6725 0.626
0.673394 0.626
0.674426 0.627
0.675281 0.628
0.676187 0.631
0.676985 0.63
0.677872 0.631
0.678533 0.631
0.679465 0.633
0.680301 0.632
0.68112 0.631
0.681975 0.632
0.682813 0.633
0.683746 0.635
0.684519 0.635
0.68552 0.635
0.686412 0.633
0.6874 0.633
0.688433 0.633
0.689338 0.634
0.690195 0.634
0.691162 0.634
0.692227 0.635
0.693246 0.639
0.694021 0.641
0.694805 0.643
0.695658 0.644
0.696452 0.643
0.69732 0.643
0.69824 0.643
0.699137 0.643
0.700049 0.643
0.700932 0.641
0.701842 0.641
0.702747 0.643
0.703595 0.643
0.704504 0.647
0.705302 0.647
0.706017 0.646
0.706847 0.646
0.707701 0.647
0.708697 0.649
0.709552 0.65
0.710498 0.651
0.711294 0.652
0.712328 0.649
0.713171 0.65
0.714084 0.648
0.714943 0.647
0.715856 0.644
0.716796 0.645
0.717706 0.642
0.718621 0.641
0.719577 0.642
0.720621 0.643
0.721507 0.647
0.722457 0.648
0.723282 0.647
0.724128 0.649
0.724982 0.648
0.725898 0.648
0.7268 0.65
0.727556 0.651
0.728615 0.655
0.729421 0.655
0.730361 0.655
0.731275 0.653
0.73222 0.653
0.733223 0.653
0.734051 0.653
0.735091 0.653
0.735901 0.653
0.736882 0.655
0.738048 0.654
0.738945 0.654
0.739903 0.652
0.74076 0.653
0.741656 0.653
0.742694 0.653
0.743857 0.654
0.74474 0.654
0.745629 0.657
0.746643 0.657
0.747556 0.655
0.748338 0.656
0.749282 0.659
0.750171 0.661
0.751218 0.661
0.752065 0.661
0.753376 0.664
0.754366 0.665
0.755218 0.666
0.756181 0.668
0.757141 0.666
0.758176 0.668
0.759071 0.667
0.759906 0.668
0.761096 0.667
0.761978 0.667
0.763112 0.668
0.764146 0.668
0.765422 0.668
0.766307 0.667
0.767165 0.668
0.768182 0.669
0.769181 0.67
0.770143 0.671
0.771108 0.673
0.772124 0.671
0.773329 0.669
0.77423 0.669
0.775204 0.671
0.776142 0.672
0.77711 0.673
0.778031 0.673
0.779312 0.671
0.780367 0.671
0.781647 0.672
0.782611 0.673
0.783503 0.674
0.784374 0.674
0.785499 0.676
0.786578 0.677
0.787548 0.677
0.788547 0.674
0.789325 0.675
0.790322 0.675
0.791357 0.676
0.792642 0.674
0.793738 0.674
0.795239 0.674
0.796554 0.674
0.79739 0.673
0.798457 0.672
0.799497 0.673
0.800537 0.675
0.801681 0.675
0.80296 0.675
0.803945 0.675
0.804985 0.676
0.805889 0.675
0.807218 0.676
0.808211 0.676
0.809192 0.676
0.810396 0.677
0.811407 0.677
0.812601 0.677
0.81361 0.678
0.81468 0.679
0.815666 0.68
0.816832 0.682
0.817886 0.682
0.818946 0.681
0.820208 0.682
0.821287 0.682
0.822573 0.683
0.823729 0.683
0.824713 0.683
0.82577 0.682
0.827287 0.684
0.828553 0.687
0.829967 0.69
0.831283 0.69
0.832561 0.69
0.834202 0.689
0.835715 0.688
0.83705 0.69
0.838424 0.69
0.839838 0.691
0.841216 0.691
0.842577 0.69
0.843948 0.69
0.845485 0.69
0.846608 0.69
0.847706 0.691
0.848993 0.691
0.850845 0.693
0.852229 0.694
0.853619 0.694
0.854712 0.695
0.856045 0.695
0.857269 0.694
0.858879 0.693
0.860237 0.693
0.86222 0.693
0.863749 0.695
0.865184 0.696
0.866304 0.696
0.86786 0.698
0.869442 0.698
0.870635 0.696
0.872293 0.695
0.874225 0.695
0.875613 0.696
0.876701 0.696
0.878105 0.695
0.879516 0.696
0.880951 0.697
0.882392 0.697
0.884228 0.698
0.885626 0.698
0.887277 0.698
0.889148 0.701
0.892783 0.703
0.894715 0.704
0.896977 0.705
0.898503 0.706
0.900439 0.706
0.902701 0.708
0.904221 0.708
0.906852 0.709
0.908483 0.709
0.910416 0.709
0.911943 0.709
0.914104 0.711
0.916614 0.713
0.918691 0.713
0.920554 0.714
0.923504 0.714
0.925634 0.714
0.927946 0.716
0.930308 0.718
0.932208 0.721
0.934639 0.722
0.936555 0.722
0.938553 0.722
0.940844 0.723
0.944309 0.724
0.947366 0.724
0.950554 0.723
0.95324 0.725
0.956257 0.726
0.959652 0.727
0.962695 0.727
0.966079 0.73
0.969267 0.729
0.974428 0.732
0.976581 0.732
0.980138 0.734
0.983587 0.734
0.987998 0.735
0.991128 0.737
0.993096 0.737
0.997353 0.739
1.00002 0.739
1.00479 0.742
1.00893 0.743
1.01361 0.742
1.01758 0.743
1.02195 0.744
1.02649 0.745
1.03477 0.75
1.03806 0.751
1.04549 0.754
1.05025 0.754
1.05738 0.756
1.06413 0.758
1.06798 0.758
1.07366 0.759
1.08016 0.759
1.08468 0.759
1.09266 0.762
1.09608 0.762
1.10214 0.763
1.10635 0.763
1.11165 0.763
1.12062 0.765
1.12583 0.765
1.13405 0.766
1.14341 0.767
1.15361 0.769
1.16308 0.772
1.17492 0.774
1.18703 0.776
1.19841 0.78
1.20503 0.781782
1.2081 0.782565
1.21769 0.784569
1.23029 0.785571
1.24029 0.786573
1.24366 0.786573
1.24973 0.786573
1.26297 0.789579
1.26878 0.790581
1.27865 0.790581
1.28875 0.790371
1.30204 0.795181
1.31938 0.799197
1.33062 0.801205
1.33942 0.802209
1.35601 0.805221
1.36917 0.807229
1.37186 0.80804
1.37954 0.809859
1.38714 0.809859
1.39203 0.810484
1.39938 0.812311
1.41458 0.814329
1.42038 0.816987
1.43168 0.818826
1.43891 0.819656
1.45056 0.819656
1.45589 0.820487
1.46734 0.820487
1.48034 0.820487
1.49079 0.821501
1.50661 0.821501
1.5071 0.821138
1.52188 0.821138
1.53278 0.821138
1.54272 0.821138
1.55697 0.824008
1.56974 0.824008
1.57423 0.823829
1.57818 0.823649
1.59235 0.824669
1.60094 0.82551
1.60685 0.825332
1.61907 0.825332
1.63499 0.825332
1.64624 0.825153
1.65571 0.825153
1.66711 0.825153
1.68256 0.825153
1.69611 0.825153
1.70291 0.82582
1.70647 0.82631
1.71939 0.826132
1.73446 0.825953
1.75227 0.825953
1.76274 0.825773
1.78096 0.825773
1.79276 0.825593
1.80549 0.825413
1.81949 0.826267
1.8393 0.826087
1.86097 0.826087
1.88159 0.826087
1.89849 0.825726
1.91664 0.825726
1.94172 0.825726
1.9712 0.826584
1.9887 0.828304
2.00568 0.827946
2.01812 0.829319
2.04962 0.83001
2.0806 0.830705
2.09208 0.834921
2.10797 0.836344
2.12843 0.838847
2.165 0.840471
2.17316 0.844324
2.19372 0.846405
2.21723 0.849451
2.21154 0.858259
2.21483 0.865232
