0.0199736 0.5145
0.021237 0.506
0.022479 0.499
0.023687 0.495
0.0249249 0.4965
0.0261161 0.4915
0.0273512 0.496
0.0286406 0.4935
0.0299282 0.499
0.0311903 0.4965
0.0325214 0.5005
0.0338385 0.498
0.0352291 0.498
0.0366224 0.497
0.0380174 0.4955
0.039449 0.4965
0.0408294 0.498
0.0422498 0.4985
0.0436009 0.4985
0.0450627 0.501
0.0465073 0.514
0.0480029 0.514
0.0494382 0.511
0.0508887 0.5125
0.0523224 0.513
0.0537751 0.511
0.0553262 0.51
0.0568497 0.502
0.0584241 0.498
0.0600303 0.5
0.0616965 0.493
0.0633193 0.4905
0.064949 0.4975
0.0666598 0.4965
0.0683035 0.489
0.0699883 0.4975
0.0716252 0.501
0.0733548 0.5065
0.0750197 0.5045
0.076759 0.5065
0.078483 0.5085
0.0802195 0.5075
0.0820628 0.5055
0.08394 0.51
0.0857867 0.5065
0.0877138 0.504
0.0896003 0.5115
0.0914991 0.507
0.0934518 0.5055
0.0953014 0.5015
0.097354 0.5025
0.0995167 0.507
0.101613 0.5015
0.103519 0.4995
0.105471 0.4955
0.107476 0.497
0.109671 0.493
0.111699 0.4945
0.11375 0.495
0.115903 0.49
0.118132 0.492
0.120291 0.49
0.122309 0.4895
0.124521 0.4895
0.126701 0.4945
0.128938 0.5
0.131276 0.5005
0.13369 0.5005
0.136076 0.5
0.138315 0.4975
0.140742 0.4975
0.14307 0.502
0.145553 0.499
0.147968 0.496
0.150475 0.4965
0.153253 0.5015
0.155779 0.498
0.158549 0.5005
0.161169 0.504
0.16383 0.4995
0.166352 0.503
0.1692 0.506
0.171945 0.504
0.174665 0.5045
0.177411 0.504
0.180287 0.5025
0.183398 0.503
0.186181 0.4985
0.189144 0.495
0.192161 0.4985
0.195475 0.5
0.198917 0.5005
0.202041 0.5005
0.205104 0.5
0.208535 0.5065
0.211883 0.502
0.215383 0.511
0.218896 0.51
0.222831 0.503
0.226247 0.5065
0.229732 0.505
0.233268 0.5085
0.236992 0.509
0.240328 0.5125
0.243945 0.5145
0.247391 0.5155
0.251318 0.515
0.254876 0.515
0.258261 0.5135
0.262735 0.512
0.266698 0.513
0.270899 0.5215
0.275449 0.5255
0.280048 0.5265
0.284352 0.526
0.288862 0.5235
0.293177 0.524
0.29787 0.5195
0.30264 0.514
0.306699 0.5135
0.311226 0.5155
0.315496 0.5125
0.320029 0.5115
0.324966 0.507
0.329732 0.512
0.333971 0.5135
0.338522 0.519
0.342539 0.5165
0.347513 0.515
0.352566 0.503
0.357333 0.5055
0.362198 0.5085
0.366937 0.509
0.371403 0.5105
0.375859 0.511
0.380538 0.5065
0.385214 0.5055
0.389865 0.507
0.394558 0.5075
0.399709 0.5105
0.404211 0.5115
0.408998 0.516
0.412984 0.515
0.416866 0.515
0.421286 0.5125
0.425911 0.5105
0.429822 0.5135
0.43375 0.5125
0.437939 0.517
0.441763 0.517
0.445489 0.519
0.448922 0.5195
0.452167 0.52
0.455872 0.521
0.459851 0.5225
0.462851 0.523
0.466295 0.5245
0.469799 0.5245
0.472825 0.5255
0.475854 0.5265
0.478538 0.532
0.481072 0.5325
0.483464 0.535
0.485805 0.539
0.488343 0.541
0.490935 0.5405
0.493045 0.543
0.495279 0.54
0.497678 0.5395
0.499674 0.543
0.501527 0.54
0.50352 0.5405
0.505362 0.5425
0.507488 0.545
0.509472 0.548
0.511222 0.545
0.513092 0.545
0.514495 0.5455
0.516308 0.55
0.518255 0.5535
0.520039 0.5525
0.521825 0.554
0.523578 0.556
0.525111 0.5525
0.526469 0.553
0.528217 0.5525
0.529777 0.5545
0.530987 0.5555
0.532549 0.5585
0.534187 0.56
0.535643 0.562
0.536874 0.5675
0.538336 0.566
0.539484 0.568
0.540665 0.5655
0.541839 0.5665
0.543202 0.5655
0.544406 0.5675
0.545586 0.5665
0.546525 0.568
0.547643 0.5675
0.548864 0.5685
0.549912 0.57
0.550965 0.5705
0.552152 0.5735
0.553175 0.572
0.554243 0.5705
0.555396 0.5715
0.556363 0.572
0.557433 0.5755
0.558405 0.5785
0.559314 0.578
0.560434 0.5825
0.561415 0.5835
0.562354 0.581
0.563415 0.58
0.564486 0.58
0.565453 0.5845
0.566541 0.585
0.567547 0.586
0.568655 0.589
0.569733 0.59
0.570667 0.592
0.571543 0.5945
0.572567 0.597
0.573506 0.6
0.574316 0.603
0.57533 0.605
0.576332 0.606
0.577274 0.606
0.578178 0.6075
0.579144 0.608
0.580126 0.607
0.580928 0.606
0.582086 0.6065
0.582961 0.607
0.583917 0.604
0.584828 0.604
0.585749 0.606
0.586711 0.608
0.587569 0.605
0.588538 0.608
0.589452 0.6085
0.590321 0.607
0.591225 0.6065
0.592129 0.608
0.592997 0.61
0.593872 0.6075
0.594834 0.607
0.595744 0.608
0.596656 0.607
0.597658 0.6075
0.598493 0.609
0.599345 0.6125
0.600238 0.6075
0.601175 0.6065
0.601974 0.607
0.602827 0.608
0.603733 0.6115
0.604674 0.6115
0.60563 0.6105
0.6065 0.61
0.607461 0.612
0.608436 0.612
0.60933 0.614
0.610247 0.6145
0.61109 0.6155
0.612086 0.6155
0.613138 0.614
0.613932 0.6135
0.614869 0.615
0.615779 0.614
0.6166 0.6155
0.617425 0.617
0.618383 0.618
0.6192 0.6195
0.62009 0.6205
0.620936 0.619
0.621864 0.622
0.622765 0.62
0.623716 0.6215
0.624586 0.6215
0.625422 0.6235
0.626301 0.626
0.627235 0.6265
0.628141 0.625
0.629124 0.627
0.629998 0.6245
0.630884 0.6275
0.631747 0.629
0.632642 0.6285
0.633506 0.629
0.634422 0.6285
0.635333 0.628
0.636353 0.6305
0.637328 0.63
0.638185 0.6315
0.638986 0.6325
0.639929 0.6315
0.640848 0.6325
0.641759 0.634
0.642719 0.636
0.643681 0.635
0.644657 0.637
0.645701 0.6385
0.646471 0.6385
0.647391 0.639
0.648216 0.638
0.649165 0.6365
0.65001 0.6365
0.65095 0.638
0.651827 0.638
0.652648 0.638
0.6535 0.637
0.65429 0.637
0.655156 0.6395
0.655939 0.6405
0.656763 0.6405
0.657645 0.6415
0.658459 0.641
0.65941 0.6405
0.660266 0.641
0.661146 0.6415
0.662018 0.6425
0.662919 0.6425
0.663843 0.6435
0.664765 0.646
0.665715 0.6465
0.6666 0.6455
0.667477 0.6465
0.668522 0.6475
0.669509 0.648
0.670305 0.65
0.67129 0.65
0.672134 0.648
0.672916 0.647
0.673905 0.648
0.674844 0.6475
0.675664 0.648
0.676483 0.647
0.677225 0.6485
0.678029 0.6505
0.678853 0.6495
0.679788 0.6505
0.680672 0.651
0.681472 0.65
0.68236 0.6505
0.683265 0.6505
0.684047 0.653
0.684863 0.6535
0.685631 0.654
0.686487 0.6535
0.687347 0.654
0.688271 0.655
0.68923 0.6565
0.690132 0.6585
0.690955 0.6605
0.691812 0.6605
0.692692 0.661
0.693487 0.661
0.69435 0.6605
0.695205 0.6605
0.696138 0.659
0.69692 0.66
0.697764 0.6615
0.698655 0.6615
0.699513 0.661
0.700436 0.6625
0.70133 0.663
0.702097 0.663
0.703015 0.664
0.703804 0.662
0.704653 0.6625
0.70559 0.662
0.706429 0.662
0.707333 0.661
0.708307 0.6625
0.709208 0.6625
0.710075 0.662
0.710898 0.661
0.711695 0.66
0.712635 0.661
0.713526 0.6605
0.714383 0.661
0.715305 0.6615
0.716259 0.6615
0.717225 0.6615
0.718078 0.6615
0.719004 0.6625
0.719835 0.664
0.720791 0.664
0.721687 0.665
0.722856 0.6665
0.723742 0.667
0.724713 0.666
0.72569 0.6665
0.726619 0.6675
0.727555 0.6685
0.728419 0.669
0.729347 0.669
0.730264 0.6695
0.731199 0.669
0.732008 0.669
0.732963 0.6695
0.733905 0.669
0.734801 0.6685
0.735716 0.6695
0.736638 0.669
0.73749 0.6695
0.738329 0.6695
0.739197 0.6695
0.74013 0.67
0.74097 0.671
0.741956 0.6715
0.74283 0.672
0.743862 0.6725
0.744797 0.6745
0.745923 0.6755
0.746739 0.6755
0.747667 0.6745
0.748548 0.674
0.749565 0.675
0.750459 0.675
0.751354 0.675
0.752341 0.6765
0.753239 0.6775
0.754122 0.6775
0.755002 0.6775
0.756302 0.678
0.757279 0.6785
0.758133 0.68
0.759125 0.6805
0.76013 0.679
0.761168 0.679
0.762281 0.68
0.763207 0.68
0.764241 0.6805
0.765372 0.681
0.766314 0.681
0.767251 0.6815
0.768268 0.683
0.769346 0.684
0.770301 0.6835
0.771273 0.683
0.772249 0.6825
0.773317 0.6835
0.774345 0.6835
0.775302 0.684
0.776231 0.683
0.777088 0.683
0.778051 0.6825
0.779125 0.682
0.780044 0.683
0.780972 0.683
0.781964 0.683
0.783255 0.6845
0.784191 0.685
0.785217 0.6835
0.786052 0.6835
0.786983 0.683
0.788228 0.684
0.78934 0.6845
0.790406 0.6845
0.791237 0.6855
0.792442 0.687
0.793427 0.6875
0.794446 0.687
0.795518 0.6875
0.796583 0.687
0.797403 0.687
0.798465 0.688
0.799412 0.688
0.800515 0.689
0.801476 0.689
0.802567 0.69
0.803525 0.6895
0.804926 0.6915
0.806037 0.692
0.80707 0.6925
0.808064 0.693
0.809149 0.6935
0.81018 0.6945
0.811281 0.695
0.812709 0.6955
0.813857 0.695
0.815121 0.696
0.816242 0.6965
0.817455 0.6955
0.818541 0.6965
0.819782 0.6975
0.82096 0.698
0.822034 0.698
0.823125 0.697
0.824476 0.6985
0.825581 0.698
0.826827 0.698
0.827994 0.6985
0.829182 0.6995
0.830671 0.7
0.831814 0.6995
0.833054 0.6995
0.834527 0.701
0.835795 0.703
0.837242 0.702
0.838545 0.7025
0.839812 0.7025
0.840925 0.7025
0.842141 0.703
0.843419 0.703
0.844714 0.703
0.845778 0.7035
0.847063 0.7045
0.848387 0.7055
0.849989 0.706
0.85131 0.7055
0.852649 0.7055
0.854105 0.7055
0.855307 0.7065
0.856341 0.704
0.857685 0.705
0.859477 0.705
0.86094 0.7055
0.862459 0.7055
0.863865 0.706
0.865377 0.7065
0.867107 0.707
0.868749 0.7065
0.870073 0.7065
0.871532 0.7065
0.873189 0.707
0.874835 0.7075
0.87661 0.7075
0.878375 0.707
0.88026 0.7065
0.881747 0.7065
0.883203 0.7065
0.884663 0.707
0.887089 0.7085
0.888601 0.7105
0.890351 0.71
0.892295 0.711
0.894428 0.712
0.896298 0.7135
0.898082 0.7145
0.900049 0.7155
0.902264 0.7165
0.904014 0.7165
0.905763 0.717
0.908521 0.718
0.910724 0.7185
0.912937 0.719
0.91484 0.719
0.917604 0.72
0.91997 0.721
0.922699 0.7225
0.924796 0.723
0.92713 0.7225
0.929634 0.7235
0.932497 0.724
0.9349 0.7245
0.938453 0.724
0.941269 0.725
0.943427 0.726
0.946692 0.7275
0.950439 0.7285
0.953606 0.728
0.956056 0.7285
0.959811 0.7295
0.963107 0.73
0.966282 0.731
0.969446 0.733
0.972097 0.733
0.975405 0.734
0.978008 0.7345
0.98217 0.7355
0.985338 0.7365
0.989647 0.7375
0.993511 0.738
0.997474 0.7395
1.0014 0.7395
1.00694 0.7405
1.01197 0.7405
1.01712 0.742
1.02087 0.7425
1.02449 0.7435
1.02966 0.7445
1.0353 0.7465
1.04162 0.7485
1.04849 0.75
1.05524 0.752
1.06115 0.753
1.06692 0.7545
1.07366 0.7565
1.07972 0.7575
1.08456 0.758879
1.09134 0.75938
1.09909 0.76088
1.11058 0.762881
1.11608 0.764382
1.12392 0.765883
1.1366 0.769385
1.14455 0.769885
1.15324 0.772773
1.16181 0.773273
1.17096 0.775776
1.17949 0.778779
1.18426 0.779279
1.18926 0.77978
1.19652 0.780671
1.20589 0.782173
1.21512 0.783676
1.22338 0.784677
1.23157 0.786179
1.23733 0.787469
1.24705 0.789474
1.25815 0.791876
1.26778 0.794383
1.27963 0.796687
1.28963 0.799598
1.29515 0.799598
1.30228 0.800402
1.32198 0.803922
1.33051 0.803922
1.33876 0.805234
1.34667 0.806143
1.35382 0.807053
1.36033 0.807867
1.37503 0.80938
1.38447 0.811302
1.39606 0.812721
1.40382 0.815058
1.41307 0.816802
1.41857 0.818136
1.42752 0.81855
1.43642 0.81855
1.44206 0.818782
1.45169 0.818782
1.46307 0.821229
1.47428 0.822064
1.47925 0.824159
1.48545 0.824821
1.49115 0.825153
1.50101 0.826087
1.51175 0.825998
1.51814 0.82582
1.52496 0.826154
1.53424 0.826065
1.54392 0.826489
1.55741 0.827002
1.56806 0.826913
1.57513 0.827249
1.58548 0.82716
1.59203 0.826982
1.60061 0.826893
1.6122 0.82732
1.62104 0.827231
1.63167 0.827231
1.64421 0.827657
1.65035 0.82739
1.65881 0.827122
1.67013 0.82755
1.68166 0.827372
1.69295 0.827711
1.70444 0.827532
1.71803 0.827443
1.73138 0.827353
1.74976 0.827353
1.76373 0.827263
1.77954 0.827173
1.79898 0.827173
1.81801 0.827604
1.83635 0.827514
1.85742 0.827856
1.88442 0.828378
1.91043 0.828198
1.9228 0.828796
1.95056 0.828616
1.97279 0.829653
1.9937 0.830258
2.01246 0.831835
2.03957 0.832361
2.06882 0.834574
2.10129 0.836626
2.11444 0.839247
2.13036 0.841906
2.14346 0.846154
2.16295 0.851954
2.18797 0.856826
2.19574 0.863483
2.20391 0.871372
