0.0199531 0.49
0.0211741 0.487
0.0223796 0.505
0.0235683 0.507
0.0247889 0.494
0.0260471 0.492
0.0272814 0.487
0.0285445 0.482
0.0298535 0.478
0.0311626 0.489
0.0325015 0.493
0.0338625 0.489
0.0352525 0.489
0.0366238 0.497
0.0380231 0.497
0.0394083 0.497
0.0408053 0.497
0.0422633 0.504
0.0437698 0.504
0.045219 0.505
0.0466248 0.511
0.0481174 0.507
0.0496472 0.504
0.0512458 0.516
0.052785 0.512
0.0543657 0.509
0.0558329 0.507
0.0573552 0.498
0.0589597 0.495
0.0604822 0.489
0.0620381 0.487
0.0637582 0.498
0.0653289 0.5
0.0668969 0.494
0.0685425 0.497
0.0701264 0.502
0.0717669 0.516
0.0734321 0.502
0.0751199 0.502
0.0768701 0.5
0.0786651 0.496
0.0803771 0.497
0.0820673 0.49
0.0838876 0.496
0.0857117 0.5
0.0876191 0.496
0.0895016 0.49
0.0915559 0.494
0.0935654 0.498
0.0954546 0.505
0.0974967 0.506
0.099289 0.51
0.101162 0.509
0.103004 0.514
0.105166 0.507
0.107215 0.518
0.109326 0.509
0.111413 0.514
0.113453 0.506
0.11553 0.513
0.117591 0.516
0.119777 0.516
0.122214 0.511
0.124609 0.515
0.126761 0.512
0.128981 0.512
0.131358 0.513
0.133654 0.517
0.135662 0.518
0.138138 0.518
0.140765 0.514
0.143022 0.515
0.145805 0.514
0.148215 0.51
0.150602 0.501
0.15309 0.513
0.155567 0.518
0.158497 0.509
0.161172 0.504
0.164001 0.502
0.166713 0.498
0.169725 0.505
0.172272 0.502
0.17487 0.507
0.177215 0.495
0.180054 0.498
0.182501 0.498
0.185408 0.495
0.188139 0.497
0.191001 0.496
0.194198 0.495
0.197282 0.492
0.200449 0.488
0.203374 0.476
0.206287 0.472
0.209593 0.479
0.212793 0.486
0.216004 0.488
0.219532 0.487
0.223303 0.487
0.226305 0.486
0.230306 0.485
0.23402 0.48
0.237954 0.485
0.24169 0.489
0.245841 0.486
0.249737 0.488
0.253674 0.497
0.257283 0.491
0.26144 0.491
0.265363 0.496
0.268926 0.497
0.272935 0.49
0.276704 0.488
0.281994 0.48
0.285297 0.482
0.290046 0.488
0.294275 0.492
0.298488 0.503
0.303442 0.502
0.306819 0.501
0.312652 0.505
0.317461 0.5
0.321313 0.503
0.326189 0.503
0.330051 0.504
0.335349 0.505
0.340621 0.499
0.344533 0.499
0.349585 0.508
0.354584 0.508
0.359351 0.509
0.364528 0.501
0.369748 0.502
0.373687 0.499
0.378138 0.502
0.38418 0.504
0.389686 0.507
0.396027 0.511
0.400484 0.508
0.405223 0.509
0.41011 0.506
0.414525 0.507
0.418784 0.512
0.422297 0.513
0.427197 0.513
0.430494 0.516
0.43401 0.527
0.437465 0.529
0.440744 0.527
0.444796 0.526
0.448686 0.532
0.452759 0.529
0.455549 0.532
0.459385 0.531
0.462453 0.53
0.465157 0.531
0.467748 0.527
0.471378 0.531
0.474712 0.532
0.477238 0.529
0.479911 0.537
0.482125 0.535
0.484113 0.536
0.486671 0.54
0.489509 0.539
0.491642 0.536
0.494077 0.532
0.495986 0.534
0.498462 0.536
0.500801 0.537
0.502823 0.539
0.504896 0.543
0.506652 0.547
0.508478 0.548
0.510187 0.546
0.511803 0.549
0.513464 0.547
0.515413 0.541
0.517211 0.543
0.519598 0.548
0.52087 0.547
0.522498 0.551
0.523917 0.552
0.525298 0.555
0.52659 0.557
0.528002 0.56
0.529113 0.56
0.530844 0.562
0.53217 0.566
0.533556 0.561
0.534908 0.558
0.53629 0.562
0.537565 0.561
0.538765 0.565
0.539774 0.566
0.541083 0.569
0.542914 0.569
0.544024 0.571
0.545034 0.575
0.545948 0.574
0.547227 0.575
0.548527 0.572
0.549503 0.576
0.550339 0.576
0.55163 0.577
0.552655 0.583
0.553705 0.58
0.554602 0.581
0.555636 0.581
0.556684 0.587
0.557654 0.584
0.558597 0.58
0.55952 0.578
0.560481 0.583
0.561614 0.582
0.562723 0.584
0.563732 0.581
0.564818 0.58
0.565926 0.584
0.566763 0.583
0.567613 0.587
0.568637 0.582
0.569703 0.584
0.570562 0.583
0.571601 0.589
0.572674 0.589
0.573623 0.59
0.57452 0.596
0.575634 0.6
0.576574 0.605
0.57739 0.611
0.578127 0.611
0.579048 0.614
0.579962 0.609
0.580998 0.607
0.581841 0.609
0.582698 0.609
0.583784 0.608
0.58478 0.612
0.585721 0.613
0.586597 0.611
0.587489 0.613
0.588416 0.616
0.589392 0.613
0.590316 0.614
0.591235 0.62
0.592059 0.622
0.593128 0.625
0.594096 0.624
0.594951 0.628
0.595748 0.626
0.596628 0.628
0.597603 0.629
0.598455 0.629
0.599299 0.628
0.600415 0.629
0.601329 0.631
0.602179 0.635
0.603059 0.638
0.60391 0.636
0.604739 0.636
0.605671 0.636
0.606672 0.636
0.60756 0.64
0.60853 0.643
0.609463 0.643
0.610481 0.642
0.611423 0.642
0.612282 0.641
0.613185 0.642
0.614055 0.642
0.614802 0.645
0.615692 0.646
0.616568 0.647
0.617477 0.647
0.618426 0.647
0.619216 0.646
0.620154 0.649
0.620863 0.649
0.621688 0.65
0.622541 0.649
0.623379 0.646
0.624264 0.649
0.62517 0.649
0.626001 0.649
0.626771 0.65
0.62792 0.647
0.629024 0.647
0.630021 0.649
0.630831 0.649
0.631563 0.65
0.63252 0.651
0.633472 0.653
0.634427 0.653
0.635335 0.655
0.636402 0.653
0.637341 0.651
0.638364 0.655
0.639133 0.654
0.639905 0.657
0.640875 0.658
0.641829 0.656
0.642711 0.656
0.64363 0.655
0.644416 0.658
0.645351 0.659
0.646156 0.661
0.647051 0.658
0.647897 0.658
0.648635 0.66
0.649548 0.662
0.650443 0.666
0.651301 0.668
0.652145 0.666
0.652969 0.665
0.653923 0.666
0.654739 0.665
0.655708 0.666
0.656508 0.668
0.657298 0.665
0.658021 0.665
0.658904 0.666
0.659745 0.666
0.660667 0.667
0.661556 0.67
0.662388 0.67
0.663232 0.672
0.664242 0.671
0.665087 0.671
0.665961 0.674
0.666806 0.674
0.667631 0.673
0.6685 0.673
0.669392 0.674
0.670303 0.676
0.671159 0.678
0.672125 0.677
0.672983 0.679
0.673838 0.678
0.674695 0.676
0.675632 0.676
0.676468 0.675
0.67729 0.674
0.678042 0.675
0.679016 0.676
0.679714 0.676
0.680649 0.677
0.681425 0.678
0.682205 0.68
0.683021 0.678
0.683877 0.678
0.684796 0.679
0.685889 0.678
0.686709 0.677
0.687608 0.679
0.688622 0.68
0.689445 0.68
0.690204 0.682
0.690922 0.682
0.691944 0.681
0.692733 0.68
0.693704 0.68
0.694511 0.679
0.695469 0.679
0.696258 0.679
0.697064 0.679
0.697954 0.679
0.698922 0.681
0.699723 0.683
0.700618 0.685
0.701609 0.685
0.702529 0.687
0.703564 0.686
0.704311 0.686
0.705119 0.686
0.705919 0.686
0.706602 0.685
0.707639 0.685
0.708588 0.686
0.709292 0.686
0.710209 0.686
0.710913 0.685
0.711754 0.685
0.712703 0.685
0.713553 0.685
0.714502 0.686
0.715196 0.686
0.716138 0.687
0.7169 0.688
0.717708 0.689
0.718554 0.69
0.719511 0.69
0.720455 0.688
0.721475 0.686
0.72254 0.686
0.723378 0.688
0.724166 0.689
0.725009 0.69
0.725668 0.69
0.726417 0.691
0.727111 0.694
0.72803 0.695
0.728781 0.696
0.729783 0.696
0.730674 0.696
0.731666 0.699
0.732486 0.7
0.733226 0.698
0.734134 0.7
0.735057 0.7
0.736056 0.7
0.736924 0.7
0.737858 0.701
0.738572 0.7
0.739719 0.701
0.740483 0.702
0.741384 0.704
0.742213 0.704
0.743123 0.704
0.744091 0.704
0.74508 0.704
0.746014 0.706
0.74698 0.707
0.747918 0.707
0.748772 0.71
0.749584 0.71
0.750479 0.71
0.751276 0.709
0.752215 0.709
0.75314 0.709
0.753928 0.709
0.75474 0.709
0.755794 0.709
0.756654 0.709
0.757738 0.708
0.758666 0.708
0.759609 0.708
0.760464 0.707
0.761481 0.708
0.762225 0.707
0.76316 0.706
0.764211 0.706
0.76525 0.708
0.766195 0.707
0.7673 0.707
0.76829 0.706
0.769041 0.705
0.76998 0.704
0.77132 0.706
0.772327 0.707
0.773235 0.708
0.774344 0.708
0.775808 0.709
0.776778 0.709
0.777779 0.71
0.778813 0.711
0.779891 0.711
0.781008 0.71
0.781808 0.711
0.782866 0.71
0.783802 0.71
0.784787 0.711
0.786117 0.712
0.786837 0.711
0.787795 0.71
0.788909 0.711
0.790235 0.711
0.791215 0.711
0.792185 0.713
0.793333 0.712
0.794213 0.712
0.795038 0.711
0.796055 0.713
0.797011 0.712
0.798135 0.713
0.799223 0.715
0.80048 0.715
0.801384 0.715
0.802397 0.715
0.803477 0.715
0.804713 0.714
0.805614 0.713
0.806666 0.712
0.807885 0.712
0.808675 0.712
0.809682 0.712
0.810849 0.711
0.811882 0.71
0.813218 0.71
0.814338 0.71
0.815456 0.711
0.816671 0.709
0.817988 0.711
0.81962 0.711
0.82056 0.713
0.821732 0.713
0.823205 0.715
0.824201 0.715
0.825277 0.716
0.826656 0.716
0.827876 0.716
0.828878 0.717
0.829805 0.717
0.831059 0.717
0.8323 0.716
0.833546 0.715
0.83454 0.715
0.83581 0.716
0.837125 0.717
0.838178 0.719
0.83942 0.72
0.841255 0.716
0.842315 0.716
0.843563 0.717
0.844736 0.718
0.845979 0.718
0.847607 0.717
0.849197 0.718
0.850302 0.718
0.851676 0.718
0.853299 0.716
0.855149 0.715
0.856673 0.717
0.857978 0.719
0.859602 0.72
0.860891 0.719
0.862726 0.721
0.864285 0.721
0.865691 0.721
0.867391 0.72
0.868733 0.72
0.870643 0.721
0.8726 0.723
0.874219 0.724
0.876127 0.724
0.877675 0.724
0.879429 0.724
0.881136 0.724
0.883675 0.727
0.885964 0.727
0.887614 0.728
0.889093 0.729
0.890364 0.729
0.892025 0.73
0.893751 0.73
0.895649 0.729
0.897344 0.728
0.899545 0.731
0.902234 0.733
0.904497 0.734
0.906665 0.735
0.908205 0.735
0.910745 0.736
0.913719 0.737
0.916577 0.737
0.919735 0.738
0.922025 0.74
0.924826 0.742
0.92813 0.743
0.931344 0.745
0.934048 0.746
0.939255 0.748
0.942313 0.749
0.945308 0.75
0.947829 0.752
0.94972 0.752
0.952679 0.751
0.957848 0.753
0.961945 0.757
0.964992 0.757
0.969382 0.759
0.972882 0.76
0.977281 0.762
0.980949 0.764
0.983413 0.763
0.986376 0.763
0.991576 0.763
0.996419 0.765
1.0001 0.766
1.0022 0.766
1.0067 0.767
1.01206 0.767
1.01511 0.769
1.02118 0.771
1.02353 0.771
1.02967 0.772
1.03331 0.773
1.03662 0.773
1.03988 0.773
1.04493 0.773
1.04974 0.773
1.05502 0.773
1.06516 0.777
1.06965 0.778
1.07526 0.779
1.07971 0.78
1.08537 0.78
1.08977 0.779
1.09504 0.781
1.10439 0.782
1.11435 0.784
1.12146 0.783
1.13219 0.785
1.13865 0.786
1.14465 0.787
1.14982 0.788
1.15692 0.79
1.16091 0.79
1.17138 0.791
1.17796 0.791
1.18315 0.790791
1.19554 0.792793
1.20729 0.795796
1.21773 0.796797
1.22592 0.797798
1.23148 0.799599
1.24232 0.800601
1.25151 0.800601
1.26035 0.800601
1.26739 0.804413
1.27501 0.805416
1.27718 0.80603
1.28654 0.80804
1.29387 0.81005
1.30426 0.81206
1.30829 0.811871
1.32125 0.811871
1.32856 0.812689
1.34287 0.812689
1.35634 0.814703
1.36477 0.814703
1.36694 0.814516
1.37356 0.816347
1.3855 0.816347
1.39681 0.817356
1.40882 0.818182
1.41357 0.817998
1.42637 0.821031
1.43929 0.821031
1.44497 0.821862
1.45982 0.823887
1.46712 0.823708
1.47926 0.824721
1.49443 0.825735
1.50155 0.825735
1.51089 0.825735
1.5233 0.827586
1.54027 0.8286
1.5497 0.829442
1.5539 0.829095
1.55653 0.828746
1.56463 0.828571
1.57372 0.829418
1.58644 0.829418
1.6009 0.829418
1.60756 0.829243
1.61462 0.829069
1.62902 0.830092
1.63447 0.830769
1.64824 0.830769
1.65671 0.831449
1.6735 0.831276
1.6903 0.831276
1.69394 0.830928
1.70866 0.830928
1.72612 0.830753
1.74829 0.830753
1.76324 0.830579
1.78176 0.830403
1.80171 0.830228
1.82272 0.830052
1.83756 0.829876
1.86239 0.829876
1.87674 0.831601
1.89429 0.832466
1.90872 0.832292
1.92819 0.832985
1.95046 0.834555
1.96452 0.835789
1.98605 0.83667
2.01049 0.839153
2.04052 0.840764
2.07489 0.840595
2.0869 0.84855
2.11873 0.850972
2.11944 0.857768
2.13521 0.864745
2.12065 0.879096
2.10949 0.89158
