0.0198085 0.492
0.0210048 0.496
0.0222187 0.4935
0.023437 0.4905
0.0246627 0.4905
0.025874 0.497
0.0271106 0.492
0.0283872 0.49
0.0297198 0.495
0.0310593 0.4895
0.0324079 0.491
0.0337734 0.5
0.0351065 0.506
0.0364975 0.5095
0.0379189 0.513
0.0393463 0.5115
0.0408147 0.5095
0.0422803 0.5055
0.0437149 0.5095
0.0451682 0.5145
0.0466425 0.5145
0.0481566 0.5045
0.0496846 0.5
0.0512168 0.4985
0.0526704 0.4945
0.0542434 0.49
0.055761 0.4925
0.0573379 0.487
0.0588601 0.488
0.0604523 0.4955
0.0621349 0.499
0.0638786 0.5065
0.0655238 0.5125
0.0671105 0.514
0.068782 0.5145
0.0705008 0.5215
0.0721672 0.5135
0.0738758 0.5165
0.0756478 0.514
0.0774024 0.5085
0.0791926 0.5065
0.0810573 0.5065
0.0828764 0.507
0.0845527 0.5065
0.0863023 0.511
0.0881019 0.506
0.0899016 0.504
0.0917577 0.5045
0.0935635 0.506
0.0955014 0.5035
0.0973058 0.5055
0.0992059 0.509
0.101136 0.5045
0.103182 0.5045
0.105256 0.5005
0.107382 0.501
0.109427 0.508
0.111453 0.5055
0.113654 0.502
0.115854 0.502
0.118049 0.497
0.120127 0.498
0.122306 0.494
0.124441 0.495
0.126655 0.5
0.129064 0.496
0.131368 0.4945
0.133818 0.489
0.13626 0.4845
0.13864 0.4865
0.140986 0.492
0.143272 0.487
0.145816 0.494
0.148693 0.4935
0.15109 0.496
0.153389 0.4965
0.156104 0.4935
0.158574 0.4925
0.161109 0.4875
0.16377 0.4875
0.166598 0.4905
0.169226 0.488
0.172135 0.4915
0.174983 0.492
0.177603 0.492
0.180288 0.4925
0.183192 0.494
0.186048 0.493
0.189162 0.4935
0.192328 0.493
0.195542 0.491
0.19876 0.49
0.201721 0.485
0.204804 0.4865
0.208052 0.483
0.211185 0.483
0.214763 0.4815
0.218069 0.487
0.221381 0.489
0.225201 0.4905
0.228829 0.49
0.232122 0.49
0.235598 0.49
0.239288 0.49
0.243047 0.495
0.24704 0.494
0.250745 0.4985
0.254045 0.496
0.257952 0.5
0.261894 0.494
0.265421 0.496
0.269932 0.4995
0.273423 0.498
0.277279 0.4985
0.281021 0.5015
0.285198 0.5015
0.289573 0.501
0.293234 0.5005
0.298504 0.5035
0.30337 0.5
0.307751 0.498
0.312729 0.4955
0.317094 0.495
0.321235 0.4905
0.325601 0.4945
0.330318 0.4945
0.334898 0.5015
0.339523 0.5005
0.344031 0.5035
0.348782 0.5015
0.353623 0.504
0.358157 0.5015
0.363085 0.5065
0.367531 0.5035
0.371124 0.5025
0.375407 0.5
0.38072 0.4975
0.385378 0.5035
0.38968 0.503
0.394246 0.505
0.399003 0.5015
0.403639 0.501
0.408437 0.5015
0.412796 0.505
0.417533 0.508
0.42201 0.5125
0.425841 0.5125
0.42982 0.514
0.433819 0.517
0.438373 0.519
0.443133 0.52
0.446384 0.519
0.450299 0.518
0.454143 0.5195
0.457148 0.5235
0.460548 0.524
0.463864 0.5255
0.46726 0.526
0.470575 0.528
0.473674 0.529
0.476293 0.5315
0.478892 0.5315
0.481607 0.534
0.484475 0.5385
0.486865 0.538
0.48934 0.539
0.491415 0.536
0.493952 0.532
0.496338 0.535
0.498607 0.5355
0.500557 0.538
0.502842 0.539
0.505029 0.541
0.506981 0.542
0.508679 0.543
0.510819 0.544
0.512536 0.5475
0.514292 0.5475
0.51636 0.55
0.517916 0.548
0.519662 0.551
0.521218 0.5515
0.522826 0.5515
0.524049 0.554
0.525611 0.555
0.526951 0.556
0.528396 0.558
0.529857 0.5625
0.53103 0.56
0.532344 0.559
0.533874 0.5595
0.535385 0.5605
0.536456 0.561
0.537637 0.561
0.538898 0.5605
0.540234 0.5625
0.541534 0.561
0.542793 0.563
0.543759 0.565
0.545047 0.566
0.546305 0.5645
0.547399 0.5665
0.548556 0.567
0.549744 0.568
0.550837 0.5685
0.55186 0.5695
0.552829 0.57
0.553837 0.571
0.554964 0.573
0.555887 0.5725
0.557015 0.5715
0.557935 0.575
0.558938 0.5745
0.559852 0.5755
0.560992 0.577
0.561909 0.582
0.562783 0.5825
0.563928 0.5795
0.56479 0.582
0.565767 0.581
0.566776 0.5815
0.567707 0.582
0.568606 0.582
0.569486 0.58
0.570453 0.5815
0.571336 0.583
0.572237 0.582
0.573112 0.5825
0.573998 0.585
0.575013 0.5865
0.575863 0.589
0.576858 0.5895
0.577917 0.59
0.578812 0.592
0.579825 0.5925
0.580756 0.593
0.581715 0.593
0.582632 0.5935
0.583609 0.5925
0.584574 0.594
0.585442 0.5965
0.586314 0.5935
0.587256 0.5965
0.588022 0.5975
0.588823 0.598
0.589634 0.599
0.590472 0.5995
0.591441 0.602
0.592357 0.6015
0.59327 0.6025
0.594183 0.6035
0.595192 0.6035
0.596132 0.605
0.597 0.6075
0.597906 0.607
0.598892 0.6055
0.599917 0.605
0.600835 0.603
0.601777 0.6045
0.602744 0.605
0.603639 0.606
0.604596 0.608
0.605438 0.611
0.606355 0.609
0.607248 0.61
0.608182 0.612
0.609117 0.614
0.610026 0.6145
0.610836 0.6165
0.611704 0.617
0.612547 0.617
0.613377 0.6165
0.614199 0.619
0.615123 0.618
0.61598 0.619
0.616751 0.62
0.617675 0.619
0.618479 0.62
0.619333 0.619
0.620219 0.617
0.621302 0.6155
0.622114 0.613
0.622989 0.6125
0.624032 0.614
0.624859 0.615
0.625774 0.615
0.62681 0.6145
0.627628 0.615
0.628532 0.617
0.629514 0.62
0.630452 0.623
0.63145 0.622
0.632259 0.6225
0.633124 0.6215
0.634097 0.6215
0.635052 0.6245
0.635906 0.626
0.636794 0.6265
0.63777 0.6295
0.638602 0.6295
0.639555 0.6295
0.640469 0.628
0.641419 0.628
0.642244 0.629
0.643324 0.6305
0.644235 0.63
0.645113 0.6305
0.646063 0.63
0.646954 0.63
0.647857 0.63
0.64859 0.6315
0.649513 0.632
0.650469 0.6335
0.651421 0.6345
0.652254 0.635
0.653281 0.6365
0.654193 0.6385
0.655065 0.641
0.655951 0.6405
0.656816 0.64
0.657655 0.641
0.658604 0.6385
0.65944 0.6415
0.660359 0.642
0.661319 0.6415
0.66217 0.6395
0.663116 0.6405
0.663898 0.6405
0.664787 0.6395
0.665631 0.6395
0.666534 0.64
0.667467 0.6395
0.668337 0.6405
0.669237 0.6405
0.670163 0.641
0.671005 0.642
0.671835 0.6415
0.672777 0.64
0.673678 0.641
0.674471 0.6405
0.675247 0.6395
0.676101 0.6395
0.677078 0.642
0.6779 0.642
0.678763 0.6425
0.679686 0.643
0.680598 0.644
0.681507 0.643
0.68238 0.6445
0.683277 0.645
0.684138 0.6465
0.684953 0.646
0.685818 0.6475
0.686727 0.6485
0.687695 0.6505
0.688552 0.6515
0.689369 0.6515
0.690231 0.6535
0.69108 0.6535
0.691878 0.653
0.692787 0.653
0.693668 0.655
0.694378 0.6545
0.695204 0.654
0.696074 0.655
0.696877 0.655
0.697749 0.6555
0.698653 0.6545
0.699456 0.656
0.700388 0.6565
0.701376 0.6565
0.702281 0.6565
0.703281 0.654
0.704276 0.655
0.705222 0.6545
0.706097 0.656
0.707162 0.656
0.708107 0.656
0.708998 0.6565
0.709985 0.6575
0.710842 0.6575
0.711663 0.6585
0.712449 0.6575
0.713276 0.658
0.714147 0.6575
0.715049 0.658
0.715989 0.658
0.716981 0.6585
0.717886 0.657
0.718859 0.6575
0.719704 0.6575
0.720553 0.657
0.721614 0.6585
0.722398 0.6595
0.723293 0.6585
0.72407 0.659
0.724946 0.6585
0.725846 0.658
0.726709 0.656
0.727676 0.6575
0.728599 0.6575
0.729597 0.6585
0.730506 0.657
0.731478 0.657
0.732479 0.658
0.733527 0.662
0.734438 0.663
0.735262 0.6645
0.736225 0.6635
0.737187 0.6635
0.737992 0.662
0.738995 0.663
0.739915 0.665
0.740768 0.6645
0.741765 0.667
0.742713 0.6685
0.743623 0.6705
0.744531 0.67
0.745418 0.6705
0.746361 0.6705
0.747355 0.6705
0.748247 0.671
0.749198 0.671
0.750078 0.671
0.751034 0.6725
0.751915 0.671
0.752873 0.6715
0.753708 0.671
0.754572 0.6715
0.755405 0.672
0.756333 0.673
0.757306 0.673
0.758183 0.6735
0.759053 0.673
0.759983 0.673
0.760848 0.673
0.761886 0.675
0.762892 0.6755
0.76382 0.676
0.76477 0.6755
0.765857 0.676
0.766848 0.676
0.76794 0.676
0.768912 0.676
0.769929 0.6775
0.770971 0.678
0.771909 0.6775
0.772836 0.678
0.773888 0.68
0.775104 0.68
0.776125 0.679
0.777091 0.6795
0.778071 0.6805
0.779139 0.68
0.780015 0.679
0.780898 0.678
0.781812 0.6775
0.782901 0.676
0.783924 0.6775
0.78499 0.6785
0.785974 0.678
0.786915 0.677
0.787935 0.6775
0.789217 0.677
0.790181 0.677
0.791232 0.6785
0.792351 0.679
0.793379 0.679
0.794327 0.6785
0.79527 0.68
0.796298 0.679
0.797461 0.678
0.798449 0.679
0.799407 0.6795
0.800358 0.6795
0.80141 0.679
0.802425 0.6785
0.803399 0.6795
0.804462 0.68
0.805567 0.6795
0.806608 0.6795
0.807819 0.68
0.809027 0.6805
0.810181 0.68
0.811214 0.68
0.812175 0.6795
0.813195 0.68
0.814683 0.6815
0.815697 0.6815
0.816945 0.6825
0.818045 0.6835
0.819203 0.683
0.820365 0.6845
0.821599 0.6865
0.822952 0.688
0.824162 0.6875
0.825529 0.6885
0.826931 0.6865
0.828108 0.6875
0.829225 0.687
0.830574 0.687
0.831937 0.687
0.833309 0.6895
0.834397 0.6895
0.835758 0.6895
0.836992 0.69
0.838463 0.6895
0.839656 0.6905
0.841018 0.69
0.842346 0.6905
0.843592 0.69
0.8451 0.689
0.846494 0.6905
0.847701 0.691
0.849241 0.6915
0.850528 0.6915
0.851872 0.693
0.853021 0.6935
0.854724 0.6945
0.85618 0.6945
0.857919 0.695
0.859214 0.695
0.860865 0.696
0.863072 0.698
0.864757 0.6985
0.866266 0.6985
0.867801 0.6985
0.869404 0.699
0.871185 0.699
0.872945 0.699
0.874518 0.699
0.876356 0.699
0.877966 0.699
0.879525 0.699
0.881411 0.7
0.882829 0.7015
0.884667 0.7015
0.886303 0.702
0.888383 0.7035
0.890403 0.704
0.892705 0.703
0.894622 0.7035
0.89646 0.7035
0.898901 0.705
0.90081 0.706
0.902658 0.707
0.904434 0.7075
0.906702 0.708
0.908829 0.709
0.910635 0.7095
0.913294 0.711
0.915478 0.7115
0.918188 0.711
0.921005 0.712
0.923182 0.712
0.926603 0.713
0.929327 0.714
0.93179 0.717
0.93425 0.7175
0.936594 0.7175
0.939748 0.718
0.942678 0.719
0.946351 0.722
0.948933 0.7215
0.951779 0.722
0.955227 0.722
0.958095 0.722
0.960651 0.7235
0.964135 0.724
0.967562 0.724
0.970633 0.7255
0.974443 0.7275
0.97694 0.7295
0.980111 0.73
0.983716 0.731
0.986604 0.732
0.991534 0.733
0.996119 0.735
1.00035 0.735
1.00449 0.736
1.00838 0.7355
1.01257 0.7365
1.01664 0.738
1.02313 0.74
1.02812 0.742
1.03441 0.7435
1.0382 0.744
1.04352 0.746
1.04761 0.7465
1.05232 0.7475
1.0589 0.748374
1.06402 0.749375
1.07263 0.749875
1.07873 0.750875
1.08451 0.750875
1.09148 0.752876
1.09844 0.753877
1.10629 0.756878
1.11316 0.758379
1.12128 0.76088
1.12694 0.762381
1.14046 0.765383
1.14664 0.766383
1.15447 0.769385
1.16202 0.770885
1.16914 0.771886
1.17629 0.772386
1.18404 0.775663
1.19345 0.777166
1.20212 0.78017
1.20884 0.781172
1.21593 0.781172
1.22725 0.782064
1.23767 0.784068
1.24728 0.785464
1.25433 0.786252
1.26194 0.786754
1.27566 0.790266
1.28368 0.791667
1.29123 0.792671
1.29831 0.792567
1.3082 0.794073
1.31752 0.794975
1.33058 0.796482
1.3391 0.796883
1.34408 0.797182
1.35444 0.797685
1.3686 0.798691
1.37571 0.799395
1.38221 0.800101
1.38927 0.800505
1.39823 0.802425
1.40891 0.802425
1.41955 0.802931
1.42892 0.803842
1.43375 0.804051
1.4469 0.805063
1.46075 0.80557
1.46982 0.807497
1.47281 0.807614
1.48359 0.808024
1.48998 0.810178
1.49681 0.811004
1.50295 0.810811
1.51299 0.810811
1.51793 0.811032
1.52629 0.811032
1.53326 0.81135
1.53616 0.813333
1.54407 0.813559
1.55016 0.813786
1.55563 0.814013
1.5664 0.814948
1.58181 0.815369
1.59371 0.815789
1.60186 0.816116
1.61487 0.816632
1.6322 0.817149
1.6429 0.81696
1.65705 0.81696
1.66635 0.81677
1.68146 0.81677
1.69414 0.816675
1.70757 0.81658
1.72065 0.817004
1.73123 0.816814
1.74675 0.816719
1.75848 0.816953
1.77432 0.816857
1.79148 0.817283
1.80548 0.817518
1.8284 0.817518
1.84725 0.817328
1.86789 0.818182
1.88828 0.818515
1.9123 0.81842
1.93164 0.818753
1.96401 0.819088
1.98718 0.819853
1.99692 0.821542
2.02283 0.822751
2.03888 0.824123
2.06743 0.825693
2.0769 0.829124
2.08798 0.832792
2.10668 0.835512
2.13091 0.840747
2.14041 0.848333
2.17731 0.85426
2.18969 0.861206
