0.0197041 0.488
0.020894 0.501
0.0221196 0.495
0.0233179 0.506
0.0245547 0.504
0.0257991 0.503
0.0270637 0.495
0.0283874 0.485
0.0296914 0.492
0.0309572 0.483
0.0322646 0.484
0.0335887 0.49
0.03495 0.485
0.0363083 0.485
0.0376549 0.478
0.0390899 0.486
0.0405112 0.481
0.0419379 0.485
0.0433815 0.48
0.0448252 0.482
0.0463591 0.488
0.0478977 0.478
0.0494023 0.477
0.0508952 0.475
0.0523772 0.473
0.0538847 0.47
0.0554349 0.474
0.0569599 0.472
0.058617 0.483
0.0601752 0.483
0.0617441 0.49
0.0632181 0.492
0.0647595 0.488
0.0661967 0.484
0.0678288 0.479
0.0694407 0.485
0.0711041 0.489
0.0728481 0.488
0.0745809 0.489
0.0763031 0.488
0.0779695 0.489
0.0797328 0.486
0.0814717 0.495
0.0831489 0.481
0.0849391 0.477
0.0868426 0.48
0.0886256 0.477
0.0904955 0.469
0.0924607 0.472
0.0944638 0.474
0.0963582 0.475
0.098219 0.465
0.100343 0.473
0.102379 0.467
0.104395 0.473
0.106166 0.47
0.108302 0.471
0.110216 0.47
0.112423 0.472
0.114748 0.471
0.116956 0.47
0.118935 0.479
0.120933 0.475
0.123362 0.478
0.125594 0.482
0.127757 0.492
0.130143 0.495
0.132393 0.494
0.134714 0.502
0.137009 0.509
0.139479 0.504
0.1419 0.501
0.144404 0.497
0.146944 0.49
0.149534 0.492
0.152219 0.494
0.154768 0.493
0.15737 0.486
0.159797 0.489
0.162471 0.494
0.165242 0.491
0.167972 0.492
0.170571 0.497
0.173392 0.498
0.176583 0.498
0.179225 0.491
0.18231 0.49
0.185304 0.493
0.187984 0.499
0.190986 0.498
0.194122 0.508
0.196874 0.503
0.199723 0.505
0.202704 0.504
0.205954 0.496
0.209485 0.495
0.212439 0.504
0.215637 0.503
0.218719 0.503
0.221542 0.498
0.224753 0.506
0.227567 0.51
0.230772 0.513
0.234454 0.508
0.238498 0.505
0.242007 0.504
0.24591 0.506
0.249732 0.512
0.253341 0.512
0.256815 0.506
0.260614 0.511
0.264822 0.503
0.269307 0.505
0.273243 0.5
0.277689 0.505
0.281681 0.509
0.285947 0.509
0.290667 0.505
0.295439 0.501
0.299099 0.503
0.303634 0.502
0.30857 0.507
0.31333 0.502
0.317683 0.501
0.32217 0.501
0.327408 0.497
0.332213 0.5
0.337028 0.495
0.341965 0.501
0.346833 0.506
0.351738 0.5
0.356077 0.503
0.361163 0.508
0.366439 0.505
0.370904 0.508
0.375418 0.508
0.379917 0.51
0.385366 0.511
0.390233 0.505
0.394276 0.511
0.398476 0.512
0.402459 0.514
0.406515 0.513
0.411241 0.513
0.415033 0.516
0.419174 0.515
0.423826 0.515
0.427704 0.518
0.432413 0.524
0.436 0.526
0.440296 0.524
0.444167 0.526
0.447121 0.525
0.450086 0.527
0.454392 0.528
0.458119 0.534
0.461259 0.538
0.464631 0.537
0.467758 0.54
0.470407 0.539
0.473141 0.541
0.476218 0.54
0.478692 0.536
0.480971 0.538
0.483245 0.543
0.485973 0.547
0.488425 0.544
0.490552 0.545
0.492661 0.547
0.494325 0.546
0.496949 0.545
0.499106 0.548
0.501305 0.548
0.503621 0.547
0.50594 0.552
0.508007 0.551
0.509576 0.554
0.511052 0.558
0.512907 0.552
0.514844 0.554
0.516147 0.55
0.518508 0.552
0.520424 0.552
0.521912 0.555
0.523101 0.557
0.524494 0.561
0.52589 0.56
0.52711 0.561
0.528211 0.56
0.529477 0.564
0.531205 0.564
0.532514 0.564
0.533942 0.567
0.535351 0.57
0.536576 0.57
0.538154 0.568
0.53934 0.569
0.540532 0.565
0.541651 0.566
0.542896 0.567
0.54387 0.57
0.544855 0.572
0.545931 0.572
0.546874 0.571
0.54799 0.567
0.548916 0.566
0.550105 0.567
0.551245 0.565
0.552435 0.567
0.553399 0.563
0.554317 0.559
0.555276 0.561
0.556621 0.56
0.557695 0.56
0.558736 0.564
0.559617 0.563
0.560527 0.56
0.561328 0.561
0.562268 0.56
0.563143 0.567
0.563923 0.569
0.565054 0.571
0.566098 0.571
0.567033 0.568
0.568014 0.566
0.568827 0.569
0.569647 0.57
0.570654 0.573
0.571545 0.569
0.572461 0.569
0.573489 0.572
0.57449 0.574
0.575437 0.572
0.576471 0.573
0.577512 0.573
0.578417 0.573
0.579327 0.577
0.580352 0.579
0.581239 0.58
0.582089 0.581
0.583011 0.583
0.584273 0.581
0.585515 0.584
0.586463 0.587
0.587545 0.583
0.588375 0.583
0.589373 0.587
0.590312 0.592
0.591131 0.593
0.592191 0.594
0.593086 0.598
0.593898 0.597
0.594875 0.596
0.595768 0.594
0.596624 0.597
0.597461 0.594
0.598425 0.594
0.599438 0.596
0.600375 0.6
0.601427 0.603
0.602339 0.603
0.603203 0.605
0.60404 0.607
0.605042 0.609
0.605877 0.61
0.606714 0.609
0.60745 0.61
0.608321 0.608
0.609206 0.607
0.610103 0.609
0.610868 0.609
0.611756 0.609
0.612522 0.611
0.613456 0.609
0.614351 0.614
0.615248 0.616
0.616054 0.618
0.616885 0.619
0.617663 0.619
0.618566 0.619
0.61949 0.618
0.620322 0.62
0.621241 0.624
0.62227 0.621
0.623076 0.622
0.623858 0.623
0.624714 0.623
0.625619 0.626
0.626696 0.626
0.62761 0.631
0.628543 0.631
0.629495 0.629
0.630341 0.629
0.631266 0.629
0.632329 0.627
0.633256 0.626
0.634126 0.625
0.635073 0.626
0.636063 0.629
0.636956 0.63
0.63779 0.631
0.638534 0.631
0.639442 0.632
0.640284 0.629
0.641088 0.629
0.642011 0.625
0.642834 0.623
0.643657 0.626
0.644645 0.625
0.645518 0.625
0.646372 0.626
0.647151 0.624
0.648064 0.621
0.648838 0.623
0.649795 0.623
0.650586 0.624
0.651561 0.629
0.652476 0.63
0.653345 0.629
0.654215 0.628
0.655443 0.627
0.656243 0.629
0.657043 0.628
0.657903 0.627
0.658716 0.626
0.659635 0.624
0.660426 0.624
0.661345 0.623
0.662318 0.621
0.663112 0.625
0.66409 0.625
0.665078 0.626
0.665929 0.622
0.666798 0.625
0.667848 0.626
0.668699 0.624
0.669457 0.629
0.670362 0.629
0.671281 0.632
0.67239 0.631
0.673187 0.632
0.674038 0.632
0.674759 0.632
0.675728 0.633
0.676507 0.634
0.677266 0.634
0.678216 0.635
0.679003 0.635
0.679835 0.637
0.680529 0.639
0.681284 0.639
0.68216 0.64
0.68309 0.641
0.683925 0.64
0.684842 0.641
0.685784 0.639
0.686993 0.642
0.687662 0.643
0.688596 0.642
0.689596 0.641
0.690508 0.641
0.691388 0.642
0.692209 0.643
0.693327 0.646
0.694183 0.645
0.695027 0.645
0.695885 0.644
0.696601 0.643
0.697327 0.642
0.698244 0.642
0.699045 0.642
0.699881 0.643
0.700754 0.645
0.70154 0.645
0.702513 0.646
0.703343 0.647
0.704372 0.648
0.705496 0.652
0.706631 0.652
0.70754 0.652
0.708647 0.652
0.709565 0.652
0.71053 0.652
0.711534 0.654
0.712605 0.654
0.713578 0.651
0.714361 0.652
0.715262 0.653
0.716051 0.654
0.716707 0.655
0.717594 0.658
0.718473 0.66
0.719338 0.662
0.720182 0.662
0.72097 0.661
0.721788 0.662
0.722764 0.662
0.723805 0.664
0.724787 0.665
0.725919 0.666
0.726781 0.665
0.727717 0.667
0.728672 0.667
0.72957 0.667
0.730481 0.666
0.731552 0.665
0.732619 0.667
0.733586 0.666
0.734601 0.665
0.73557 0.663
0.736426 0.665
0.737441 0.667
0.7386 0.669
0.739667 0.669
0.740735 0.67
0.741642 0.67
0.742657 0.668
0.743796 0.67
0.744703 0.672
0.745586 0.672
0.746635 0.673
0.747674 0.674
0.748495 0.674
0.749409 0.675
0.750334 0.673
0.751231 0.673
0.752051 0.674
0.753065 0.674
0.75403 0.674
0.754934 0.675
0.755952 0.675
0.757013 0.675
0.758145 0.675
0.759124 0.674
0.760072 0.675
0.761125 0.673
0.762079 0.671
0.763214 0.671
0.764198 0.669
0.765072 0.668
0.765997 0.666
0.766872 0.665
0.767554 0.664
0.768488 0.668
0.769418 0.668
0.770241 0.667
0.771309 0.669
0.772207 0.668
0.773342 0.672
0.774167 0.671
0.775195 0.671
0.776221 0.673
0.777397 0.675
0.778557 0.676
0.779568 0.678
0.780713 0.68
0.78162 0.681
0.782467 0.682
0.783601 0.684
0.784602 0.685
0.78561 0.684
0.786496 0.683
0.787633 0.683
0.788674 0.684
0.789903 0.682
0.790686 0.684
0.791823 0.682
0.792956 0.68
0.794002 0.681
0.794865 0.681
0.796004 0.681
0.796848 0.682
0.797827 0.682
0.798875 0.683
0.799844 0.683
0.801047 0.683
0.801921 0.683
0.802924 0.684
0.8042 0.681
0.80522 0.68
0.806231 0.681
0.807263 0.68
0.808365 0.68
0.809681 0.681
0.810831 0.683
0.811802 0.684
0.813099 0.684
0.814163 0.683
0.81516 0.684
0.816312 0.685
0.817687 0.684
0.819105 0.684
0.820205 0.685
0.82159 0.689
0.822734 0.691
0.823953 0.692
0.825209 0.691
0.826703 0.691
0.828143 0.692
0.829137 0.693
0.830559 0.693
0.831737 0.692
0.832929 0.691
0.834113 0.692
0.835637 0.692
0.837027 0.693
0.838385 0.693
0.839702 0.695
0.841003 0.694
0.842236 0.696
0.84374 0.695
0.844741 0.695
0.846135 0.694
0.847665 0.695
0.849106 0.694
0.850569 0.695
0.851643 0.695
0.852985 0.694
0.854374 0.695
0.856486 0.698
0.857774 0.698
0.859101 0.697
0.860582 0.696
0.862058 0.696
0.86389 0.695
0.865375 0.695
0.866929 0.697
0.869433 0.701
0.870699 0.7
0.872215 0.7
0.873726 0.7
0.875272 0.702
0.876882 0.701
0.878016 0.701
0.879936 0.701
0.881319 0.701
0.883996 0.702
0.885281 0.702
0.886745 0.702
0.889073 0.703
0.890953 0.703
0.892413 0.703
0.89418 0.703
0.89617 0.702
0.898063 0.702
0.899515 0.702
0.90186 0.703
0.903543 0.703
0.90504 0.703
0.906745 0.704
0.910007 0.705
0.912086 0.706
0.913774 0.706
0.916242 0.707
0.918693 0.708
0.921425 0.709
0.924334 0.71
0.926794 0.71
0.928859 0.711
0.931658 0.712
0.934262 0.712
0.936083 0.712
0.941542 0.714
0.943927 0.716
0.947649 0.718
0.949569 0.717
0.952197 0.72
0.955685 0.724
0.958582 0.724
0.961371 0.725
0.964217 0.725
0.96728 0.726
0.973765 0.729
0.976039 0.729
0.97986 0.73
0.983313 0.73
0.985906 0.73
0.990434 0.732
0.994226 0.733
0.996379 0.733
1.0039 0.737
1.01078 0.741
1.01581 0.741
1.01933 0.742
1.02648 0.741
1.0298 0.741
1.03425 0.744
1.04107 0.747
1.04896 0.751
1.05393 0.751
1.06021 0.751
1.06772 0.751
1.07272 0.755
1.08089 0.756
1.08598 0.758
1.09118 0.759
1.09605 0.759
1.10458 0.762
1.11189 0.764
1.11771 0.765
1.1293 0.766
1.13547 0.767
1.14343 0.76977
1.15157 0.772773
1.15889 0.773774
1.17048 0.774775
1.17904 0.774775
1.18783 0.775776
1.18849 0.776329
1.1991 0.778112
1.20404 0.780905
1.20899 0.782915
1.22052 0.786935
1.23102 0.788945
1.24196 0.79196
1.25015 0.79196
1.25752 0.792965
1.26265 0.794769
1.27104 0.795775
1.28244 0.796781
1.28986 0.796781
1.30124 0.796781
1.31124 0.797787
1.31456 0.797583
1.3277 0.79859
1.33526 0.800403
1.34213 0.800202
1.35321 0.801211
1.36275 0.80222
1.37532 0.80303
1.38477 0.805668
1.38964 0.806484
1.39765 0.806484
1.40557 0.808316
1.41886 0.810152
1.42457 0.811801
1.43874 0.815682
1.44645 0.815682
1.45734 0.816701
1.46424 0.816514
1.47102 0.816514
1.47371 0.816327
1.47885 0.81716
1.48772 0.81716
1.4939 0.817623
1.5042 0.817623
1.51323 0.818462
1.52414 0.819302
1.53437 0.819302
1.54547 0.819302
1.55359 0.819116
1.57006 0.820144
1.57908 0.820803
1.58475 0.820433
1.59359 0.820248
1.59725 0.820062
1.60669 0.819876
1.61937 0.819876
1.62881 0.819689
1.63215 0.819127
1.64678 0.819127
1.66414 0.819127
1.67921 0.819127
1.69452 0.818939
1.70487 0.81875
1.7162 0.819604
1.73302 0.819604
1.74527 0.820459
1.75849 0.820459
1.77757 0.820459
1.80165 0.821503
1.82238 0.821503
1.84125 0.822176
1.85676 0.82199
1.88134 0.821803
1.89343 0.821429
1.92367 0.822292
1.95148 0.823158
1.96611 0.823467
1.99564 0.823467
2.02962 0.824153
2.03653 0.828877
2.06692 0.832438
2.09621 0.834951
2.11208 0.843886
2.13004 0.848018
2.14206 0.855395
2.15264 0.859551
2.17392 0.863946
2.17738 0.874134
