0.0198965 0.5
0.0211281 0.5025
0.0223748 0.501
0.0235906 0.4965
0.0248193 0.499
0.026099 0.4965
0.0274053 0.5005
0.0287179 0.494
0.030019 0.4885
0.0313187 0.486
0.0326234 0.491
0.0339508 0.4965
0.035353 0.4925
0.0367271 0.4855
0.0380905 0.4785
0.0395027 0.483
0.04093 0.4925
0.0424107 0.4875
0.0438266 0.4815
0.0453064 0.4785
0.0467878 0.472
0.0482676 0.475
0.0497309 0.48
0.0512527 0.48
0.0527446 0.4775
0.0541964 0.4815
0.0556711 0.483
0.0572257 0.483
0.0587827 0.4835
0.0603702 0.488
0.0619471 0.481
0.063566 0.481
0.0652025 0.479
0.0668585 0.4745
0.0686126 0.48
0.0701919 0.483
0.0719365 0.4885
0.0735672 0.486
0.0753133 0.48
0.0770223 0.48
0.0787089 0.479
0.080509 0.4705
0.0823706 0.4705
0.0840989 0.468
0.085978 0.469
0.0877737 0.477
0.0896195 0.475
0.0916017 0.4715
0.0935151 0.472
0.0955365 0.476
0.0974349 0.4775
0.0994729 0.4815
0.101304 0.4825
0.103303 0.4855
0.105257 0.491
0.107239 0.4865
0.109244 0.4825
0.111466 0.4865
0.113567 0.488
0.115874 0.4885
0.118064 0.495
0.12024 0.49
0.122575 0.4995
0.124882 0.4955
0.127196 0.4875
0.129425 0.4875
0.131602 0.489
0.133946 0.487
0.136294 0.485
0.138441 0.485
0.140816 0.4795
0.143202 0.481
0.145453 0.484
0.147945 0.485
0.150457 0.4865
0.152815 0.484
0.155263 0.491
0.157815 0.4935
0.160467 0.4905
0.16347 0.4845
0.166201 0.4855
0.168885 0.489
0.171623 0.4915
0.174762 0.4915
0.177877 0.487
0.181263 0.491
0.184393 0.4925
0.187287 0.49
0.190164 0.4925
0.193247 0.485
0.196262 0.4855
0.199297 0.4845
0.202559 0.4865
0.205808 0.488
0.209055 0.487
0.212216 0.489
0.215655 0.495
0.219002 0.4875
0.222676 0.493
0.226073 0.4995
0.229355 0.4955
0.233048 0.4965
0.236799 0.4935
0.240538 0.497
0.243981 0.498
0.247728 0.499
0.251413 0.4985
0.255102 0.5065
0.259245 0.5095
0.263302 0.5085
0.267178 0.505
0.270915 0.503
0.275057 0.5
0.279433 0.4985
0.28386 0.497
0.288122 0.493
0.29355 0.494
0.297805 0.485
0.302405 0.485
0.307263 0.49
0.31137 0.4925
0.315933 0.4965
0.32016 0.499
0.325091 0.5055
0.329388 0.5095
0.334469 0.505
0.339134 0.499
0.343724 0.503
0.349061 0.5085
0.353805 0.5135
0.358256 0.517
0.363199 0.515
0.368288 0.5135
0.373285 0.516
0.378536 0.512
0.383192 0.515
0.387304 0.51
0.39239 0.5085
0.396604 0.51
0.401003 0.5105
0.404587 0.5155
0.408624 0.5245
0.412373 0.5245
0.416383 0.5265
0.420603 0.526
0.424036 0.5265
0.428163 0.5235
0.431966 0.524
0.436431 0.5215
0.440249 0.5235
0.444384 0.5255
0.44754 0.5275
0.450758 0.5315
0.454844 0.5345
0.458493 0.5395
0.461277 0.5415
0.46431 0.5415
0.467446 0.5405
0.470001 0.5395
0.472942 0.541
0.476455 0.542
0.479447 0.5435
0.48174 0.547
0.484417 0.5455
0.487149 0.5465
0.489409 0.553
0.491876 0.556
0.494232 0.5555
0.496259 0.558
0.498629 0.5575
0.500656 0.5585
0.502598 0.559
0.504798 0.559
0.506862 0.56
0.508905 0.5605
0.51059 0.5635
0.512379 0.5605
0.514352 0.5645
0.516104 0.5645
0.517851 0.563
0.519293 0.565
0.520911 0.563
0.522199 0.567
0.523875 0.567
0.525346 0.569
0.526738 0.57
0.528428 0.5745
0.530053 0.576
0.531263 0.5785
0.532728 0.58
0.533975 0.577
0.535478 0.5795
0.536829 0.5795
0.538523 0.5805
0.540099 0.58
0.541453 0.5805
0.542443 0.577
0.543867 0.58
0.545091 0.5805
0.546064 0.581
0.547306 0.5805
0.548534 0.5795
0.549588 0.583
0.550516 0.5815
0.551633 0.582
0.55271 0.58
0.553734 0.5805
0.5549 0.582
0.556179 0.5845
0.557412 0.5855
0.558668 0.5835
0.55959 0.585
0.560553 0.585
0.561746 0.5825
0.562795 0.5835
0.563829 0.5855
0.564806 0.589
0.565709 0.592
0.566813 0.5895
0.567765 0.5915
0.568719 0.593
0.569687 0.595
0.5705 0.596
0.571309 0.5965
0.572125 0.594
0.573007 0.5945
0.573927 0.593
0.574722 0.596
0.575622 0.597
0.576637 0.5985
0.577744 0.5955
0.578726 0.598
0.579644 0.5975
0.580596 0.5965
0.58152 0.5975
0.582397 0.598
0.583257 0.6005
0.584243 0.6035
0.585202 0.6065
0.586012 0.6085
0.586959 0.608
0.58792 0.6075
0.588838 0.6055
0.589743 0.6075
0.590555 0.611
0.591515 0.6105
0.592435 0.6115
0.593208 0.611
0.594095 0.6085
0.594929 0.609
0.595858 0.608
0.596799 0.611
0.597748 0.6115
0.598666 0.61
0.599503 0.6105
0.600404 0.6105
0.601313 0.612
0.602142 0.6145
0.602955 0.6135
0.603774 0.613
0.604737 0.614
0.605514 0.6165
0.606459 0.6165
0.607354 0.617
0.608187 0.618
0.609063 0.617
0.610068 0.615
0.610905 0.6145
0.611929 0.6175
0.61281 0.618
0.613644 0.617
0.61451 0.6165
0.615455 0.6175
0.616482 0.619
0.617418 0.6195
0.618284 0.619
0.619178 0.6205
0.62009 0.62
0.620922 0.6195
0.621779 0.6195
0.622688 0.618
0.6236 0.6205
0.624471 0.6195
0.625381 0.6215
0.626179 0.6225
0.627113 0.6225
0.628042 0.6215
0.628918 0.623
0.629912 0.6215
0.630833 0.623
0.631798 0.624
0.632784 0.6255
0.633605 0.626
0.634644 0.628
0.635603 0.626
0.636496 0.6255
0.637351 0.626
0.638239 0.626
0.639116 0.6255
0.640172 0.625
0.641026 0.626
0.641856 0.6265
0.642798 0.6275
0.643722 0.6285
0.644611 0.6325
0.645413 0.633
0.646331 0.633
0.64725 0.6355
0.648129 0.6355
0.648935 0.636
0.649774 0.6365
0.650728 0.6365
0.651568 0.636
0.652364 0.6375
0.653271 0.6375
0.654315 0.637
0.655239 0.638
0.656097 0.6365
0.657077 0.6375
0.657965 0.6365
0.658832 0.6355
0.659814 0.636
0.660716 0.637
0.661602 0.639
0.662468 0.6385
0.663343 0.638
0.664203 0.64
0.665031 0.64
0.665865 0.641
0.666656 0.64
0.667506 0.638
0.668403 0.638
0.669236 0.6385
0.670157 0.639
0.671064 0.6385
0.671866 0.638
0.672674 0.6385
0.673611 0.6375
0.674481 0.637
0.675438 0.638
0.676233 0.6395
0.677029 0.64
0.677922 0.641
0.678824 0.644
0.679601 0.6435
0.680615 0.6415
0.681616 0.642
0.682491 0.642
0.683301 0.641
0.684249 0.642
0.685279 0.645
0.686147 0.6465
0.686994 0.6465
0.687776 0.6475
0.688607 0.6475
0.689542 0.65
0.690435 0.65
0.691394 0.6515
0.692255 0.65
0.693262 0.65
0.694191 0.6515
0.695275 0.651
0.696167 0.6515
0.697062 0.6525
0.697982 0.652
0.698823 0.6525
0.699779 0.6535
0.700674 0.6545
0.701607 0.654
0.702548 0.653
0.703543 0.6535
0.704374 0.654
0.705294 0.6545
0.706165 0.6565
0.707045 0.6565
0.707924 0.6565
0.708815 0.6575
0.709778 0.658
0.71064 0.658
0.71149 0.6585
0.712388 0.6585
0.713282 0.6605
0.71423 0.661
0.71516 0.6605
0.716054 0.6615
0.717001 0.6635
0.717927 0.663
0.718862 0.6635
0.719727 0.664
0.720614 0.6645
0.721437 0.6645
0.722512 0.665
0.72345 0.665
0.72422 0.665
0.725177 0.6675
0.726044 0.667
0.72691 0.6655
0.727709 0.6645
0.728708 0.665
0.729634 0.6665
0.73057 0.6665
0.731581 0.667
0.732519 0.668
0.733271 0.668
0.734255 0.668
0.73519 0.668
0.736125 0.668
0.73704 0.6685
0.73805 0.6685
0.73888 0.6685
0.739707 0.6695
0.740682 0.669
0.741466 0.6695
0.742314 0.6695
0.743359 0.6715
0.744241 0.6725
0.745132 0.672
0.746226 0.6715
0.747181 0.6715
0.74828 0.6735
0.749315 0.6735
0.750304 0.6735
0.751202 0.674
0.752286 0.6745
0.753091 0.674
0.753979 0.674
0.754877 0.6745
0.755975 0.675
0.756974 0.674
0.757938 0.674
0.75885 0.674
0.759803 0.674
0.760728 0.6735
0.761685 0.674
0.762665 0.6745
0.763584 0.674
0.764372 0.6745
0.765323 0.6735
0.766215 0.6745
0.767132 0.6745
0.768096 0.6735
0.769037 0.674
0.769937 0.6755
0.771001 0.677
0.771878 0.677
0.772902 0.6775
0.773846 0.678
0.774946 0.679
0.775897 0.6795
0.776875 0.6805
0.777852 0.6805
0.778974 0.6805
0.780107 0.6805
0.781015 0.682
0.782137 0.683
0.783136 0.6825
0.784143 0.6815
0.784996 0.682
0.785954 0.6815
0.78702 0.6815
0.788017 0.6825
0.789063 0.6825
0.790111 0.684
0.791125 0.6835
0.792213 0.6835
0.793227 0.6825
0.794218 0.6825
0.795257 0.6845
0.796411 0.6845
0.797552 0.6845
0.798599 0.684
0.799579 0.6845
0.800564 0.685
0.801608 0.685
0.802657 0.6845
0.803726 0.6835
0.804773 0.683
0.805946 0.685
0.80707 0.6855
0.808318 0.686
0.809413 0.686
0.810466 0.687
0.81153 0.687
0.812643 0.6875
0.813744 0.6875
0.814846 0.6885
0.815993 0.6885
0.817271 0.688
0.81847 0.6875
0.819749 0.6885
0.821021 0.689
0.822356 0.69
0.823432 0.6905
0.824622 0.6915
0.825922 0.692
0.827069 0.6925
0.828282 0.6915
0.829664 0.6925
0.830695 0.6925
0.83185 0.693
0.833134 0.6925
0.834467 0.6915
0.835816 0.693
0.837136 0.693
0.838394 0.6945
0.839552 0.6935
0.841053 0.694
0.842478 0.6945
0.843907 0.694
0.845264 0.694
0.846665 0.6935
0.847921 0.6935
0.849309 0.694
0.85056 0.6935
0.851992 0.694
0.853207 0.6945
0.854511 0.6945
0.855907 0.696
0.857477 0.696
0.85882 0.6965
0.859952 0.6965
0.861152 0.6975
0.862495 0.698
0.863881 0.6975
0.865231 0.698
0.866644 0.6975
0.868327 0.698
0.869964 0.698
0.871515 0.6985
0.87335 0.699
0.875103 0.7
0.876567 0.7005
0.878508 0.6995
0.880036 0.6995
0.881845 0.6995
0.883738 0.6995
0.885633 0.7
0.887815 0.7005
0.889939 0.703
0.89132 0.7025
0.893049 0.7035
0.895157 0.7045
0.897695 0.7055
0.899309 0.705
0.90137 0.704
0.902924 0.7045
0.905676 0.705
0.908279 0.7055
0.910441 0.7065
0.912623 0.7065
0.914877 0.7075
0.917056 0.708
0.918898 0.708
0.921857 0.7085
0.924875 0.7105
0.927236 0.7105
0.929881 0.7105
0.93187 0.711
0.934508 0.711
0.937203 0.712
0.940692 0.713
0.942471 0.713
0.945197 0.714
0.94774 0.7145
0.950193 0.7155
0.952454 0.716
0.955757 0.7175
0.958104 0.718
0.962156 0.7195
0.965137 0.72
0.968941 0.722
0.971557 0.7235
0.973787 0.724
0.976928 0.725
0.980802 0.7275
0.985379 0.7275
0.988969 0.728
0.993726 0.729
0.99944 0.73
1.00488 0.7305
1.00914 0.7325
1.01427 0.7335
1.01908 0.7345
1.02558 0.7365
1.03135 0.737
1.03484 0.738
1.0396 0.7395
1.0455 0.741
1.0502 0.743
1.05608 0.7445
1.06323 0.7465
1.06958 0.7475
1.07598 0.7485
1.08345 0.75
1.08855 0.7505
1.09845 0.7515
1.10403 0.752
1.1086 0.7525
1.11555 0.753
1.1246 0.754
1.13128 0.755
1.13893 0.756
1.14423 0.757379
1.15422 0.758879
1.16392 0.763382
1.16945 0.764382
1.17799 0.765383
1.18949 0.767267
1.20023 0.770656
1.20953 0.772158
1.21755 0.77366
1.2259 0.776052
1.23323 0.777444
1.24163 0.778837
1.24846 0.780733
1.25883 0.782238
1.2707 0.785248
1.27986 0.785248
1.28791 0.786145
1.29134 0.786828
1.29419 0.788413
1.29888 0.789819
1.30446 0.790111
1.31621 0.792529
1.32689 0.794444
1.33697 0.795455
1.34517 0.796362
1.35374 0.797878
1.35987 0.798583
1.37039 0.799494
1.38429 0.800506
1.39544 0.800912
1.40244 0.803146
1.4108 0.803553
1.41992 0.803961
1.42965 0.805386
1.43878 0.805386
1.44769 0.807223
1.4578 0.808142
1.46535 0.809378
1.47489 0.811224
1.47795 0.811032
1.48844 0.811957
1.49697 0.81218
1.51062 0.81362
1.52056 0.814037
1.522 0.813655
1.53019 0.813464
1.54221 0.813977
1.55049 0.814205
1.56491 0.814205
1.5751 0.814624
1.58512 0.815464
1.59762 0.815464
1.60813 0.815789
1.61884 0.815789
1.63043 0.816211
1.64098 0.816632
1.65189 0.81696
1.65302 0.817617
1.66717 0.817522
1.68212 0.817522
1.68477 0.817143
1.69228 0.816857
1.70732 0.817378
1.71966 0.817613
1.73675 0.817518
1.75635 0.81804
1.76667 0.817755
1.78405 0.818182
1.79829 0.81842
1.81751 0.818325
1.8393 0.818134
1.86423 0.818134
1.88074 0.817848
1.90356 0.817752
1.92666 0.817656
1.9468 0.817799
1.97096 0.818278
1.98903 0.819386
2.01199 0.819777
2.03558 0.822115
2.05062 0.82394
2.08176 0.825525
2.09421 0.830978
2.10402 0.836354
2.11421 0.843976
2.12029 0.849438
2.13066 0.859749
2.13501 0.865507
