0.0201836 0.489
0.0214448 0.503
0.0226983 0.477
0.0239849 0.483
0.0252396 0.485
0.0264778 0.478
0.0277255 0.484
0.0289977 0.475
0.0302582 0.471
0.0316047 0.466
0.0329079 0.473
0.034252 0.475
0.0355957 0.477
0.0369232 0.47
0.0383037 0.475
0.0397578 0.473
0.041199 0.472
0.0426706 0.475
0.0441037 0.474
0.0456633 0.471
0.0471473 0.472
0.048663 0.477
0.050121 0.471
0.0516058 0.469
0.0530955 0.477
0.0546343 0.47
0.056192 0.471
0.0577295 0.473
0.0593024 0.477
0.0608212 0.476
0.0624717 0.475
0.0641105 0.475
0.065683 0.47
0.0674022 0.476
0.0690254 0.472
0.0706493 0.468
0.0724269 0.469
0.0741273 0.462
0.07587 0.467
0.0775413 0.455
0.079282 0.465
0.0810716 0.459
0.0827916 0.453
0.0846582 0.459
0.0864202 0.472
0.0882871 0.473
0.0901357 0.474
0.0919294 0.477
0.0937679 0.47
0.0957101 0.48
0.0977565 0.484
0.0996638 0.488
0.101712 0.483
0.103818 0.49
0.105834 0.489
0.107867 0.479
0.109657 0.481
0.111726 0.48
0.11382 0.481
0.115939 0.487
0.118163 0.488
0.120585 0.484
0.122743 0.475
0.124758 0.469
0.126902 0.478
0.129278 0.473
0.131473 0.472
0.13395 0.481
0.136104 0.488
0.138246 0.487
0.140323 0.493
0.142522 0.491
0.144745 0.485
0.147313 0.49
0.14983 0.489
0.152502 0.488
0.155117 0.494
0.157742 0.491
0.160574 0.492
0.16333 0.497
0.165738 0.492
0.168462 0.494
0.171061 0.5
0.17369 0.493
0.176357 0.491
0.179213 0.497
0.181971 0.498
0.185138 0.498
0.187912 0.497
0.191038 0.495
0.194321 0.492
0.197545 0.492
0.200633 0.494
0.204001 0.492
0.207074 0.492
0.210231 0.489
0.213709 0.49
0.217457 0.484
0.221005 0.488
0.224168 0.488
0.227517 0.49
0.231274 0.496
0.23491 0.497
0.238384 0.492
0.242431 0.5
0.246273 0.495
0.250248 0.493
0.253806 0.49
0.256985 0.488
0.260496 0.49
0.263802 0.493
0.268171 0.491
0.272362 0.499
0.276525 0.494
0.280841 0.495
0.285171 0.491
0.289497 0.493
0.293532 0.495
0.297281 0.487
0.3024 0.492
0.307936 0.492
0.313088 0.495
0.317601 0.503
0.323165 0.502
0.327869 0.501
0.331887 0.5
0.337459 0.509
0.343098 0.506
0.348137 0.505
0.352934 0.511
0.357902 0.513
0.363396 0.508
0.368896 0.506
0.373368 0.504
0.377792 0.502
0.383099 0.504
0.388155 0.51
0.392536 0.512
0.396671 0.517
0.400804 0.519
0.405085 0.51
0.410092 0.518
0.414794 0.521
0.419113 0.519
0.423143 0.519
0.427727 0.522
0.432227 0.521
0.436277 0.522
0.439132 0.521
0.443607 0.523
0.445989 0.519
0.450541 0.515
0.453353 0.517
0.456788 0.52
0.459841 0.519
0.462721 0.522
0.465916 0.528
0.468768 0.533
0.471979 0.536
0.474849 0.536
0.477203 0.535
0.480213 0.527
0.482447 0.527
0.485339 0.526
0.487615 0.525
0.489822 0.531
0.491988 0.536
0.495268 0.542
0.497605 0.545
0.499291 0.546
0.502144 0.55
0.504123 0.549
0.505998 0.554
0.507864 0.55
0.50985 0.547
0.512093 0.547
0.51404 0.553
0.515488 0.555
0.517477 0.555
0.51939 0.557
0.521264 0.559
0.523031 0.561
0.524362 0.564
0.526092 0.565
0.527641 0.561
0.529623 0.565
0.530819 0.567
0.532082 0.574
0.533205 0.576
0.534889 0.578
0.535876 0.581
0.537059 0.582
0.538186 0.579
0.539237 0.583
0.540603 0.581
0.54171 0.577
0.54284 0.577
0.544139 0.574
0.545299 0.573
0.546461 0.574
0.547738 0.571
0.548723 0.575
0.549761 0.573
0.550933 0.573
0.551997 0.574
0.553027 0.575
0.554148 0.574
0.555252 0.573
0.556409 0.575
0.557501 0.577
0.558501 0.579
0.559568 0.58
0.560638 0.579
0.561613 0.577
0.562583 0.579
0.563615 0.581
0.564664 0.584
0.565584 0.585
0.566631 0.582
0.567629 0.585
0.568442 0.584
0.569399 0.579
0.57015 0.581
0.57103 0.58
0.571996 0.581
0.572894 0.579
0.573842 0.58
0.574663 0.579
0.575499 0.58
0.576571 0.584
0.577452 0.587
0.578336 0.589
0.579457 0.59
0.580388 0.592
0.581279 0.599
0.582098 0.598
0.582939 0.599
0.583994 0.601
0.585121 0.605
0.586092 0.603
0.586913 0.605
0.587846 0.6
0.588927 0.597
0.58972 0.594
0.590639 0.593
0.591503 0.594
0.592546 0.597
0.593468 0.599
0.594659 0.599
0.595612 0.602
0.596385 0.601
0.597389 0.602
0.598224 0.6
0.599274 0.602
0.600252 0.599
0.601202 0.601
0.602085 0.596
0.602853 0.598
0.603803 0.6
0.604676 0.601
0.60564 0.602
0.606469 0.602
0.607366 0.6
0.608586 0.602
0.609542 0.6
0.610405 0.602
0.611584 0.602
0.612394 0.606
0.613287 0.606
0.61439 0.607
0.615412 0.604
0.616313 0.607
0.617217 0.61
0.618173 0.609
0.619082 0.611
0.620016 0.612
0.62077 0.613
0.621483 0.612
0.622279 0.611
0.623086 0.612
0.624107 0.612
0.624978 0.611
0.625946 0.611
0.626908 0.612
0.627737 0.616
0.628708 0.617
0.62967 0.616
0.630545 0.618
0.631387 0.621
0.632252 0.622
0.633265 0.627
0.634066 0.626
0.634964 0.623
0.635857 0.625
0.636735 0.625
0.637533 0.625
0.638236 0.624
0.639232 0.626
0.640065 0.623
0.640879 0.622
0.641735 0.627
0.642583 0.628
0.643439 0.631
0.644368 0.631
0.645527 0.636
0.646312 0.636
0.647238 0.635
0.648171 0.633
0.64897 0.632
0.65003 0.633
0.650883 0.635
0.65183 0.635
0.652541 0.635
0.653379 0.638
0.654288 0.64
0.655139 0.64
0.655956 0.638
0.656871 0.64
0.657828 0.641
0.658774 0.642
0.659612 0.641
0.660651 0.637
0.66141 0.64
0.66226 0.642
0.663051 0.645
0.663786 0.645
0.664686 0.645
0.665481 0.646
0.666411 0.643
0.667203 0.644
0.668103 0.643
0.66894 0.642
0.669796 0.641
0.670739 0.642
0.671619 0.641
0.672665 0.644
0.673527 0.649
0.674562 0.65
0.675313 0.648
0.676249 0.65
0.677379 0.652
0.678277 0.653
0.679199 0.653
0.680133 0.653
0.680976 0.655
0.681767 0.655
0.682611 0.653
0.683513 0.651
0.684285 0.652
0.685142 0.652
0.685947 0.654
0.686789 0.655
0.687547 0.657
0.688446 0.654
0.689333 0.653
0.690141 0.654
0.690855 0.655
0.691706 0.654
0.692662 0.654
0.693507 0.655
0.694225 0.657
0.695162 0.658
0.695941 0.661
0.69674 0.661
0.697623 0.659
0.698482 0.659
0.699448 0.659
0.70024 0.659
0.701068 0.658
0.701913 0.657
0.702706 0.658
0.703775 0.66
0.704716 0.661
0.705532 0.662
0.706324 0.66
0.707344 0.66
0.708223 0.66
0.709078 0.66
0.709991 0.661
0.710788 0.662
0.711672 0.661
0.712627 0.661
0.713483 0.663
0.714433 0.663
0.715226 0.663
0.716095 0.663
0.717163 0.661
0.718003 0.66
0.718882 0.662
0.719678 0.663
0.72051 0.663
0.721335 0.662
0.722268 0.663
0.723214 0.664
0.72407 0.665
0.724984 0.666
0.725907 0.666
0.726852 0.664
0.727761 0.666
0.728815 0.663
0.729749 0.665
0.730571 0.666
0.731328 0.666
0.732303 0.666
0.733135 0.665
0.734111 0.665
0.73509 0.665
0.736006 0.663
0.736935 0.663
0.738032 0.668
0.738912 0.67
0.739781 0.67
0.740589 0.67
0.741758 0.671
0.742656 0.672
0.743543 0.673
0.744364 0.674
0.745295 0.675
0.746308 0.675
0.747244 0.675
0.748096 0.676
0.749014 0.676
0.749954 0.677
0.751072 0.678
0.751967 0.678
0.752923 0.678
0.754159 0.682
0.755152 0.683
0.756313 0.682
0.757281 0.682
0.75812 0.681
0.759146 0.682
0.760128 0.684
0.761154 0.683
0.762058 0.683
0.762988 0.684
0.764015 0.684
0.764868 0.684
0.765738 0.683
0.766529 0.684
0.767313 0.684
0.768316 0.684
0.769064 0.685
0.769907 0.684
0.770987 0.682
0.772149 0.681
0.773228 0.681
0.774154 0.683
0.775018 0.682
0.775901 0.682
0.776842 0.683
0.777713 0.68
0.778551 0.681
0.779448 0.683
0.780604 0.682
0.781755 0.683
0.782901 0.686
0.784031 0.686
0.784868 0.686
0.785869 0.685
0.786924 0.684
0.78815 0.683
0.789168 0.682
0.790381 0.683
0.791722 0.683
0.792468 0.683
0.793326 0.684
0.794393 0.683
0.795478 0.682
0.796416 0.683
0.797362 0.683
0.79842 0.683
0.79943 0.684
0.800534 0.686
0.801501 0.687
0.802619 0.686
0.803859 0.685
0.804995 0.684
0.806242 0.685
0.807245 0.685
0.808429 0.686
0.809539 0.686
0.810846 0.686
0.81195 0.686
0.813102 0.686
0.814086 0.687
0.814969 0.688
0.816303 0.689
0.81743 0.691
0.818434 0.693
0.819611 0.693
0.82089 0.693
0.821786 0.692
0.823159 0.691
0.824529 0.691
0.825897 0.692
0.827081 0.692
0.828137 0.693
0.829482 0.693
0.830459 0.693
0.831662 0.694
0.833023 0.693
0.834211 0.693
0.835551 0.694
0.83676 0.693
0.837788 0.692
0.839141 0.693
0.840849 0.694
0.842328 0.694
0.84376 0.694
0.845202 0.693
0.846531 0.693
0.847834 0.694
0.849163 0.695
0.850427 0.695
0.851895 0.695
0.853127 0.695
0.85423 0.695
0.855522 0.694
0.856617 0.694
0.857906 0.696
0.859419 0.697
0.861254 0.698
0.862771 0.697
0.864459 0.697
0.866036 0.697
0.867402 0.697
0.869267 0.698
0.870774 0.698
0.872796 0.699
0.874113 0.701
0.876063 0.702
0.877814 0.701
0.879003 0.701
0.880735 0.702
0.88221 0.703
0.883938 0.703
0.88569 0.704
0.8878 0.704
0.88983 0.705
0.891267 0.706
0.893345 0.706
0.894855 0.707
0.8968 0.706
0.898977 0.708
0.900787 0.709
0.903028 0.711
0.90453 0.711
0.906405 0.712
0.908466 0.712
0.910904 0.711
0.912779 0.712
0.915371 0.713
0.918121 0.715
0.920626 0.715
0.923986 0.717
0.926281 0.717
0.928616 0.717
0.931413 0.717
0.934043 0.718
0.937331 0.719
0.939197 0.719
0.942432 0.72
0.945008 0.72
0.947633 0.721
0.949918 0.721
0.952487 0.721
0.954996 0.722
0.957807 0.723
0.960905 0.725
0.965964 0.728
0.971342 0.728
0.974646 0.728
0.978795 0.73
0.982729 0.732
0.987414 0.732
0.993369 0.732
0.99977 0.735
1.00299 0.735
1.00563 0.735
1.01213 0.739
1.01993 0.743
1.02465 0.745
1.02894 0.745
1.0378 0.749
1.0431 0.751
1.04771 0.752
1.05045 0.752
1.05556 0.753
1.06192 0.754
1.07315 0.757
1.07705 0.757
1.08424 0.759
1.09068 0.761
1.09703 0.762
1.102 0.762
1.10612 0.763
1.11261 0.764
1.12108 0.766
1.1278 0.767
1.13365 0.768
1.13899 0.768
1.14493 0.768
1.15628 0.771
1.16222 0.772
1.16376 0.771772
1.16743 0.772545
1.17109 0.772545
1.17722 0.774549
1.18576 0.776553
1.19306 0.777555
1.20195 0.779559
1.21304 0.781563
1.2191 0.781563
1.22711 0.781563
1.24507 0.783567
1.25534 0.786573
1.26483 0.788577
1.27969 0.789579
1.28787 0.790581
1.29742 0.791583
1.31074 0.793587
1.31888 0.794589
1.3259 0.794589
1.33571 0.796389
1.35089 0.799398
1.35567 0.800201
1.36547 0.802209
1.36747 0.803823
1.3804 0.806647
1.39069 0.808274
1.4029 0.809284
1.41323 0.811111
1.41723 0.811931
1.42734 0.812753
1.43105 0.813387
1.43935 0.814213
1.4457 0.814024
1.45793 0.815041
1.46674 0.81587
1.47839 0.81587
1.4856 0.81587
1.49193 0.816701
1.49743 0.816514
1.51331 0.818552
1.52592 0.818552
1.53885 0.819572
1.55084 0.819572
1.55749 0.820225
1.56905 0.820225
1.57622 0.820041
1.5859 0.819857
1.59761 0.821721
1.6117 0.82359
1.62333 0.82359
1.62919 0.823409
1.64143 0.823409
1.65369 0.823409
1.66091 0.823227
1.67692 0.823227
1.68415 0.823893
1.69932 0.823893
1.71693 0.823893
1.7304 0.823711
1.74676 0.823711
1.75815 0.823529
1.77527 0.823529
1.79643 0.823529
1.80553 0.824199
1.82314 0.824199
1.83966 0.824199
1.86003 0.825052
1.87869 0.82487
1.90298 0.825726
1.92004 0.826584
1.94193 0.826403
1.96632 0.826403
1.99271 0.826403
2.02202 0.826223
2.03826 0.828631
2.05417 0.83106
2.08445 0.833509
2.10962 0.835979
2.12824 0.839362
2.11816 0.845572
2.1289 0.851366
2.15367 0.856828
2.16798 0.860957
2.14898 0.871737
2.16221 0.879171
