0.0198644 0.4905
0.0210754 0.491
0.0222965 0.4865
0.0235191 0.491
0.0247683 0.4885
0.026022 0.4955
0.0272994 0.489
0.0285554 0.496
0.0298942 0.4955
0.0312219 0.4945
0.0325441 0.5025
0.0339527 0.4985
0.0353538 0.493
0.0366742 0.4925
0.0380089 0.498
0.0394047 0.4925
0.0408241 0.496
0.0421964 0.4965
0.0435774 0.5015
0.0450369 0.503
0.0465044 0.5025
0.0479649 0.5025
0.0494765 0.5
0.050934 0.5045
0.0524586 0.5015
0.0540061 0.5075
0.0555779 0.5095
0.057163 0.5075
0.0587329 0.5055
0.0603312 0.506
0.0619029 0.503
0.0634432 0.501
0.0650406 0.5065
0.0666458 0.5015
0.068282 0.5095
0.0699055 0.5055
0.071592 0.5095
0.0733224 0.505
0.0750456 0.5105
0.0767936 0.5045
0.0785801 0.502
0.0803928 0.513
0.0821044 0.5125
0.0839671 0.5115
0.0857446 0.5115
0.0876877 0.501
0.0894998 0.4975
0.0914967 0.4975
0.0934152 0.5005
0.0954324 0.501
0.0974074 0.5025
0.0994152 0.5025
0.101304 0.498
0.103251 0.501
0.105186 0.5055
0.107249 0.5105
0.109263 0.51
0.111307 0.5065
0.113314 0.5125
0.115413 0.5095
0.117638 0.5025
0.119882 0.501
0.122163 0.5035
0.124439 0.501
0.126636 0.5015
0.128898 0.499
0.131225 0.5035
0.1337 0.498
0.136264 0.5
0.138559 0.499
0.141124 0.496
0.143584 0.497
0.146088 0.496
0.148372 0.4985
0.150822 0.498
0.153435 0.5055
0.156152 0.4965
0.158845 0.497
0.161593 0.497
0.164164 0.4955
0.167105 0.493
0.169626 0.495
0.172456 0.4955
0.175564 0.5
0.178414 0.498
0.181756 0.506
0.184483 0.5065
0.187196 0.498
0.190428 0.4965
0.193484 0.5
0.196436 0.498
0.199097 0.4985
0.202251 0.4985
0.205583 0.504
0.208344 0.505
0.211694 0.509
0.215307 0.5115
0.218846 0.5085
0.222082 0.5085
0.225396 0.5035
0.229216 0.5035
0.232457 0.506
0.236141 0.509
0.239787 0.5085
0.243306 0.5045
0.24707 0.5075
0.251214 0.5055
0.254707 0.504
0.25895 0.51
0.262722 0.5115
0.267466 0.5105
0.271159 0.505
0.275213 0.505
0.278964 0.505
0.283235 0.4985
0.287674 0.5025
0.291702 0.5045
0.296382 0.5025
0.301513 0.501
0.306341 0.5055
0.310388 0.4995
0.314568 0.504
0.318848 0.509
0.323056 0.5085
0.327204 0.505
0.331032 0.5015
0.335856 0.503
0.341152 0.496
0.346069 0.499
0.350819 0.501
0.355927 0.5015
0.360713 0.5015
0.365795 0.496
0.37062 0.498
0.375847 0.5015
0.380388 0.5065
0.384051 0.505
0.388586 0.5085
0.393178 0.509
0.397993 0.504
0.402222 0.513
0.407207 0.516
0.4113 0.515
0.415943 0.5185
0.4201 0.518
0.424313 0.5175
0.428206 0.519
0.432183 0.522
0.436002 0.5185
0.439873 0.519
0.444243 0.5165
0.447582 0.5185
0.451252 0.521
0.454555 0.521
0.457996 0.525
0.461219 0.5285
0.464702 0.527
0.467785 0.5295
0.47084 0.5315
0.473989 0.5315
0.477012 0.5335
0.479729 0.5335
0.482392 0.533
0.48567 0.533
0.488376 0.534
0.490908 0.533
0.493217 0.535
0.495707 0.5355
0.498112 0.535
0.50014 0.5335
0.502603 0.534
0.504613 0.5365
0.506558 0.535
0.508433 0.5355
0.510187 0.54
0.511849 0.544
0.513634 0.5485
0.515224 0.5495
0.517259 0.5465
0.51899 0.5455
0.520543 0.545
0.522042 0.547
0.523489 0.547
0.524972 0.5465
0.526335 0.5475
0.527878 0.5485
0.52921 0.5495
0.530745 0.551
0.5319 0.554
0.533347 0.5535
0.534659 0.5545
0.535887 0.5555
0.537122 0.553
0.538597 0.553
0.539684 0.5565
0.540846 0.5565
0.542073 0.5585
0.543295 0.5595
0.544404 0.5635
0.545556 0.566
0.546618 0.567
0.547639 0.5665
0.548806 0.567
0.54979 0.568
0.550941 0.5705
0.552155 0.57
0.553234 0.5695
0.554211 0.571
0.555275 0.5715
0.556448 0.575
0.557371 0.5725
0.558485 0.5715
0.559519 0.5705
0.560434 0.572
0.561408 0.5715
0.562413 0.5725
0.56343 0.576
0.564569 0.5755
0.565495 0.575
0.566561 0.5775
0.567557 0.5785
0.568517 0.58
0.56959 0.579
0.570455 0.582
0.571396 0.5835
0.572269 0.583
0.573278 0.584
0.574181 0.586
0.575181 0.5865
0.576068 0.5875
0.577205 0.589
0.578287 0.5905
0.579256 0.5925
0.580156 0.591
0.581079 0.592
0.582062 0.5955
0.583123 0.596
0.584041 0.5955
0.584919 0.595
0.585864 0.5965
0.586853 0.597
0.587722 0.5955
0.588629 0.597
0.589535 0.595
0.590458 0.597
0.59163 0.5965
0.592504 0.594
0.593437 0.5935
0.594325 0.594
0.59518 0.594
0.59599 0.5975
0.596902 0.6
0.597779 0.598
0.598584 0.598
0.599586 0.6005
0.600501 0.603
0.601424 0.6045
0.602404 0.607
0.603297 0.6065
0.604218 0.6065
0.605099 0.607
0.606089 0.6065
0.60694 0.605
0.607862 0.603
0.608727 0.602
0.609633 0.6025
0.610526 0.6015
0.611491 0.605
0.6124 0.6055
0.613255 0.6055
0.614058 0.6075
0.614882 0.6075
0.615833 0.6095
0.616755 0.61
0.617818 0.6125
0.618803 0.613
0.619874 0.6095
0.620748 0.608
0.621609 0.6085
0.622526 0.611
0.623426 0.61
0.624383 0.611
0.625324 0.611
0.626213 0.612
0.627149 0.612
0.628067 0.6135
0.628802 0.6135
0.629695 0.613
0.630526 0.6095
0.631454 0.6105
0.632332 0.615
0.633261 0.6165
0.634175 0.616
0.635226 0.617
0.636094 0.6175
0.637011 0.6145
0.638043 0.6185
0.638976 0.62
0.639946 0.62
0.640788 0.622
0.641681 0.622
0.642565 0.623
0.643645 0.6235
0.644597 0.624
0.645553 0.624
0.646392 0.6225
0.647324 0.623
0.648134 0.6225
0.649053 0.624
0.649806 0.6255
0.650649 0.6235
0.651551 0.623
0.652478 0.6225
0.653372 0.6195
0.65427 0.6225
0.655134 0.6275
0.655954 0.626
0.656914 0.626
0.657804 0.6265
0.658822 0.6285
0.659625 0.6265
0.660541 0.627
0.661422 0.629
0.66224 0.632
0.663203 0.6305
0.664151 0.6305
0.665019 0.632
0.665885 0.6295
0.666818 0.629
0.667696 0.6295
0.66857 0.63
0.669409 0.6305
0.670322 0.63
0.671317 0.63
0.672192 0.6305
0.6731 0.6335
0.673975 0.6345
0.674907 0.636
0.675767 0.6365
0.676658 0.6355
0.67761 0.6365
0.678556 0.6365
0.679422 0.637
0.680543 0.6385
0.681574 0.6395
0.682354 0.6395
0.683153 0.641
0.684036 0.641
0.684924 0.6415
0.685765 0.6415
0.686713 0.6415
0.687521 0.6415
0.688353 0.641
0.689292 0.642
0.690152 0.643
0.69111 0.645
0.69198 0.646
0.692909 0.645
0.693757 0.6455
0.694671 0.6455
0.695713 0.6455
0.696502 0.645
0.697411 0.645
0.698259 0.6475
0.699295 0.6485
0.700069 0.6465
0.700894 0.648
0.701718 0.649
0.702619 0.649
0.703548 0.651
0.704424 0.6525
0.705292 0.653
0.706255 0.656
0.707229 0.656
0.708229 0.656
0.709284 0.6545
0.710154 0.6555
0.711115 0.656
0.711886 0.655
0.712884 0.655
0.713866 0.656
0.714722 0.6555
0.715662 0.6565
0.716517 0.657
0.717404 0.656
0.718203 0.6565
0.719049 0.6555
0.719851 0.654
0.720755 0.6535
0.721655 0.656
0.722522 0.656
0.723567 0.6575
0.724498 0.6585
0.725529 0.6595
0.726419 0.6595
0.727283 0.659
0.728252 0.6605
0.729135 0.66
0.730079 0.6615
0.731036 0.6615
0.732134 0.663
0.733133 0.6645
0.734219 0.6635
0.735169 0.6645
0.736085 0.6645
0.737091 0.6635
0.737962 0.663
0.739004 0.663
0.739868 0.6635
0.740858 0.6635
0.741574 0.664
0.742486 0.6635
0.743425 0.6645
0.744351 0.665
0.745279 0.664
0.746173 0.664
0.747136 0.6655
0.748028 0.665
0.748894 0.6665
0.749702 0.666
0.750582 0.6675
0.751472 0.668
0.75233 0.6685
0.753404 0.668
0.754448 0.669
0.75548 0.6685
0.756594 0.669
0.757698 0.6695
0.758665 0.6695
0.759688 0.6685
0.760863 0.6675
0.761629 0.6675
0.762621 0.6675
0.763568 0.668
0.76452 0.668
0.765471 0.669
0.766433 0.6695
0.767483 0.6695
0.76845 0.669
0.769473 0.6695
0.770445 0.672
0.771561 0.674
0.772424 0.674
0.773413 0.6765
0.774293 0.6765
0.775098 0.677
0.776052 0.6775
0.777112 0.679
0.778053 0.6795
0.778932 0.679
0.780099 0.6805
0.781026 0.6815
0.781969 0.68
0.783066 0.68
0.784087 0.6805
0.7851 0.6815
0.786028 0.6815
0.787116 0.6815
0.788246 0.6815
0.789394 0.682
0.790486 0.682
0.791624 0.683
0.792681 0.683
0.793686 0.6835
0.79472 0.6835
0.795865 0.6825
0.797002 0.681
0.7981 0.681
0.799189 0.682
0.800125 0.684
0.801181 0.684
0.802371 0.6845
0.803421 0.6855
0.804732 0.685
0.805834 0.686
0.806932 0.685
0.808033 0.6845
0.809036 0.6855
0.81026 0.6855
0.811316 0.6855
0.81258 0.686
0.813688 0.6875
0.814748 0.687
0.815974 0.6875
0.817186 0.6875
0.818295 0.6875
0.81944 0.687
0.820586 0.688
0.821836 0.689
0.823175 0.688
0.824504 0.6885
0.825879 0.6885
0.826941 0.6885
0.828268 0.6895
0.829537 0.69
0.830884 0.6905
0.832245 0.69
0.833379 0.691
0.834723 0.692
0.83608 0.6915
0.837426 0.693
0.838658 0.694
0.840077 0.6935
0.841418 0.694
0.842601 0.6945
0.844026 0.6965
0.845269 0.697
0.846529 0.6985
0.848215 0.699
0.849719 0.699
0.851322 0.7
0.852598 0.7
0.85439 0.701
0.855674 0.7005
0.856952 0.7
0.8585 0.7005
0.859758 0.701
0.861097 0.7015
0.862306 0.702
0.863658 0.7015
0.864844 0.701
0.866436 0.701
0.867824 0.701
0.869334 0.7015
0.870646 0.7015
0.872777 0.702
0.874785 0.7035
0.876544 0.7045
0.878144 0.705
0.879773 0.704
0.881303 0.706
0.883096 0.7065
0.884872 0.707
0.886793 0.709
0.888897 0.7105
0.890498 0.7115
0.892404 0.713
0.893932 0.714
0.896005 0.7145
0.898078 0.714
0.900402 0.714
0.902206 0.714
0.90368 0.7145
0.905781 0.716
0.907657 0.717
0.909233 0.717
0.911309 0.7165
0.913193 0.7185
0.914978 0.7185
0.916952 0.72
0.919119 0.7195
0.921658 0.72
0.923675 0.72
0.92556 0.719
0.928177 0.7205
0.929752 0.721
0.931941 0.721
0.93438 0.722
0.936921 0.7225
0.940075 0.724
0.943572 0.7265
0.946398 0.727
0.950124 0.729
0.952321 0.729
0.95548 0.73
0.959121 0.7315
0.961854 0.732
0.965008 0.734
0.968107 0.735
0.97162 0.7355
0.974511 0.736
0.977808 0.7385
0.981554 0.739
0.984753 0.74
0.990464 0.741
0.996163 0.7445
0.999313 0.7445
1.00362 0.7445
1.00772 0.744
1.01321 0.7455
1.01621 0.7455
1.02124 0.746
1.02681 0.7485
1.032 0.7495
1.03795 0.7505
1.04257 0.7515
1.04733 0.753
1.05255 0.754
1.05659 0.755
1.06016 0.755
1.06613 0.7555
1.07211 0.757
1.07931 0.7585
1.08809 0.7615
1.09481 0.762
1.10053 0.763
1.10703 0.7645
1.11213 0.7655
1.12103 0.768
1.12945 0.77
1.13879 0.7725
1.14702 0.7755
1.15369 0.7765
1.16049 0.7775
1.1667 0.778889
1.17409 0.78039
1.18276 0.781891
1.1895 0.782282
1.19709 0.784176
1.2033 0.784677
1.21193 0.785679
1.22192 0.787682
1.22972 0.789579
1.239 0.790581
1.24994 0.794088
1.25793 0.795489
1.26689 0.798294
1.27831 0.799197
1.28855 0.801607
1.30121 0.804119
1.30754 0.805025
1.31561 0.80603
1.32616 0.806435
1.33355 0.807247
1.34522 0.808757
1.35463 0.80926
1.36331 0.810988
1.37594 0.813918
1.38164 0.815152
1.38869 0.815563
1.39505 0.816802
1.4078 0.818228
1.414 0.819057
1.42274 0.81998
1.43637 0.821501
1.44638 0.822843
1.45789 0.825203
1.46543 0.826043
1.47633 0.826043
1.48431 0.827727
1.49215 0.827639
1.50302 0.827639
1.51067 0.828484
1.5225 0.829842
1.53292 0.829755
1.54304 0.831202
1.55903 0.832737
1.57273 0.833163
1.58232 0.833589
1.59101 0.833419
1.60197 0.833419
1.61159 0.833419
1.62595 0.833419
1.63341 0.833248
1.6458 0.833676
1.65747 0.834104
1.66603 0.834447
1.68235 0.835476
1.69273 0.835391
1.70432 0.835821
1.71008 0.836514
1.71981 0.83626
1.72928 0.836524
1.74014 0.836354
1.75512 0.836354
1.76526 0.836185
1.78132 0.8361
1.79398 0.836015
1.81093 0.835929
1.83076 0.836364
1.85057 0.836364
1.86193 0.836629
1.87408 0.836724
1.88783 0.836554
1.90467 0.837343
1.91906 0.83805
1.92971 0.838506
1.95222 0.838336
1.97532 0.838166
1.99584 0.839153
2.02332 0.839257
2.04242 0.840788
2.06508 0.842697
2.0995 0.844337
2.12359 0.847275
2.12812 0.851852
2.15436 0.855342
2.16458 0.859756
2.1793 0.86491
2.17704 0.873504
