0.0199885 0.504
0.0211676 0.506
0.0224028 0.483
0.0236107 0.48
0.0248313 0.478
0.026045 0.48
0.0272899 0.476
0.0285842 0.474
0.0299258 0.48
0.0312396 0.486
0.0325762 0.479
0.033912 0.478
0.0353293 0.483
0.0366856 0.47
0.0380674 0.476
0.0394768 0.476
0.0408917 0.482
0.0423728 0.492
0.0437823 0.483
0.0452883 0.484
0.0467771 0.492
0.0482201 0.499
0.0497037 0.496
0.0512144 0.507
0.0527914 0.499
0.054407 0.496
0.0560075 0.494
0.0575934 0.494
0.0590815 0.494
0.0606533 0.499
0.062216 0.504
0.0638042 0.516
0.0654987 0.511
0.0672711 0.52
0.0689614 0.515
0.0707277 0.516
0.0726048 0.506
0.074423 0.504
0.0761416 0.498
0.0778795 0.502
0.0795528 0.5
0.0814717 0.505
0.0832792 0.504
0.0850775 0.498
0.0869166 0.487
0.0888348 0.5
0.0906304 0.512
0.0924727 0.518
0.0943983 0.512
0.0963807 0.512
0.0982709 0.503
0.100122 0.502
0.101961 0.496
0.103985 0.499
0.10586 0.495
0.1078 0.495
0.109901 0.491
0.111835 0.493
0.113938 0.497
0.116041 0.496
0.11824 0.497
0.12056 0.493
0.122494 0.503
0.124771 0.491
0.127172 0.483
0.129338 0.477
0.131654 0.48
0.133872 0.479
0.136069 0.479
0.138475 0.481
0.140753 0.479
0.142962 0.473
0.14518 0.465
0.14771 0.464
0.15008 0.464
0.15285 0.463
0.155049 0.463
0.157841 0.464
0.160415 0.467
0.16374 0.47
0.166394 0.481
0.169249 0.491
0.171979 0.501
0.174577 0.496
0.177491 0.491
0.180483 0.492
0.183496 0.496
0.186756 0.495
0.189731 0.493
0.192249 0.496
0.195657 0.498
0.199022 0.499
0.202155 0.501
0.205503 0.498
0.208547 0.49
0.211426 0.488
0.215023 0.492
0.218378 0.494
0.221816 0.486
0.225692 0.489
0.228455 0.486
0.231954 0.493
0.235461 0.496
0.239951 0.497
0.242987 0.488
0.246942 0.486
0.250743 0.478
0.254095 0.481
0.257867 0.479
0.261853 0.478
0.266015 0.471
0.27031 0.473
0.273902 0.473
0.278074 0.476
0.282137 0.475
0.287419 0.474
0.29163 0.466
0.297377 0.469
0.301953 0.471
0.306249 0.478
0.311077 0.476
0.315145 0.479
0.319381 0.477
0.324463 0.477
0.32798 0.476
0.33227 0.474
0.335929 0.469
0.340615 0.471
0.345306 0.478
0.349564 0.484
0.354351 0.483
0.359212 0.486
0.364748 0.488
0.369342 0.485
0.374066 0.489
0.377833 0.496
0.381594 0.497
0.386189 0.501
0.391132 0.503
0.39605 0.508
0.400308 0.509
0.405227 0.512
0.409527 0.508
0.413953 0.514
0.417607 0.511
0.422198 0.515
0.42671 0.513
0.430074 0.513
0.43379 0.514
0.438044 0.519
0.440988 0.517
0.444598 0.514
0.447625 0.517
0.451906 0.518
0.45443 0.522
0.45716 0.523
0.461103 0.524
0.464616 0.523
0.467393 0.528
0.470301 0.527
0.473619 0.526
0.476069 0.525
0.478142 0.524
0.481123 0.526
0.483879 0.53
0.487226 0.532
0.490374 0.534
0.492737 0.538
0.495018 0.538
0.496941 0.543
0.499521 0.545
0.50179 0.544
0.503709 0.543
0.505419 0.541
0.507535 0.542
0.509344 0.541
0.511462 0.539
0.51345 0.537
0.515267 0.541
0.516783 0.542
0.51804 0.542
0.519603 0.547
0.520856 0.547
0.522526 0.549
0.523807 0.549
0.525805 0.549
0.527162 0.553
0.528353 0.552
0.530228 0.554
0.531551 0.555
0.532958 0.553
0.534129 0.557
0.535258 0.562
0.536459 0.562
0.537806 0.562
0.539074 0.566
0.540092 0.564
0.541114 0.558
0.542219 0.559
0.543581 0.561
0.544779 0.561
0.545784 0.565
0.547002 0.567
0.548013 0.566
0.549253 0.564
0.550173 0.559
0.551656 0.564
0.55279 0.566
0.553788 0.564
0.555183 0.563
0.556342 0.56
0.557344 0.561
0.558328 0.569
0.559357 0.569
0.5604 0.57
0.561369 0.565
0.562208 0.565
0.563202 0.566
0.564069 0.564
0.565119 0.564
0.566341 0.566
0.567315 0.566
0.568216 0.566
0.56927 0.566
0.570188 0.567
0.571197 0.566
0.572222 0.565
0.573168 0.566
0.574025 0.567
0.574994 0.571
0.576014 0.573
0.576915 0.576
0.577987 0.573
0.579074 0.571
0.580103 0.574
0.580989 0.578
0.582113 0.579
0.583052 0.577
0.584127 0.572
0.585143 0.571
0.586158 0.574
0.587193 0.577
0.588242 0.571
0.589014 0.575
0.589802 0.572
0.590723 0.575
0.591669 0.579
0.592708 0.579
0.593558 0.581
0.594564 0.585
0.595477 0.584
0.596373 0.585
0.597358 0.586
0.598351 0.588
0.59922 0.589
0.600074 0.593
0.600988 0.594
0.601766 0.593
0.602565 0.594
0.603512 0.595
0.604369 0.592
0.605276 0.595
0.60627 0.595
0.607291 0.596
0.608304 0.593
0.609255 0.597
0.610057 0.599
0.610902 0.601
0.61188 0.603
0.612689 0.605
0.613476 0.605
0.614373 0.606
0.6152 0.609
0.615862 0.611
0.616703 0.615
0.617671 0.619
0.618444 0.619
0.619313 0.618
0.620199 0.613
0.621048 0.613
0.621898 0.613
0.622703 0.617
0.623595 0.619
0.624546 0.616
0.625357 0.616
0.626185 0.618
0.6271 0.621
0.628006 0.619
0.628931 0.62
0.629742 0.619
0.630772 0.621
0.631653 0.622
0.632646 0.623
0.63356 0.624
0.634412 0.625
0.635361 0.627
0.636455 0.624
0.637438 0.623
0.638331 0.625
0.639278 0.626
0.640166 0.628
0.640902 0.627
0.641823 0.626
0.64286 0.623
0.643693 0.625
0.644566 0.626
0.645366 0.627
0.646092 0.626
0.646909 0.626
0.647888 0.628
0.64874 0.628
0.649569 0.625
0.65052 0.626
0.651435 0.625
0.652388 0.625
0.653303 0.625
0.654373 0.627
0.655317 0.628
0.656375 0.628
0.657333 0.629
0.658078 0.631
0.658924 0.632
0.659775 0.633
0.660728 0.635
0.661534 0.634
0.662493 0.633
0.663467 0.634
0.664341 0.633
0.665079 0.634
0.66598 0.632
0.666757 0.632
0.66768 0.63
0.6685 0.63
0.66927 0.629
0.670333 0.628
0.671253 0.628
0.672294 0.628
0.673169 0.629
0.674029 0.631
0.67488 0.632
0.67576 0.635
0.676594 0.634
0.677412 0.635
0.678606 0.635
0.679426 0.634
0.680321 0.633
0.681274 0.636
0.682134 0.635
0.682956 0.637
0.683652 0.638
0.684592 0.639
0.685446 0.641
0.686233 0.64
0.687007 0.641
0.687691 0.64
0.688535 0.641
0.689424 0.641
0.690258 0.641
0.691171 0.64
0.691962 0.641
0.692778 0.639
0.693715 0.639
0.694569 0.639
0.695438 0.64
0.696219 0.639
0.697125 0.641
0.697979 0.642
0.699009 0.643
0.699734 0.641
0.700575 0.641
0.701548 0.64
0.702469 0.638
0.703301 0.639
0.704277 0.64
0.705054 0.641
0.706127 0.641
0.706966 0.644
0.707777 0.645
0.708704 0.645
0.709583 0.646
0.710528 0.647
0.7114 0.646
0.712361 0.646
0.713263 0.647
0.714221 0.646
0.715089 0.646
0.716032 0.646
0.716848 0.643
0.717737 0.643
0.718556 0.642
0.719393 0.642
0.720159 0.643
0.720968 0.644
0.721703 0.646
0.722656 0.647
0.723405 0.648
0.724295 0.647
0.725219 0.649
0.725923 0.651
0.726865 0.652
0.727707 0.653
0.728662 0.654
0.729582 0.651
0.730468 0.653
0.731313 0.652
0.73228 0.654
0.733067 0.653
0.734007 0.654
0.734952 0.655
0.735726 0.655
0.736582 0.655
0.737484 0.655
0.738401 0.655
0.739239 0.655
0.740132 0.655
0.741071 0.653
0.742249 0.654
0.743167 0.655
0.744217 0.654
0.745159 0.652
0.746091 0.649
0.747055 0.649
0.747904 0.648
0.749013 0.648
0.749896 0.649
0.750775 0.647
0.751726 0.648
0.752915 0.65
0.753884 0.65
0.754877 0.652
0.755782 0.653
0.756564 0.655
0.757394 0.654
0.758354 0.655
0.759272 0.655
0.760417 0.655
0.761481 0.656
0.762684 0.657
0.763608 0.658
0.764589 0.659
0.765546 0.658
0.766556 0.658
0.767506 0.658
0.768354 0.659
0.769285 0.66
0.770232 0.658
0.771151 0.658
0.772343 0.66
0.773107 0.66
0.774193 0.662
0.775025 0.661
0.776161 0.661
0.777132 0.659
0.778037 0.66
0.77905 0.661
0.780197 0.661
0.781322 0.662
0.782182 0.662
0.783207 0.663
0.784234 0.664
0.785079 0.664
0.785987 0.664
0.787068 0.662
0.788047 0.661
0.789102 0.66
0.790208 0.66
0.791326 0.659
0.792521 0.66
0.793635 0.66
0.794839 0.662
0.795934 0.662
0.796761 0.663
0.797766 0.662
0.798705 0.662
0.799732 0.662
0.800795 0.663
0.801894 0.663
0.802927 0.663
0.803967 0.665
0.804949 0.665
0.805906 0.666
0.806813 0.667
0.807807 0.667
0.809057 0.664
0.810096 0.664
0.81119 0.665
0.812767 0.666
0.813961 0.666
0.815143 0.667
0.816337 0.668
0.817532 0.667
0.818656 0.668
0.820058 0.667
0.821151 0.667
0.822364 0.667
0.823657 0.669
0.824965 0.67
0.826201 0.67
0.827657 0.671
0.829191 0.672
0.830518 0.671
0.831905 0.673
0.833226 0.673
0.834767 0.674
0.835773 0.674
0.837119 0.675
0.838642 0.675
0.840226 0.675
0.841612 0.675
0.842803 0.673
0.844158 0.673
0.845799 0.675
0.847362 0.676
0.848859 0.677
0.850305 0.678
0.851647 0.678
0.852816 0.678
0.853838 0.678
0.855149 0.678
0.856573 0.678
0.858351 0.678
0.859706 0.678
0.86084 0.678
0.862408 0.679
0.863656 0.678
0.864957 0.678
0.866542 0.678
0.868162 0.68
0.869582 0.681
0.871014 0.682
0.872912 0.684
0.874226 0.684
0.875539 0.684
0.877041 0.684
0.879396 0.685
0.881138 0.685
0.883116 0.685
0.88584 0.687
0.887821 0.686
0.889594 0.687
0.891623 0.688
0.893478 0.689
0.895398 0.689
0.897047 0.689
0.899434 0.69
0.901563 0.69
0.903677 0.69
0.906469 0.691
0.908493 0.691
0.910304 0.692
0.912076 0.693
0.914377 0.694
0.916737 0.695
0.918618 0.696
0.920545 0.697
0.922554 0.698
0.925387 0.698
0.927546 0.698
0.930387 0.698
0.932674 0.698
0.936495 0.699
0.939265 0.699
0.942701 0.7
0.944991 0.702
0.948719 0.704
0.950993 0.705
0.953647 0.705
0.957669 0.706
0.96049 0.706
0.963062 0.705
0.965736 0.705
0.970235 0.707
0.976108 0.713
0.979411 0.712
0.982173 0.712
0.985691 0.713
0.989845 0.715
0.992082 0.715
0.994583 0.717
0.998575 0.718
1.00255 0.718
1.00594 0.719
1.00863 0.719
1.01229 0.72
1.01772 0.725
1.02504 0.724
1.02892 0.724
1.0321 0.725
1.04024 0.726
1.04596 0.725
1.05335 0.726
1.05724 0.727
1.06517 0.729
1.07365 0.732
1.08166 0.732
1.08794 0.735
1.09496 0.736
1.10523 0.739
1.11058 0.74
1.11606 0.741
1.12197 0.741
1.12721 0.743
1.13819 0.745
1.14687 0.746
1.15991 0.75
1.16782 0.751
1.17514 0.754
1.18151 0.756
1.18942 0.758
1.19614 0.760761
1.2097 0.761762
1.22141 0.765766
1.22563 0.766533
1.23049 0.769308
1.23685 0.771084
1.24629 0.771084
1.25297 0.772864
1.26329 0.773869
1.27597 0.773869
1.28495 0.77666
1.29369 0.779678
1.29885 0.780463
1.30747 0.780463
1.31518 0.780242
1.32213 0.780242
1.33001 0.783047
1.33835 0.783047
1.34469 0.783047
1.34087 0.784195
1.34559 0.78499
1.346 0.786368
1.35289 0.787386
1.3564 0.787169
1.36874 0.788991
1.38082 0.788991
1.39171 0.788991
1.39508 0.789796
1.40798 0.791624
1.41888 0.792434
1.43363 0.793456
1.44547 0.793456
1.46188 0.793456
1.4781 0.793456
1.49137 0.793456
1.5004 0.793456
1.51206 0.793456
1.52508 0.796107
1.53871 0.796107
1.54881 0.796107
1.55835 0.796715
1.56774 0.797533
1.578 0.798561
1.5875 0.799383
1.59219 0.801031
1.59749 0.801653
1.61288 0.802686
1.62536 0.803516
1.64553 0.803516
1.66049 0.803516
1.68019 0.803516
1.69866 0.803516
1.7045 0.803313
1.71375 0.803942
1.7292 0.803738
1.74019 0.803534
1.75669 0.80333
1.773 0.80437
1.79004 0.80437
1.80846 0.80437
1.82991 0.80437
1.84592 0.804167
1.85855 0.803962
1.88702 0.803962
1.89468 0.805439
1.92309 0.805439
1.93983 0.80608
1.96494 0.806925
1.98957 0.806925
2.01056 0.808421
2.0316 0.80887
2.06219 0.809725
2.08926 0.811241
2.10573 0.815368
2.11503 0.817401
2.13086 0.821814
2.15956 0.825518
2.17013 0.831683
2.1571 0.846067
2.18032 0.853242
2.18489 0.863584
