0.0200388 0.5055
0.0212253 0.5035
0.0224181 0.506
0.0236103 0.5115
0.0248749 0.5105
0.02612 0.506
0.027382 0.5055
0.0286419 0.5045
0.0299297 0.5025
0.0312235 0.498
0.0325205 0.5015
0.0338079 0.4995
0.035184 0.504
0.0365396 0.5
0.0378896 0.499
0.0392883 0.498
0.040688 0.503
0.0420558 0.5025
0.043467 0.4995
0.0448858 0.498
0.0462753 0.493
0.047718 0.4985
0.0491654 0.4945
0.0505771 0.498
0.0521007 0.5015
0.0535551 0.4965
0.0550794 0.502
0.0566241 0.5065
0.0581943 0.5045
0.059748 0.5045
0.0613967 0.5075
0.0629812 0.5125
0.0646234 0.5125
0.0662945 0.5205
0.0680099 0.515
0.0697322 0.51
0.0714199 0.5125
0.073159 0.5075
0.0748387 0.5125
0.0765133 0.512
0.0782485 0.514
0.0799785 0.512
0.0818133 0.514
0.0835536 0.5165
0.0852623 0.513
0.0871053 0.5135
0.0889679 0.511
0.0907915 0.508
0.0928127 0.51
0.0947816 0.5095
0.096729 0.5135
0.0987256 0.5135
0.10069 0.506
0.102762 0.509
0.104811 0.508
0.106853 0.5155
0.108826 0.512
0.110753 0.511
0.112902 0.5145
0.115108 0.5065
0.117356 0.5045
0.119604 0.504
0.121795 0.504
0.123805 0.5065
0.12616 0.5035
0.128458 0.505
0.130812 0.5035
0.133275 0.5035
0.135513 0.506
0.138035 0.511
0.140651 0.501
0.143158 0.4995
0.145545 0.498
0.147942 0.5035
0.150485 0.5025
0.15306 0.504
0.155637 0.506
0.158094 0.51
0.160686 0.514
0.163392 0.51
0.166129 0.5055
0.168856 0.504
0.171712 0.5035
0.17464 0.502
0.177651 0.4985
0.180289 0.506
0.183234 0.51
0.186445 0.518
0.189181 0.516
0.192583 0.5135
0.195854 0.516
0.199007 0.5105
0.201974 0.5055
0.205223 0.51
0.208356 0.516
0.211952 0.5115
0.215146 0.5075
0.218602 0.5115
0.222201 0.5125
0.22537 0.5065
0.228651 0.5095
0.232335 0.5105
0.235729 0.51
0.239625 0.514
0.243377 0.5105
0.247388 0.5075
0.250995 0.5095
0.254577 0.505
0.25865 0.5095
0.262463 0.503
0.266422 0.51
0.270152 0.511
0.273829 0.504
0.277641 0.5025
0.281871 0.4995
0.285721 0.4985
0.290021 0.498
0.294924 0.5015
0.299606 0.502
0.304132 0.4955
0.308634 0.4955
0.312676 0.4945
0.316948 0.496
0.32151 0.5045
0.325771 0.503
0.330788 0.502
0.336042 0.506
0.340748 0.5025
0.345309 0.5055
0.350485 0.5075
0.355754 0.5095
0.360519 0.511
0.364872 0.505
0.368776 0.502
0.373798 0.5015
0.378536 0.502
0.382809 0.5025
0.38759 0.498
0.391552 0.4935
0.395543 0.497
0.400164 0.499
0.404168 0.502
0.408737 0.5025
0.413363 0.502
0.417406 0.503
0.421483 0.5025
0.426358 0.5035
0.43067 0.5105
0.434544 0.5115
0.43848 0.5095
0.442735 0.5045
0.446409 0.5105
0.44979 0.515
0.453216 0.5165
0.457515 0.516
0.46131 0.518
0.464485 0.521
0.468137 0.52
0.471168 0.5215
0.474525 0.5205
0.477716 0.5175
0.480161 0.5185
0.482844 0.5185
0.486161 0.5155
0.489005 0.5185
0.491627 0.524
0.493751 0.5295
0.495717 0.5295
0.498313 0.533
0.500651 0.534
0.502756 0.5335
0.50456 0.536
0.50651 0.535
0.508532 0.5345
0.510258 0.539
0.512039 0.5405
0.513773 0.541
0.515754 0.543
0.517722 0.546
0.519678 0.546
0.521306 0.548
0.522964 0.551
0.524516 0.552
0.526222 0.555
0.527434 0.5525
0.528589 0.554
0.529703 0.556
0.531203 0.5585
0.532878 0.558
0.534346 0.558
0.535534 0.5585
0.536662 0.5595
0.537855 0.56
0.539124 0.563
0.540347 0.5605
0.541422 0.5645
0.54259 0.5635
0.543713 0.5645
0.544964 0.566
0.546311 0.568
0.547458 0.5685
0.548503 0.5655
0.549751 0.567
0.550731 0.566
0.55196 0.568
0.553006 0.57
0.553998 0.5715
0.55507 0.572
0.556109 0.5685
0.557163 0.5705
0.558075 0.572
0.559016 0.5735
0.560306 0.5775
0.561374 0.575
0.562354 0.5755
0.563413 0.5765
0.564367 0.577
0.565208 0.58
0.566205 0.5805
0.567135 0.5815
0.568349 0.584
0.56931 0.5845
0.570234 0.5865
0.571186 0.589
0.57212 0.59
0.573079 0.59
0.57408 0.5905
0.575022 0.5915
0.5759 0.5925
0.576788 0.5935
0.577692 0.5965
0.57868 0.597
0.579616 0.5985
0.580586 0.5965
0.581616 0.597
0.582556 0.5975
0.583439 0.5975
0.58424 0.598
0.585163 0.5975
0.586064 0.6005
0.586958 0.602
0.587718 0.6015
0.588696 0.6025
0.589667 0.605
0.590612 0.6055
0.591445 0.605
0.592313 0.607
0.593134 0.6095
0.593966 0.61
0.594931 0.607
0.595856 0.604
0.596887 0.6055
0.597807 0.6065
0.598593 0.6035
0.599526 0.6055
0.600432 0.6085
0.601285 0.608
0.60227 0.6095
0.603099 0.6095
0.603998 0.611
0.604899 0.611
0.605734 0.611
0.606688 0.613
0.607678 0.6115
0.608528 0.6085
0.609546 0.612
0.610474 0.613
0.611318 0.613
0.612302 0.614
0.613129 0.6145
0.61401 0.6155
0.614923 0.616
0.615909 0.615
0.616834 0.6145
0.617708 0.6155
0.618617 0.6135
0.619499 0.613
0.620306 0.614
0.621249 0.6155
0.6221 0.6155
0.623071 0.615
0.623991 0.6145
0.624897 0.6165
0.625864 0.616
0.626716 0.616
0.627657 0.616
0.628623 0.6185
0.629518 0.6185
0.630421 0.619
0.631311 0.622
0.632287 0.6255
0.633089 0.6275
0.634026 0.627
0.634857 0.629
0.635742 0.6295
0.636592 0.63
0.637523 0.6315
0.638565 0.6315
0.639571 0.6315
0.640478 0.632
0.64144 0.633
0.64237 0.6355
0.643193 0.635
0.644111 0.6355
0.645017 0.6335
0.645843 0.6325
0.646617 0.6325
0.647394 0.635
0.648307 0.6345
0.649211 0.636
0.650016 0.638
0.651028 0.6375
0.65195 0.6375
0.652927 0.636
0.65384 0.636
0.654871 0.6355
0.655782 0.635
0.65668 0.6345
0.657523 0.6365
0.658477 0.6365
0.659401 0.638
0.660391 0.6395
0.661263 0.642
0.6622 0.641
0.663146 0.64
0.664138 0.6405
0.664934 0.641
0.665746 0.6395
0.666597 0.64
0.667316 0.6415
0.668041 0.6405
0.668848 0.64
0.66977 0.6405
0.670494 0.643
0.671331 0.6455
0.672251 0.643
0.673062 0.643
0.673995 0.642
0.674787 0.642
0.675656 0.642
0.676526 0.641
0.677433 0.64
0.678297 0.641
0.679135 0.6415
0.679939 0.642
0.680663 0.6455
0.681467 0.6455
0.682341 0.646
0.683191 0.647
0.684088 0.646
0.684957 0.646
0.68586 0.648
0.686828 0.649
0.68768 0.6485
0.688542 0.6485
0.689371 0.6505
0.690135 0.652
0.69103 0.651
0.691825 0.651
0.692849 0.6535
0.693857 0.654
0.694733 0.654
0.695666 0.6545
0.696639 0.656
0.697539 0.657
0.698372 0.655
0.699208 0.6575
0.700085 0.6565
0.700893 0.6555
0.701824 0.6555
0.702694 0.655
0.703552 0.655
0.704485 0.6565
0.705394 0.657
0.706201 0.6565
0.707077 0.657
0.707908 0.656
0.708714 0.656
0.709577 0.6555
0.71043 0.6555
0.711289 0.6565
0.712098 0.657
0.712878 0.6565
0.713696 0.6565
0.714722 0.656
0.715591 0.6565
0.716596 0.657
0.717445 0.657
0.718311 0.6585
0.719287 0.66
0.720185 0.659
0.7211 0.6595
0.722017 0.66
0.72292 0.661
0.723817 0.662
0.7248 0.6625
0.725738 0.6615
0.726569 0.6625
0.727437 0.6625
0.728308 0.664
0.729241 0.6645
0.730156 0.6645
0.731044 0.666
0.732041 0.667
0.732862 0.6675
0.733933 0.668
0.734786 0.6685
0.735815 0.6695
0.736643 0.6705
0.737555 0.6695
0.738486 0.668
0.739421 0.6695
0.740381 0.6685
0.74128 0.668
0.742222 0.669
0.743098 0.67
0.744084 0.671
0.744947 0.6715
0.74592 0.672
0.746758 0.6725
0.747619 0.6725
0.748677 0.672
0.749734 0.6725
0.750664 0.673
0.751524 0.673
0.752498 0.6735
0.75352 0.6735
0.754371 0.6735
0.755406 0.6735
0.756424 0.6745
0.757347 0.675
0.758206 0.6765
0.759103 0.6775
0.759947 0.677
0.761011 0.676
0.761869 0.6775
0.762719 0.677
0.763641 0.6765
0.764755 0.677
0.765778 0.678
0.76701 0.678
0.768018 0.6775
0.769007 0.68
0.769964 0.6805
0.770946 0.6815
0.771859 0.6815
0.772955 0.682
0.774034 0.682
0.775105 0.682
0.776146 0.6815
0.777238 0.6825
0.778286 0.684
0.779382 0.683
0.780432 0.6825
0.781506 0.683
0.782587 0.683
0.783535 0.6835
0.784464 0.6835
0.785477 0.684
0.786516 0.683
0.787539 0.6835
0.788542 0.684
0.789563 0.6845
0.790612 0.684
0.79171 0.684
0.792683 0.685
0.793627 0.6855
0.794785 0.6855
0.795811 0.687
0.796953 0.6865
0.798033 0.6865
0.798941 0.687
0.799889 0.687
0.801023 0.6875
0.801995 0.687
0.803113 0.686
0.804249 0.6855
0.805296 0.6865
0.806455 0.687
0.807582 0.687
0.808744 0.6885
0.809982 0.688
0.811209 0.688
0.812373 0.689
0.813441 0.6895
0.814691 0.6895
0.815938 0.689
0.817006 0.6905
0.818166 0.69
0.819247 0.6915
0.820357 0.6925
0.821576 0.6925
0.822725 0.692
0.824169 0.693
0.825642 0.6925
0.826829 0.6935
0.828212 0.696
0.829496 0.697
0.830583 0.697
0.831891 0.697
0.833407 0.697
0.834491 0.6965
0.835801 0.697
0.837058 0.6965
0.838492 0.699
0.839823 0.699
0.841132 0.7
0.842707 0.6995
0.843915 0.7
0.845371 0.7005
0.846507 0.701
0.847956 0.7005
0.849222 0.7005
0.850581 0.702
0.851826 0.703
0.853291 0.703
0.854677 0.704
0.855994 0.705
0.857758 0.7045
0.859433 0.705
0.860907 0.7055
0.862477 0.7065
0.863821 0.707
0.865576 0.7075
0.867589 0.7085
0.869036 0.709
0.870455 0.708
0.871885 0.708
0.873566 0.7095
0.8754 0.7095
0.87706 0.711
0.878925 0.7115
0.880443 0.713
0.882322 0.715
0.884053 0.7155
0.886287 0.7165
0.888232 0.718
0.890053 0.7195
0.891582 0.7195
0.893307 0.7195
0.895313 0.7205
0.896784 0.721
0.898285 0.7205
0.900035 0.7205
0.901966 0.721
0.904352 0.722
0.906978 0.7235
0.909053 0.7245
0.910993 0.725
0.913148 0.726
0.915335 0.7275
0.917106 0.728
0.919178 0.729
0.921494 0.7295
0.924023 0.731
0.92615 0.7315
0.928078 0.732
0.93071 0.7315
0.932896 0.7315
0.934912 0.733
0.937554 0.7345
0.939935 0.734
0.942869 0.735
0.945353 0.7355
0.948278 0.737
0.951524 0.737
0.953922 0.737
0.956465 0.738
0.960366 0.7385
0.963557 0.7395
0.966713 0.74
0.970604 0.742
0.973805 0.7425
0.977517 0.7435
0.981585 0.7445
0.985787 0.748
0.990306 0.749
0.9944 0.7495
0.9973 0.75
1.0007 0.75
1.00696 0.752
1.01099 0.753
1.01651 0.754
1.02235 0.755
1.02918 0.7575
1.03506 0.7595
1.03926 0.76
1.04509 0.762
1.05033 0.763
1.05574 0.764
1.06042 0.7645
1.06485 0.765
1.07145 0.7655
1.07712 0.766
1.08846 0.77
1.09227 0.771386
1.09703 0.771886
1.10763 0.773387
1.11391 0.775888
1.12317 0.778389
1.12774 0.778389
1.13717 0.78039
1.14354 0.781391
1.15046 0.781391
1.15485 0.783676
1.16361 0.784176
1.17655 0.786179
1.18246 0.78668
1.18948 0.787682
1.19622 0.789975
1.20653 0.790977
1.21401 0.793882
1.21891 0.79428
1.22934 0.796287
1.23967 0.797291
1.24914 0.798294
1.25912 0.799298
1.26825 0.800803
1.2819 0.803715
1.28592 0.804523
1.29616 0.805025
1.30758 0.806533
1.31747 0.808254
1.32807 0.809763
1.33581 0.811083
1.34593 0.813098
1.35281 0.813918
1.36206 0.814834
1.37513 0.816852
1.3814 0.818687
1.39051 0.819606
1.40247 0.821122
1.41204 0.823054
1.42208 0.824482
1.43286 0.825405
1.44132 0.826329
1.45622 0.827254
1.46001 0.827586
1.46995 0.828006
1.4822 0.829863
1.48474 0.829603
1.49088 0.829517
1.50083 0.830448
1.51275 0.830448
1.52276 0.831381
1.53182 0.831719
1.53249 0.832397
1.54608 0.832908
1.55787 0.832908
1.56738 0.834271
1.57475 0.834101
1.58286 0.833931
1.59256 0.833846
1.60105 0.833676
1.60669 0.833419
1.61821 0.833419
1.62693 0.833333
1.63514 0.833162
1.64394 0.83299
1.65656 0.83299
1.67092 0.83299
1.67431 0.832645
1.68609 0.832472
1.70066 0.832472
1.70706 0.832124
1.71976 0.832037
1.73146 0.831863
1.7474 0.831688
1.76567 0.831601
1.77292 0.83125
1.78974 0.83125
1.80824 0.831162
1.83445 0.831074
1.85693 0.830986
1.87298 0.830898
1.89295 0.830633
1.923 0.831067
1.94325 0.831237
1.96311 0.832282
1.99224 0.83307
2.02256 0.833861
2.04163 0.835188
2.0509 0.83778
2.07044 0.841031
2.08334 0.848238
2.10404 0.853005
2.13363 0.856044
2.12855 0.864397
2.14861 0.872738
2.1401 0.881609
