<<<<<<< HEAD
nan nan
nan nan
nan nan
nan nan
nan nan
nan nan
nan nan
nan nan
nan nan
nan nan
inf nan
nan nan
-inf nan
nan nan
nan nan
nan nan
nan nan
-inf nan
nan nan
nan nan
nan nan
nan nan
nan nan
nan nan
nan nan
nan nan
nan nan
nan nan
nan nan
nan nan
inf nan
nan nan
nan nan
nan nan
nan nan
nan nan
nan nan
nan nan
nan nan
nan nan
nan nan
nan nan
nan nan
nan nan
nan nan
nan nan
nan nan
nan nan
nan nan
nan nan
nan nan
nan nan
nan nan
nan nan
nan nan
nan nan
nan nan
nan nan
nan nan
nan nan
nan nan
nan nan
nan nan
nan nan
nan nan
nan nan
nan nan
nan nan
nan nan
nan nan
nan nan
nan nan
nan nan
nan nan
nan nan
nan nan
nan nan
nan nan
nan nan
nan nan
nan nan
nan nan
nan nan
nan nan
nan nan
nan nan
nan nan
nan nan
nan nan
nan nan
nan nan
nan nan
nan nan
nan nan
nan nan
nan nan
nan nan
nan nan
nan nan
nan nan
nan nan
nan nan
nan nan
nan nan
nan nan
nan nan
nan nan
nan nan
nan nan
nan nan
nan nan
nan nan
nan nan
nan nan
nan nan
nan nan
nan nan
nan nan
nan nan
nan nan
=======
>>>>>>> 7e332b821313c779c1306b8d116fa6efbcac9bc2
nan nan
nan nan
nan nan
nan nan
nan nan
nan nan
nan nan
nan nan
nan nan
nan nan
nan nan
nan nan
nan nan
nan nan
nan nan
nan nan
nan nan
nan nan
nan nan
0.5 1
0.5 1
0.5 0.666667
0.5 0.666667
0.5 0.642857
0.5 0.588235
0.5 0.588235
0.5 0.538462
0.5 0.567568
0.5 0.5625
0.5 0.530303
0.5 0.54878
0.5 0.551402
0.5 0.519084
0.5 0.548387
0.5 0.516484
0.5 0.528037
0.5 0.528958
0.5 0.516667
0.5 0.514124
0.500007 0.515
0.500008 0.507659
0.500008 0.515094
0.500033 0.517857
0.500045 0.520115
0.500055 0.501225
0.500064 0.509934
0.50008 0.510806
0.500098 0.510638
0.500129 0.501613
0.500152 0.502513
0.500191 0.504581
0.50023 0.50091
0.500289 0.505316
0.500361 0.500517
0.500421 0.502388
0.500472 0.504224
0.500555 0.503756
0.500617 0.505887
0.500714 0.510552
0.500844 0.507368
0.500951 0.508896
0.50107 0.508139
0.501215 0.505821
0.501396 0.505446
0.501575 0.506369
0.501767 0.50961
0.501972 0.509183
0.502195 0.505952
0.502437 0.506798
0.502718 0.505764
0.502997 0.509639
0.503279 0.510132
0.503583 0.510737
0.503931 0.513427
0.504288 0.512671
0.504699 0.509635
0.505125 0.512944
0.505547 0.515703
0.506026 0.513282
0.506436 0.513163
0.506914 0.512869
0.507455 0.512236
0.508011 0.511982
0.508631 0.51495
0.50922 0.516849
0.509903 0.51944
0.510568 0.518648
0.511245 0.519698
0.511916 0.523519
0.512631 0.526519
0.513329 0.527446
0.514048 0.528722
0.514821 0.529483
0.515621 0.530682
0.516488 0.53125
0.517268 0.533629
0.518115 0.534795
0.518899 0.538431
0.519742 0.540101
0.52061 0.541198
0.52146 0.542679
0.522306 0.543648
0.5232 0.546038
0.524096 0.547934
0.525007 0.548497
0.525897 0.547857
0.526768 0.549589
0.527739 0.551241
0.528707 0.551662
0.529745 0.552373
0.530638 0.554265
0.531602 0.553174
0.532637 0.553554
0.533595 0.553732
0.53466 0.554511
0.535662 0.556022
0.53664 0.557223
0.537653 0.558447
0.538631 0.558959
0.539639 0.560736
0.540664 0.56245
0.541673 0.564226
0.542675 0.564765
0.543697 0.56714
0.544704 0.569169
0.545762 0.570399
0.546755 0.57037
0.547832 0.572458
0.548825 0.573633
0.549803 0.57466
0.550819 0.57503
0.551884 0.577262
0.55293 0.579548
0.553978 0.580264
0.555018 0.582433
0.556054 0.583517
0.557137 0.585634
0.558183 0.585317
0.559318 0.5876
0.560382 0.586635
0.561462 0.589118
0.562525 0.590554
0.563552 0.589636
0.564579 0.591437
0.565685 0.594038
0.566771 0.592318
0.567825 0.593637
0.568876 0.593919
0.570014 0.594476
0.571086 0.594519
0.572083 0.596038
0.573155 0.595157
0.574331 0.596516
0.575421 0.594275
0.576558 0.597119
0.577686 0.596839
0.578797 0.5986
0.579896 0.59792
0.58093 0.5994
0.582082 0.60132
0.583133 0.603162
0.584247 0.603162
0.585472 0.6034
0.586501 0.602241
0.58755 0.603241
0.588675 0.601401
0.58985 0.603121
0.590946 0.603241
0.592013 0.604521
0.59306 0.604563
0.594118 0.606042
0.595309 0.604721
0.596465 0.607522
0.597514 0.608522
0.598722 0.610244
0.599852 0.6108
0.600906 0.611522
0.602015 0.614323
0.603096 0.614046
0.604259 0.612245
0.60535 0.61309
0.606521 0.614892
0.607557 0.613323
0.608655 0.61637
0.609805 0.6154
0.610967 0.615369
0.612085 0.618324
0.613177 0.6172
0.614215 0.617323
0.615343 0.618524
0.616431 0.619124
0.617572 0.6206
0.618668 0.621124
0.619797 0.622725
0.620956 0.624525
0.622072 0.62605
0.623189 0.6272
0.624253 0.629126
0.625392 0.630178
0.626518 0.628852
0.62763 0.628503
0.628718 0.629452
0.629874 0.6292
0.630917 0.6296
0.631973 0.628526
0.633084 0.629726
0.634155 0.630726
0.635214 0.631705
0.636332 0.631453
0.637457 0.6322
0.638458 0.631453
0.639564 0.631052
0.640647 0.631052
0.641735 0.632527
0.642906 0.634527
0.643919 0.636455
0.64497 0.636127
0.646102 0.635527
0.647256 0.637327
0.648266 0.636054
0.649347 0.6362
0.650447 0.637455
0.651539 0.6386
0.652537 0.640128
0.65372 0.640528
0.654841 0.641128
0.655999 0.640528
0.657103 0.641
0.658194 0.641928
0.659369 0.6442
0.660432 0.6446
0.661506 0.644729
0.662526 0.6466
0.663558 0.6468
0.664643 0.64813
0.665683 0.6492
0.666645 0.64933
0.66772 0.6502
0.668851 0.651261
0.670024 0.651
0.671212 0.65193
0.672267 0.6524
0.673342 0.6536
0.674523 0.653931
0.675649 0.653331
0.676745 0.654931
0.677794 0.6548
0.678835 0.655862
0.679935 0.655331
0.681032 0.6552
0.682063 0.656731
0.683209 0.656731
0.684253 0.6568
0.685386 0.6568
0.686395 0.658132
0.687461 0.657795
0.688516 0.6582
0.689589 0.659
0.690727 0.6606
0.691819 0.662332
0.692901 0.662665
0.694089 0.6644
0.695214 0.666
0.69625 0.666533
0.697281 0.665866
0.698364 0.6672
0.699426 0.6656
0.700485 0.6684
0.701568 0.6686
0.702615 0.6682
0.703608 0.669868
0.704643 0.6694
0.705772 0.67
0.706833 0.670334
0.707962 0.6704
0.708997 0.6712
0.709996 0.6728
0.711101 0.6728
0.712142 0.672735
0.713292 0.6732
0.714318 0.673135
0.715482 0.673935
0.716619 0.6748
0.717647 0.6752
0.718795 0.677
0.719828 0.6768
0.720909 0.6758
0.72193 0.6764
0.722981 0.6764
0.724165 0.6778
0.725188 0.6778
0.726189 0.6782
0.727288 0.6796
0.728314 0.680536
0.72941 0.6804
0.730582 0.680936
0.731544 0.680336
0.732598 0.6806
0.73364 0.680736
0.734785 0.6818
0.735882 0.682
0.737009 0.682
0.738187 0.6826
0.739178 0.6836
0.740368 0.6838
0.741387 0.6852
0.742435 0.6852
0.743616 0.6846
0.74459 0.685337
0.745701 0.6846
0.746834 0.684537
0.74783 0.684937
0.748936 0.685537
0.750103 0.6856
0.751195 0.685
0.752315 0.6852
0.753328 0.6862
0.754302 0.686537
0.755399 0.687
0.756383 0.687337
0.757457 0.6872
0.758553 0.6882
0.759755 0.687538
0.760784 0.6884
0.761803 0.6878
0.762913 0.6886
0.76392 0.689138
0.764876 0.689138
0.765935 0.69
0.766968 0.6896
0.768028 0.689876
0.769141 0.689738
0.770236 0.6898
0.771301 0.6894
0.772346 0.6898
0.773446 0.6908
0.774505 0.6914
0.775652 0.6914
0.776686 0.691738
0.77777 0.692539
0.778977 0.694
0.780037 0.6944
0.78123 0.6944
0.782321 0.6944
0.783482 0.695
0.784551 0.6958
0.785625 0.695339
0.78678 0.6958
0.787804 0.6958
0.788853 0.6964
0.790002 0.6964
0.791146 0.6976
0.792223 0.698
0.793342 0.699
0.794401 0.6986
0.795365 0.69894
0.796411 0.6988
0.797428 0.699
0.798597 0.6998
0.799653 0.70108
0.800828 0.7014
0.801957 0.7022
0.802982 0.7022
0.804094 0.702741
0.80517 0.703
0.806376 0.7036
0.807509 0.7042
0.808578 0.7044
0.809738 0.7038
0.810754 0.703341
0.81195 0.7034
0.813118 0.7028
0.814269 0.7036
0.815383 0.7038
0.8165 0.7046
0.817394 0.704941
0.818497 0.7062
0.819517 0.7066
0.820542 0.7062
0.821692 0.7058
0.822792 0.7062
0.823938 0.7054
0.825156 0.7054
0.826386 0.705741
0.82741 0.7058
0.828526 0.7058
0.829724 0.7062
0.830887 0.7066
0.831952 0.7068
0.833162 0.7072
0.834319 0.7074
0.835549 0.7076
0.836615 0.7082
0.83803 0.709
0.839195 0.7098
0.840382 0.7104
0.841474 0.7116
0.842484 0.7116
0.843619 0.712
0.844912 0.7126
0.846109 0.7126
0.847339 0.713
0.848539 0.7128
0.849896 0.714
0.851065 0.714
0.852382 0.714
0.853526 0.715
0.854611 0.715
0.855746 0.7154
0.856899 0.7166
0.858123 0.7168
0.859342 0.717
0.860618 0.7168
0.861704 0.7172
0.862825 0.7174
0.864017 0.7166
0.865469 0.7166
0.866719 0.7174
0.867859 0.718
0.869139 0.7186
0.870299 0.719
0.871675 0.7192
0.87274 0.7194
0.873963 0.7192
0.875108 0.7196
0.876202 0.7192
0.877407 0.719
0.878753 0.719
0.880052 0.718944
0.881271 0.719
0.882505 0.7192
0.883854 0.7196
0.885245 0.7202
0.886476 0.7206
0.887712 0.720944
0.888947 0.721
0.890285 0.7208
0.891703 0.7208
0.893167 0.721
0.894468 0.7208
0.895918 0.7212
0.897248 0.7216
0.898727 0.7216
0.900022 0.7214
0.901339 0.7216
0.902789 0.723
0.904043 0.7232
0.905569 0.7232
0.906913 0.7242
0.908477 0.7242
0.909697 0.724
0.911092 0.724
0.912494 0.7244
0.914027 0.725
0.915531 0.726
0.916825 0.726
0.918345 0.727
0.919806 0.7268
0.921202 0.727
0.922627 0.7268
0.923979 0.727
0.925546 0.7272
0.926998 0.7278
0.928465 0.7274
0.93009 0.728
0.931824 0.728
0.933347 0.7284
0.934911 0.7284
0.936397 0.7286
0.938052 0.7288
0.939861 0.7282
0.941702 0.7294
0.943289 0.7304
0.944895 0.730546
0.946789 0.730746
0.948247 0.731546
0.949822 0.731546
0.951045 0.731493
0.952611 0.732093
0.954069 0.732493
0.955863 0.732439
0.958163 0.73304
0.960038 0.73324
0.961714 0.73324
0.963442 0.73404
0.965236 0.734988
0.967088 0.735588
0.96896 0.736189
0.971123 0.736789
0.972532 0.737085
0.974799 0.737232
0.976733 0.737032
0.978232 0.737327
0.980061 0.738024
0.981538 0.738425
0.983324 0.738172
0.985202 0.73852
0.986887 0.739122
0.988881 0.73927
0.99085 0.739767
0.992611 0.740265
0.994478 0.740964
0.996547 0.740964
0.998552 0.740964
1.00073 0.741113
1.00279 0.741462
1.00487 0.74176
1.00665 0.742059
1.00892 0.742059
1.01111 0.742059
1.01252 0.743156
1.01431 0.743455
1.01637 0.744308
1.01846 0.744458
1.02029 0.744608
1.02159 0.745308
1.0234 0.745458
1.02512 0.74591
1.02716 0.746211
1.02973 0.746564
1.03141 0.747015
1.03356 0.747671
1.0355 0.747923
1.03717 0.747972
1.03944 0.748327
1.04148 0.748377
1.04348 0.748375
1.04547 0.74939
1.04759 0.749288
1.04952 0.750407
1.0511 0.750765
1.05313 0.751327
1.05541 0.75189
1.05741 0.751892
1.05955 0.752816
1.06199 0.753074
1.06405 0.753849
1.06618 0.754779
1.06771 0.754888
1.07 0.755148
1.07168 0.75572
1.07389 0.756344
1.07513 0.756768
1.0777 0.756874
1.08021 0.757657
1.08241 0.757871
1.08489 0.758342
1.08713 0.758606
1.08977 0.759136
1.09123 0.759625
1.09244 0.760267
1.09436 0.760543
1.09667 0.761138
1.09866 0.761307
1.1014 0.761207
1.10328 0.761116
1.10588 0.761335
1.10854 0.761815
1.10935 0.762698
1.11228 0.76313
1.1148 0.763464
1.11785 0.764382
1.12085 0.765092
1.12292 0.765068
1.12486 0.765781
1.12769 0.76617
1.13059 0.765971
1.13314 0.765772
1.1353 0.766012
1.13734 0.766139
1.14045 0.766153
1.14382 0.766495
1.14698 0.767067
1.14967 0.767262
1.15256 0.768038
1.15554 0.768451
1.15842 0.768533
1.16139 0.768665
1.16449 0.769397
1.16789 0.769748
1.17184 0.769983
1.17566 0.770987
1.17963 0.771341
1.18385 0.771578
1.18786 0.771547
1.19183 0.772509
1.19531 0.773255
1.1992 0.773953
1.20337 0.774654
1.20726 0.774747
1.21172 0.775794
1.21582 0.776845
1.22052 0.777114
1.22483 0.777408
1.22891 0.777976
1.23303 0.778447
1.23759 0.779195
1.24184 0.780269
1.24723 0.781327
1.25266 0.782314
1.25683 0.783514
1.26067 0.784773
1.26676 0.785373
1.27242 0.786383
1.27883 0.7874
1.28456 0.7887
1.2899 0.790676
1.29473 0.792488
1.29982 0.79385
1.30641 0.794812
1.3121 0.796523
1.31719 0.799432
1.32302 0.802763
1.33061 0.80531
1.33961 0.807489
1.34492 0.810687
1.35364 0.81422
1.36134 0.817869
1.36893 0.820969
1.37687 0.824557
1.38324 0.827952
1.39139 0.832696
1.39934 0.835779
1.40827 0.838609
1.41701 0.843446
1.42484 0.848542
1.43488 0.851732
1.44472 0.857693
1.45452 0.860608
1.46487 0.866439
1.47349 0.871462
1.48508 0.876801
1.49383 0.882247
1.50235 0.889886
1.51121 0.896299
1.52307 0.900695
1.53187 0.906465
1.54193 0.909971
1.55104 0.914083
1.55853 0.919685
1.5669 0.923493
1.57646 0.925275
1.58374 0.931552
1.58865 0.937123
1.59917 0.942068
1.60197 0.948296
1.60973 0.949391
1.6175 0.954225
1.62317 0.954581
1.62919 0.958225
