0.5 0.421053
0.5 0.448276
0.5 0.459459
0.5 0.431373
0.5 0.470588
0.5 0.46875
0.5 0.5
0.5 0.482353
0.5 0.493023
0.5 0.490637
0.5 0.487032
0.5 0.486747
0.500001 0.493976
0.500024 0.488372
0.500061 0.500697
0.500078 0.498246
0.500089 0.494505
0.50014 0.489083
0.500213 0.489023
0.500268 0.495308
0.500344 0.493452
0.500415 0.501321
0.500495 0.502399
0.500594 0.503051
0.500747 0.503835
0.500942 0.511309
0.501113 0.513262
0.501335 0.514947
0.501567 0.517189
0.501827 0.515887
0.502151 0.513551
0.50248 0.514135
0.502822 0.511823
0.50322 0.512619
0.503633 0.512485
0.504118 0.513908
0.504682 0.51344
0.505266 0.513387
0.505897 0.516908
0.50651 0.514298
0.507246 0.515618
0.507975 0.515986
0.508743 0.518075
0.509516 0.515518
0.510305 0.515126
0.5112 0.519251
0.511992 0.522895
0.512955 0.525234
0.513932 0.527755
0.514944 0.528283
0.515936 0.535109
0.517014 0.535887
0.518143 0.538957
0.51923 0.539654
0.520367 0.540654
0.52156 0.545345
0.522719 0.548607
0.523917 0.55006
0.525068 0.554576
0.526327 0.556868
0.527537 0.556179
0.528806 0.554955
0.530073 0.560448
0.531408 0.561625
0.532704 0.565539
0.533992 0.56459
0.53532 0.565226
0.536691 0.567654
0.538022 0.568314
0.539377 0.568855
0.540692 0.570056
0.541992 0.571171
0.543427 0.572258
0.544699 0.575946
0.546104 0.575576
0.547414 0.573058
0.548779 0.573229
0.550124 0.574144
0.551503 0.57583
0.552748 0.57623
0.55405 0.577662
0.555526 0.581549
0.556922 0.583433
0.558371 0.583517
0.55974 0.58335
0.561119 0.587105
0.562544 0.589708
0.563906 0.59131
0.56521 0.590591
0.566646 0.593637
0.568076 0.592711
0.569562 0.593231
0.57086 0.59772
0.572255 0.5988
0.573741 0.60024
0.575136 0.601681
0.576604 0.604442
0.578014 0.606721
0.579474 0.608687
0.580947 0.609244
0.582382 0.610166
0.583876 0.611167
0.585273 0.612768
0.586666 0.612845
0.588174 0.613691
0.589664 0.615739
0.591151 0.61617
0.592558 0.617771
0.594008 0.620448
0.595574 0.620973
0.596992 0.621649
0.598458 0.623049
0.599968 0.622725
0.601433 0.6262
0.602905 0.625925
0.604312 0.624725
0.605716 0.62605
0.607113 0.627325
0.608561 0.626576
0.610062 0.6266
0.611521 0.628526
0.613148 0.632126
0.614705 0.6344
0.616188 0.634727
0.617816 0.637528
0.619333 0.639256
0.620786 0.6416
0.622262 0.641528
0.623696 0.645058
0.625229 0.645
0.626733 0.6454
0.628233 0.645
0.629634 0.645187
0.631151 0.644929
0.632624 0.646529
0.634057 0.646058
0.635335 0.647329
0.636825 0.646529
0.638413 0.64773
0.639837 0.64753
0.641256 0.64993
0.642869 0.652
0.644271 0.65233
0.645731 0.654531
0.647087 0.656731
0.648626 0.6572
0.650085 0.658332
0.651532 0.659
0.652932 0.661132
0.654421 0.6622
0.655905 0.662265
0.657364 0.665666
0.658907 0.666066
0.660286 0.665933
0.661853 0.6664
0.663475 0.667534
0.664992 0.666533
0.666554 0.668534
0.667995 0.6692
0.669389 0.668934
0.670795 0.671334
0.672244 0.6734
0.673809 0.6746
0.675355 0.676535
0.676978 0.6782
0.678379 0.676935
0.6799 0.677335
0.681331 0.677335
0.682875 0.677736
0.684302 0.679
0.68586 0.681536
0.687405 0.682873
0.689033 0.682473
0.690527 0.6838
0.691946 0.6856
0.693399 0.6864
0.694866 0.6868
0.69647 0.687675
0.69798 0.6874
0.699315 0.689338
0.700797 0.688538
0.702343 0.689738
0.703879 0.691738
0.705378 0.691538
0.706841 0.691538
0.708157 0.6928
0.709671 0.694
0.711088 0.696339
0.712683 0.695139
0.714098 0.6948
0.715551 0.695939
0.716935 0.6964
0.718255 0.696939
0.719638 0.697879
0.721207 0.6998
0.722678 0.70214
0.724227 0.7028
0.725866 0.705
0.727385 0.705741
0.728833 0.706741
0.730277 0.7074
0.731717 0.7066
0.733136 0.7076
0.73463 0.708
0.736064 0.7088
0.737542 0.708342
0.739076 0.71
0.740634 0.7112
0.741902 0.711742
0.743252 0.712685
0.7448 0.7138
0.74622 0.714486
0.747617 0.716
0.749183 0.715943
0.750636 0.7164
0.751952 0.717143
0.753327 0.716343
0.754735 0.716287
0.756123 0.7152
0.757505 0.715886
0.758904 0.7146
0.760347 0.7156
0.761726 0.717143
0.763204 0.718544
0.764712 0.718744
0.766085 0.7184
0.767399 0.7196
0.768811 0.7198
0.770318 0.7206
0.771839 0.7212
0.773302 0.7214
0.774615 0.721
0.775998 0.722289
0.777462 0.723289
0.778908 0.723945
0.780301 0.725345
0.781889 0.725145
0.783204 0.7262
0.784606 0.7276
0.785956 0.728746
0.787263 0.7298
0.788607 0.7304
0.789993 0.73
0.791226 0.729746
0.792644 0.729146
0.793961 0.7298
0.795323 0.7308
0.796633 0.7302
0.797986 0.7322
0.799381 0.7328
0.800736 0.7346
0.802066 0.7362
0.803341 0.7366
0.804877 0.7378
0.80638 0.7388
0.80777 0.7394
0.809129 0.7402
0.810497 0.7402
0.811935 0.7412
0.813267 0.7412
0.814583 0.7416
0.815839 0.7418
0.817071 0.7418
0.818283 0.7426
0.819569 0.743
0.820823 0.7438
0.82208 0.7444
0.823416 0.7436
0.824755 0.743
0.826047 0.7434
0.827212 0.742549
0.828433 0.742897
0.82964 0.7422
0.830912 0.7426
0.832205 0.742949
0.833626 0.7428
0.834958 0.744
0.836123 0.7444
0.837298 0.7448
0.838482 0.745949
0.839805 0.7464
0.84112 0.7468
0.842416 0.7468
0.843639 0.7472
0.845019 0.747
0.846262 0.7472
0.847587 0.7474
0.848767 0.7476
0.849941 0.7478
0.851136 0.7476
0.852313 0.7482
0.853561 0.7488
0.854863 0.749
0.856128 0.749
0.857245 0.7494
0.858366 0.75
0.859602 0.74975
0.860842 0.7499
0.862067 0.75135
0.863434 0.752
0.864619 0.7532
0.865887 0.7534
0.867251 0.753
0.868383 0.7528
0.869659 0.753
0.870844 0.753951
0.872026 0.7534
0.873231 0.754
0.874561 0.7542
0.875903 0.7546
0.876989 0.754351
0.878225 0.7544
0.879308 0.7552
0.880527 0.756151
0.881728 0.7562
0.882971 0.7562
0.884129 0.7564
0.885276 0.7568
0.886583 0.7564
0.887706 0.7572
0.888885 0.7568
0.890137 0.7566
0.891197 0.757
0.892219 0.7568
0.893367 0.7568
0.894581 0.7572
0.895695 0.7568
0.896823 0.7568
0.898047 0.7574
0.899181 0.7576
0.900236 0.7582
0.901429 0.7584
0.902561 0.7592
0.903597 0.7594
0.904735 0.7598
0.905897 0.76
0.906998 0.76
0.908104 0.7598
0.909219 0.7606
0.910354 0.7606
0.91143 0.7608
0.912597 0.7616
0.91359 0.762
0.914797 0.7624
0.915893 0.7628
0.917107 0.7632
0.918104 0.763153
0.919234 0.7628
0.920378 0.7632
0.92151 0.7632
0.922724 0.7634
0.92406 0.7632
0.925096 0.7632
0.926244 0.763
0.927545 0.7642
0.928758 0.7648
0.929848 0.7646
0.930969 0.7652
0.932222 0.7656
0.93342 0.7656
0.93448 0.766
0.935635 0.7656
0.936611 0.765553
0.937853 0.7654
0.938941 0.7652
0.939907 0.7654
0.940891 0.7652
0.941992 0.7654
0.943089 0.7658
0.944133 0.766
0.945088 0.7662
0.94616 0.765953
0.947186 0.766
0.948233 0.766
0.949221 0.766
0.950258 0.7664
0.951338 0.7666
0.952525 0.7666
0.953552 0.7668
0.954599 0.7666
0.955584 0.7668
0.956554 0.767
0.957714 0.7672
0.958756 0.767
0.959807 0.7666
0.960881 0.767
0.961853 0.767
0.962877 0.7672
0.963913 0.768
0.964902 0.7678
0.965972 0.768
0.966942 0.768
0.967988 0.7686
0.968902 0.769
0.970001 0.7692
0.970926 0.7694
0.971939 0.7696
0.973029 0.7696
0.974177 0.7694
0.975188 0.7694
0.976315 0.7688
0.97735 0.769
0.978462 0.7692
0.979593 0.7692
0.980717 0.7692
0.981701 0.7698
0.982868 0.77
0.983935 0.7702
0.984934 0.7702
0.98596 0.7702
0.986984 0.7702
0.988054 0.77
0.989238 0.7702
0.990228 0.7704
0.991261 0.7704
0.992253 0.7704
0.993191 0.7704
0.994207 0.7704
0.995355 0.7708
0.996375 0.771
0.997578 0.7714
0.998648 0.772
0.999681 0.7724
1.00072 0.7726
1.00192 0.7726
1.00292 0.7728
1.00397 0.7732
1.00496 0.773
1.00607 0.7734
1.00713 0.7732
1.00806 0.7732
1.00911 0.7732
1.01014 0.7732
1.01111 0.7732
1.01225 0.7734
1.0132 0.7734
1.01424 0.7734
1.01534 0.7738
1.01628 0.7738
1.01739 0.774
1.01842 0.7748
1.01943 0.7746
1.02041 0.7746
1.02147 0.7746
1.02247 0.7744
1.02343 0.7744
1.02453 0.7744
1.02559 0.7744
1.0266 0.7746
1.02764 0.7748
1.02864 0.7746
1.02979 0.7746
1.03075 0.7746
1.03173 0.7746
1.03279 0.7744
1.03383 0.7744
1.03486 0.7744
1.0358 0.7742
1.03698 0.7746
1.03809 0.7748
1.03912 0.7748
1.04022 0.774755
1.04142 0.7746
1.04245 0.7746
1.04358 0.7746
1.0447 0.7746
1.04574 0.7746
1.04695 0.7746
1.04812 0.7748
1.04913 0.7748
1.05031 0.7748
1.05143 0.7748
1.05266 0.775
1.05388 0.775
1.05505 0.7752
1.05625 0.7754
1.0575 0.7754
1.05878 0.7754
1.05995 0.7754
1.06112 0.7754
1.06229 0.7754
1.06335 0.7754
1.06452 0.7756
1.06573 0.7756
1.06679 0.7756
1.06816 0.7758
1.06942 0.7758
1.07048 0.7758
1.07158 0.7758
1.07272 0.7758
1.07382 0.7758
1.07503 0.776
1.0762 0.776
1.07734 0.7762
1.07876 0.7764
1.08012 0.7768
1.08153 0.7768
1.08266 0.7768
1.08402 0.7768
1.08535 0.7768
1.08689 0.7768
1.08817 0.7768
1.08961 0.7768
1.09079 0.7768
1.09216 0.7768
1.09347 0.7768
1.09484 0.7768
1.09602 0.7768
1.09726 0.7768
1.0987 0.777
1.10017 0.7772
1.10154 0.7774
1.10292 0.7774
1.10438 0.7774
1.10566 0.7774
1.10699 0.7774
1.10846 0.7774
1.11002 0.7774
1.11128 0.7774
1.11261 0.7774
1.11418 0.7774
1.11551 0.7774
1.11687 0.7774
1.11843 0.7774
1.12012 0.7774
1.12166 0.7774
1.1232 0.7774
1.12459 0.7774
1.12624 0.7774
1.12779 0.7774
1.12923 0.7774
1.13068 0.7774
1.13224 0.7774
1.13373 0.7774
1.13557 0.7774
1.137 0.7774
1.1386 0.7774
1.14025 0.7774
1.14174 0.7774
1.14362 0.7774
1.14529 0.7774
1.14716 0.7774
1.14889 0.7774
1.15064 0.7774
1.15239 0.7774
1.15408 0.7774
1.15578 0.7774
1.15737 0.7774
1.15906 0.7774
1.1607 0.7774
1.16265 0.7774
1.16446 0.7774
1.16622 0.7774
1.1682 0.7774
1.17016 0.7774
1.17217 0.7774
1.17417 0.7774
1.17606 0.7774
1.17805 0.7774
1.18016 0.7774
1.18216 0.7774
1.18392 0.7774
1.186 0.7774
1.18804 0.7774
1.19032 0.7774
1.19228 0.7774
1.19429 0.7774
1.19664 0.7774
1.19873 0.7774
1.20118 0.7774
1.2033 0.7774
1.20565 0.7774
1.20806 0.7774
1.21083 0.7774
1.21309 0.7774
1.21567 0.7774
1.21811 0.7774
1.2207 0.7774
1.22319 0.7774
1.22606 0.7774
1.22856 0.7774
1.23152 0.7774
1.23424 0.7774
1.23696 0.7774
1.23977 0.7774
1.24262 0.7774
1.24583 0.7774
1.24884 0.7774
1.25218 0.7774
1.25547 0.7774
1.25864 0.7774
1.26202 0.7774
1.26565 0.7774
1.26943 0.7774
1.27306 0.7774
1.27686 0.7774
1.28069 0.7774
1.28463 0.7774
1.28893 0.7774
1.29354 0.7774
1.29774 0.7774
1.30153 0.7774
1.30569 0.7774
1.31025 0.7774
1.31498 0.7774
1.31985 0.7774
1.325 0.7774
1.32992 0.7774
1.33501 0.7774
1.34143 0.7774
1.3477 0.7774
1.35398 0.7774
1.36029 0.7774
1.36728 0.7774
1.3743 0.7774
1.38155 0.7774
1.3888 0.7774
1.39664 0.7774
1.40548 0.7774
1.41437 0.7774
1.42416 0.7774
1.4347 0.7774
1.4451 0.7774
1.4567 0.7774
1.46965 0.7774
1.48154 0.7774
1.49486 0.7774
1.50902 0.7774
1.52441 0.7774
1.53947 0.7774
1.5581 0.7774
1.57824 0.7774
1.59869 0.7774
1.62009 0.777556
1.64114 0.777711
1.66719 0.777711
1.69454 0.777867
1.72662 0.777867
1.75858 0.778022
1.79829 0.778178
1.83632 0.778802
1.89272 0.779427
1.93874 0.781307
1.99163 0.783038
2.04727 0.785051
2.1076 0.789516
2.16848 0.79578
2.24065 0.801361
2.31742 0.807948
2.39779 0.815657
