0.502459 0.518044
0.502497 0.515187
0.502528 0.517523
0.502569 0.518779
0.502599 0.518648
0.502626 0.518086
0.50264 0.515679
0.502679 0.514518
0.502687 0.513921
0.50271 0.515607
0.502743 0.515012
0.502763 0.512731
0.502782 0.514418
0.502822 0.515571
0.502851 0.513793
0.502901 0.512673
0.502918 0.509217
0.502941 0.506329
0.502928 0.50519
0.502938 0.502877
0.502957 0.5063
0.502986 0.506271
0.503009 0.511945
0.503038 0.511918
0.503083 0.515393
0.503106 0.515358
0.503147 0.514221
0.503159 0.515982
0.50319 0.513053
0.503226 0.510251
0.503262 0.507973
0.50331 0.510808
0.503351 0.509648
0.503369 0.506803
0.503417 0.505085
0.503437 0.506229
0.503479 0.506787
0.50351 0.505108
0.503559 0.50905
0.503591 0.509029
0.503628 0.511312
0.503662 0.510759
0.503675 0.512443
0.503751 0.512415
0.50377 0.509605
0.503791 0.510181
0.503796 0.511811
0.503846 0.513544
0.503858 0.514061
0.503898 0.519144
0.503936 0.519231
0.503979 0.513483
0.503983 0.512277
0.504012 0.508306
0.504045 0.510544
0.504068 0.510544
0.504115 0.507743
0.504133 0.511038
0.504158 0.511602
0.504184 0.512115
0.504199 0.509372
0.504209 0.511602
0.504216 0.514381
0.504236 0.512141
0.504264 0.512141
0.504287 0.519956
0.50431 0.518313
0.504319 0.518889
0.504382 0.519956
0.504374 0.520442
0.504428 0.517165
0.504479 0.513904
0.504518 0.514477
0.504553 0.51559
0.504583 0.516667
0.504602 0.518272
0.504662 0.521595
0.504709 0.523333
0.504736 0.523333
0.504739 0.524609
0.504757 0.522371
0.504774 0.522472
0.504847 0.52027
0.504885 0.518018
0.504943 0.515152
0.504966 0.513966
0.505021 0.514509
0.505072 0.514477
0.505115 0.512195
0.505151 0.512707
0.505164 0.514412
0.505237 0.512735
0.505261 0.512168
0.505332 0.514917
0.505405 0.514851
0.505466 0.517621
0.505483 0.520397
0.505521 0.519912
0.505543 0.521547
0.505586 0.516593
0.505549 0.515487
0.505589 0.515521
0.505594 0.515521
0.505674 0.517165
0.505744 0.517778
0.505821 0.518436
0.505878 0.520089
0.505933 0.522272
0.505943 0.522803
0.50604 0.523333
0.506087 0.522222
0.506103 0.523282
0.506162 0.525442
0.506149 0.525499
0.50621 0.52439
0.506284 0.523179
0.506318 0.525275
0.506348 0.520397
0.506438 0.520397
0.506495 0.520925
0.506583 0.517582
0.506628 0.515351
0.506669 0.514161
0.506721 0.519565
0.506762 0.520131
0.506808 0.517429
0.506845 0.516304
0.506923 0.513602
0.506986 0.51413
0.507023 0.5141
0.507092 0.515676
0.507169 0.512432
0.50718 0.511351
0.507221 0.509169
0.507274 0.512379
0.507304 0.512876
0.507358 0.513426
0.50737 0.514469
0.507448 0.516094
0.507491 0.519871
0.50753 0.51828
0.507556 0.518797
0.507582 0.523044
0.50763 0.524678
0.507658 0.521459
0.507703 0.520386
0.507734 0.51824
0.507779 0.518797
0.507838 0.519829
0.507881 0.517723
0.507964 0.519272
0.507986 0.517094
0.50801 0.51824
0.508084 0.517723
0.508126 0.517723
0.508242 0.516164
0.50825 0.513455
0.508286 0.511828
0.50832 0.513978
0.508326 0.511254
0.508372 0.512821
0.508386 0.513369
0.508449 0.517647
0.508529 0.516026
0.508564 0.516578
0.508569 0.518677
0.508585 0.519272
0.508644 0.519231
0.508761 0.518717
0.508828 0.518124
0.508902 0.517647
0.508946 0.518717
0.50896 0.516026
0.509132 0.514377
0.50923 0.512221
0.509289 0.516985
0.509356 0.523305
0.509438 0.527041
0.509542 0.525981
0.50966 0.524815
0.509751 0.528602
0.509805 0.531283
0.509836 0.531283
0.509974 0.530655
0.510026 0.530095
0.510033 0.528602
0.510078 0.529162
0.510109 0.527041
0.510125 0.525926
0.510154 0.528602
0.510244 0.527601
0.510293 0.525532
0.510359 0.529224
0.510456 0.529787
0.510514 0.530351
0.510571 0.530851
0.510654 0.532979
0.510656 0.532481
0.510729 0.531915
0.510762 0.531283
0.510891 0.532412
0.510908 0.532909
0.510966 0.534538
0.51101 0.535032
0.51106 0.536093
0.511144 0.537234
0.511209 0.537313
0.511322 0.536247
0.511425 0.53682
0.511494 0.535256
0.511584 0.537313
0.511623 0.536741
0.511714 0.537726
0.511744 0.539362
0.511773 0.541489
0.5118 0.541001
0.511839 0.538954
0.511912 0.5356
0.512106 0.530287
0.512201 0.528662
0.512256 0.529224
0.512303 0.529724
0.512451 0.530351
0.51252 0.533546
0.512519 0.532481
0.512564 0.531416
0.512586 0.531416
0.512711 0.533546
0.512768 0.532839
0.512908 0.532275
0.512938 0.53072
0.513029 0.529162
0.513159 0.529224
0.513157 0.528723
0.513191 0.530287
0.513236 0.533404
0.513249 0.53178
0.513331 0.53277
0.513493 0.530655
0.51368 0.529039
0.513815 0.531646
0.5139 0.532139
0.513954 0.531646
0.514084 0.531712
0.514294 0.530159
0.514368 0.530095
0.514491 0.535375
0.514584 0.537975
0.514652 0.53692
0.514733 0.539515
0.514882 0.539112
0.515114 0.542767
0.515327 0.541226
0.515378 0.541226
0.515439 0.541226
0.515609 0.543823
0.515726 0.54373
0.515774 0.543067
0.51584 0.545168
0.515877 0.548319
0.516018 0.548218
0.51608 0.54937
0.516208 0.54937
0.516539 0.548421
0.51672 0.545263
0.516758 0.545073
0.516814 0.540966
0.516928 0.544118
0.516936 0.54373
0.516987 0.541711
0.517096 0.541314
0.517201 0.540827
0.517179 0.544008
0.517236 0.543524
0.517499 0.544102
0.517546 0.542948
0.517577 0.54699
0.517627 0.549206
0.517758 0.549683
0.5178 0.549102
0.517944 0.550633
0.518037 0.545935
0.518227 0.545935
0.518238 0.547569
0.518301 0.545935
0.518379 0.544974
0.518459 0.547468
0.518643 0.549578
0.518707 0.549578
0.518848 0.546891
0.51895 0.546512
0.519086 0.544974
0.519203 0.548046
0.519278 0.54699
0.519325 0.54661
0.519481 0.55074
0.519584 0.549683
0.519753 0.549578
0.519826 0.548523
0.519928 0.547368
0.520007 0.547269
0.520027 0.546695
0.520234 0.544118
0.52028 0.541535
0.520322 0.542677
0.520551 0.541623
0.520664 0.541139
0.520733 0.544304
0.520992 0.544211
0.521112 0.545741
0.521235 0.541623
0.521405 0.541535
0.521517 0.542497
0.521761 0.542497
0.521843 0.545741
0.522056 0.544784
0.52208 0.544879
0.522322 0.546414
0.522385 0.545838
0.522529 0.547844
0.522731 0.551579
0.522905 0.55042
0.522911 0.553571
0.522997 0.552991
0.523211 0.552632
0.523427 0.544211
0.523432 0.541623
0.523501 0.54
0.523689 0.54469
0.523889 0.545645
0.523938 0.548896
0.524154 0.548319
0.524409 0.547744
0.524492 0.550892
0.524615 0.553347
0.524677 0.554393
0.524793 0.556485
0.524877 0.55428
0.524941 0.553702
0.525077 0.553814
0.525241 0.556949
0.525215 0.557994
0.525497 0.556949
0.525606 0.557411
0.525633 0.557873
0.52627 0.558212
0.526564 0.556594
0.52666 0.553942
0.526764 0.551867
0.527152 0.553479
0.527288 0.553479
0.527438 0.554054
0.527569 0.558212
0.527809 0.557873
0.527865 0.55625
0.528238 0.557411
0.528538 0.555439
0.528786 0.551832
0.528856 0.549738
0.529114 0.547644
0.529177 0.54717
0.529256 0.546695
0.529501 0.549266
0.529868 0.549738
0.529985 0.553459
0.530034 0.552411
0.530181 0.553927
0.530295 0.554974
0.530583 0.554859
0.5309 0.553814
0.531092 0.550785
0.531204 0.549163
0.531294 0.544979
0.531539 0.542231
0.531608 0.542231
0.53181 0.540625
0.531961 0.539022
0.532203 0.541189
0.532577 0.544792
0.532985 0.543841
0.53325 0.546499
0.533393 0.545929
0.533627 0.545833
0.533728 0.54375
0.533831 0.54262
0.533904 0.543659
0.534254 0.540541
0.534543 0.540625
0.534795 0.537981
0.534932 0.536941
0.535076 0.535417
0.535133 0.535491
0.535319 0.537095
0.535607 0.539583
0.535746 0.5375
0.536029 0.539501
0.536427 0.540541
0.536875 0.542144
0.537206 0.538462
0.537398 0.539979
0.537771 0.54158
0.538066 0.54158
0.538353 0.54262
0.538524 0.544606
0.538754 0.542056
0.538849 0.543568
0.539092 0.547817
0.539413 0.54668
0.539616 0.54621
0.539599 0.545738
0.540015 0.544133
0.540507 0.544699
0.540836 0.548857
0.541274 0.54668
0.541433 0.54668
0.541627 0.545643
0.542125 0.547718
0.542351 0.54668
0.542611 0.544133
0.543182 0.544225
0.543588 0.541018
0.543917 0.540373
0.544188 0.540456
0.544468 0.543388
0.544528 0.542916
0.544762 0.542355
0.544927 0.541322
0.545195 0.543388
0.54552 0.545549
0.545573 0.544892
0.545885 0.54433
0.546065 0.545924
0.546658 0.546956
0.547039 0.547521
0.547384 0.551653
0.547514 0.552577
0.547857 0.553608
0.54793 0.555098
0.548388 0.556244
0.548546 0.556701
0.548855 0.554639
0.548958 0.55567
0.549293 0.559794
0.549433 0.559217
0.549701 0.562757
0.55016 0.563786
0.550398 0.568789
0.550445 0.569231
0.550834 0.568345
0.551061 0.570401
0.551394 0.571282
0.551686 0.570256
0.551961 0.570842
0.55211 0.570842
0.552371 0.570842
0.552644 0.570401
0.553062 0.571282
0.553255 0.569959
0.553578 0.568486
0.553727 0.567318
0.553851 0.566872
0.554846 0.569072
0.554932 0.570401
0.555095 0.569373
0.555316 0.571282
0.555661 0.571429
0.5561 0.570546
0.556423 0.570401
0.556625 0.567901
0.556819 0.567762
0.557304 0.567623
0.557497 0.568066
0.558099 0.564549
0.558658 0.565128
0.558826 0.565128
0.559206 0.564549
0.559363 0.566018
0.559582 0.566154
0.559561 0.566735
0.559633 0.562628
0.55987 0.565128
0.560097 0.563655
0.560334 0.563786
0.560795 0.562757
0.561119 0.562307
0.561149 0.564367
0.56182 0.561728
0.562051 0.558187
0.562681 0.558642
0.562956 0.560247
0.563409 0.562757
0.563838 0.562887
0.564168 0.562887
0.564637 0.561856
0.564903 0.563337
0.565055 0.562757
0.565399 0.563786
0.565807 0.565262
0.566019 0.56629
0.566385 0.565844
0.566711 0.566872
0.567649 0.571576
0.567956 0.570546
0.568456 0.571576
0.569165 0.570546
0.569408 0.569959
0.569801 0.569516
0.56998 0.569815
0.57031 0.571721
0.570869 0.572308
0.571461 0.573333
0.571961 0.573333
0.572317 0.571869
0.572499 0.571869
0.573222 0.575385
0.573517 0.576254
0.573744 0.575665
0.574066 0.574642
0.574696 0.57362
0.574992 0.572746
0.575474 0.574795
0.575678 0.574642
0.575782 0.572597
0.575812 0.57216
0.57607 0.572746
0.576441 0.57377
0.577015 0.57377
0.577193 0.571136
0.577516 0.571575
0.577988 0.570991
0.578168 0.574338
0.578643 0.573904
0.579102 0.573904
0.579113 0.572301
0.579504 0.57332
0.580013 0.57449
0.580511 0.574924
0.581207 0.575943
0.581324 0.572012
0.581856 0.566769
0.582593 0.568807
0.583324 0.568807
0.583639 0.569388
0.584058 0.568367
0.58472 0.568948
0.585217 0.568507
0.585539 0.566462
0.586116 0.567485
0.586674 0.56953
0.586672 0.570991
0.587619 0.573034
0.587952 0.573183
0.588541 0.574207
0.588931 0.57523
0.589676 0.576254
0.590136 0.576098
0.590667 0.578571
0.591035 0.578141
0.591174 0.57943
0.591428 0.574924
0.591301 0.57771
0.591367 0.57523
0.592157 0.575665
0.59254 0.578732
0.59305 0.5818
0.593194 0.579592
0.593431 0.578141
0.593798 0.577551
0.594156 0.578571
0.594549 0.578571
0.594811 0.578571
0.5953 0.577551
0.595938 0.574924
0.596182 0.574924
0.596658 0.575077
0.597051 0.574338
0.59748 0.57332
0.597587 0.571865
0.597967 0.573904
0.598257 0.574924
0.598443 0.57551
0.599376 0.57449
0.600056 0.57712
0.600506 0.579324
0.600976 0.581372
0.60118 0.581967
0.601576 0.581372
0.601897 0.582822
0.602062 0.5818
0.602946 0.579324
0.60317 0.579918
0.603581 0.578462
0.604106 0.579487
0.604903 0.582992
0.605424 0.582992
0.605674 0.580513
0.606134 0.582904
0.607038 0.582904
0.608024 0.585567
0.608759 0.585139
0.609151 0.584711
0.609463 0.584711
0.609764 0.587203
0.610356 0.587024
0.611097 0.58866
0.611896 0.588054
0.612306 0.587629
0.613002 0.58866
0.613565 0.590722
0.613973 0.589691
0.614378 0.592784
0.614598 0.592173
0.614879 0.591564
0.61538 0.590535
0.615623 0.589083
0.616048 0.590722
0.616644 0.590722
0.617337 0.588418
0.618141 0.590299
0.618629 0.591331
0.618959 0.590299
0.61955 0.592784
0.619763 0.592173
0.621074 0.593203
0.62137 0.592173
0.62203 0.593203
0.622488 0.595876
0.623255 0.594845
0.623517 0.596292
0.624113 0.596907
0.624425 0.597322
0.625093 0.598969
0.625856 0.6
0.626192 0.598765
0.626514 0.598765
0.626902 0.597737
0.627367 0.598765
0.628202 0.597737
0.628505 0.598765
0.629163 0.595483
0.629799 0.595897
0.630678 0.595483
0.631299 0.591795
0.631515 0.592821
0.631841 0.593846
0.632336 0.592213
0.632403 0.593238
0.633224 0.592631
0.634718 0.593654
0.635297 0.587513
0.635233 0.58998
0.636215 0.590164
0.637019 0.590769
0.637558 0.589139
0.637756 0.589322
0.638757 0.592821
0.639192 0.593654
0.63975 0.595092
0.640052 0.595092
0.641325 0.599182
0.642396 0.597549
0.642697 0.597137
0.643454 0.597549
0.644224 0.597336
0.644712 0.597748
0.645277 0.598361
0.645954 0.599385
0.646518 0.599385
0.646753 0.598361
0.646999 0.599182
0.647734 0.600204
0.64823 0.600613
0.648976 0.599591
0.649149 0.59898
0.649824 0.597959
0.650098 0.596741
0.652045 0.597561
0.652403 0.599593
0.652925 0.600815
0.653926 0.599796
0.65407 0.600815
0.654244 0.600815
0.65498 0.599186
0.655694 0.600203
0.656021 0.601221
0.656523 0.601626
0.6572 0.601626
0.658257 0.602238
0.658623 0.601221
0.659192 0.598577
0.659555 0.598577
0.660283 0.600203
0.660746 0.599186
0.661153 0.599593
0.662191 0.601221
0.662446 0.600815
0.663097 0.600815
0.664068 0.602041
0.664371 0.6
0.664954 0.60102
0.665658 0.605505
