0.5 0.384615
0.5 0.421053
0.5 0.464286
0.5 0.387755
0.5 0.408451
0.5 0.484536
0.5 0.471545
0.5 0.465839
0.5 0.434783
0.5 0.419476
0.500002 0.417417
0.50002 0.443099
0.500022 0.448692
0.500058 0.444634
0.500088 0.452722
0.500098 0.459716
0.500115 0.464859
0.500153 0.481834
0.500197 0.482916
0.500271 0.485733
0.50037 0.48236
0.500443 0.488058
0.500536 0.491981
0.500643 0.490839
0.5008 0.48721
0.500964 0.49126
0.501145 0.494405
0.501375 0.492684
0.501594 0.493373
0.501797 0.495844
0.502112 0.497247
0.502423 0.494745
0.502772 0.500253
0.503162 0.502689
0.503579 0.503435
0.504053 0.507518
0.504507 0.510926
0.505055 0.51186
0.505627 0.515376
0.506248 0.517249
0.506943 0.518219
0.507697 0.521895
0.508365 0.523988
0.509127 0.524302
0.509931 0.525678
0.510797 0.526908
0.51173 0.528848
0.512649 0.527406
0.513635 0.526124
0.514693 0.530909
0.51575 0.533871
0.516848 0.536188
0.517937 0.539235
0.519071 0.541524
0.520158 0.541181
0.521259 0.542444
0.522411 0.543613
0.523485 0.546474
0.52468 0.545691
0.525896 0.548187
0.527141 0.551655
0.528368 0.554354
0.529653 0.553443
0.530943 0.557646
0.532327 0.560336
0.533606 0.56265
0.534972 0.564826
0.536311 0.565052
0.537678 0.567427
0.539074 0.569028
0.540393 0.57037
0.541734 0.571629
0.543096 0.572887
0.544492 0.573515
0.545895 0.576431
0.547303 0.578378
0.548679 0.580949
0.549985 0.581116
0.551346 0.581949
0.55265 0.583984
0.554007 0.585234
0.555335 0.588471
0.556679 0.589754
0.558099 0.592237
0.559579 0.592437
0.561023 0.594557
0.562415 0.594476
0.56383 0.594119
0.565173 0.597319
0.566624 0.59892
0.568027 0.60124
0.569355 0.60192
0.570684 0.604242
0.572092 0.605084
0.573463 0.605042
0.574897 0.606364
0.576306 0.606364
0.577724 0.608043
0.57908 0.609522
0.580554 0.610444
0.581858 0.61209
0.583239 0.610122
0.584703 0.612923
0.586117 0.619572
0.587505 0.620621
0.589011 0.621924
0.590517 0.6236
0.591912 0.621973
0.593347 0.624424
0.594831 0.6255
0.596315 0.627651
0.597826 0.627777
0.599332 0.626902
0.600751 0.629726
0.602269 0.6316
0.603785 0.632653
0.60529 0.634327
0.606768 0.634927
0.608323 0.636727
0.609898 0.6384
0.611419 0.641328
0.612997 0.6424
0.61447 0.643457
0.616064 0.6448
0.617512 0.645116
0.618949 0.647789
0.620459 0.646988
0.621849 0.647659
0.623281 0.64793
0.624744 0.64886
0.626172 0.65013
0.627678 0.652061
0.629337 0.652861
0.630961 0.65193
0.632392 0.652661
0.633838 0.6536
0.635346 0.655593
0.636917 0.6564
0.638431 0.656125
0.639849 0.657463
0.641395 0.659332
0.642898 0.659732
0.644416 0.661532
0.645865 0.664133
0.647373 0.665133
0.648765 0.664866
0.650299 0.6658
0.651733 0.665666
0.653153 0.6664
0.654637 0.667333
0.656178 0.667467
0.657836 0.6694
0.659356 0.668334
0.660821 0.669068
0.662371 0.6692
0.66377 0.671603
0.665284 0.671534
0.666734 0.675135
0.668039 0.674735
0.669445 0.674135
0.670933 0.674335
0.672604 0.6734
0.674169 0.675
0.675701 0.6756
0.67733 0.679936
0.678835 0.679472
0.680348 0.6794
0.681888 0.681
0.683397 0.6792
0.684861 0.68
0.686435 0.68
0.687951 0.6806
0.689446 0.681
0.690953 0.6828
0.692435 0.6806
0.693818 0.680936
0.695358 0.683073
0.696814 0.683
0.698496 0.6846
0.699872 0.683874
0.701309 0.683673
0.703016 0.684
0.704552 0.6836
0.705986 0.684937
0.707587 0.6872
0.709058 0.6876
0.710504 0.689276
0.712054 0.6928
0.713458 0.6936
0.714801 0.6946
0.716257 0.6944
0.717555 0.694478
0.719001 0.6958
0.720472 0.695739
0.721929 0.6982
0.723324 0.69988
0.724784 0.69894
0.726274 0.69894
0.727813 0.7006
0.729337 0.7006
0.730914 0.70174
0.732375 0.701
0.733797 0.7026
0.735253 0.703
0.736604 0.7034
0.738125 0.704341
0.739432 0.704541
0.740887 0.706024
0.74223 0.706541
0.743799 0.707
0.745183 0.7068
0.746663 0.708283
0.748127 0.7084
0.749619 0.7094
0.751175 0.7104
0.752611 0.7102
0.754093 0.709742
0.755709 0.7106
0.757198 0.7126
0.758671 0.713
0.760089 0.7136
0.761427 0.714
0.762814 0.7148
0.764222 0.7138
0.765599 0.714543
0.767121 0.7156
0.768412 0.7154
0.76996 0.7164
0.771313 0.7158
0.772705 0.7172
0.774141 0.718
0.775476 0.717944
0.776937 0.7182
0.778395 0.718144
0.779857 0.7184
0.781246 0.719344
0.782559 0.7184
0.783976 0.7182
0.785407 0.7198
0.786776 0.7196
0.788138 0.7206
0.789391 0.7214
0.790675 0.721
0.792134 0.722
0.793483 0.7228
0.794757 0.7242
0.79609 0.7242
0.797353 0.7252
0.798831 0.7258
0.800048 0.7268
0.801197 0.727746
0.802492 0.7278
0.803793 0.7282
0.805209 0.7288
0.806369 0.729546
0.807822 0.7304
0.809171 0.7304
0.810524 0.731
0.811771 0.7322
0.813051 0.7326
0.814418 0.7326
0.815727 0.733
0.817068 0.7324
0.818287 0.7324
0.819467 0.7332
0.820584 0.734
0.821898 0.7362
0.823104 0.7362
0.824448 0.7366
0.825603 0.7372
0.826825 0.738
0.828096 0.738
0.829359 0.7384
0.830597 0.7388
0.831769 0.7396
0.833197 0.74
0.834497 0.740748
0.835749 0.741
0.836906 0.7412
0.838274 0.741
0.839403 0.7416
0.840662 0.7414
0.842018 0.7406
0.843144 0.7408
0.844413 0.7414
0.845658 0.7414
0.846877 0.7422
0.848048 0.7426
0.849166 0.7426
0.850363 0.742549
0.851613 0.7426
0.852849 0.743
0.854013 0.742749
0.855178 0.7432
0.856482 0.7438
0.857596 0.7442
0.858782 0.745
0.859935 0.745
0.861242 0.7456
0.862517 0.7456
0.863698 0.745
0.864851 0.7448
0.866061 0.7444
0.867277 0.745
0.86847 0.7452
0.869575 0.745549
0.870729 0.7468
0.871904 0.747
0.872962 0.7466
0.874181 0.7476
0.875321 0.749
0.876449 0.7494
0.877566 0.75
0.878787 0.75
0.880113 0.7502
0.881236 0.7506
0.882297 0.751
0.883459 0.75115
0.884784 0.7512
0.885878 0.7506
0.886955 0.7506
0.888124 0.75
0.88927 0.7504
0.890413 0.7506
0.891559 0.7508
0.892659 0.751
0.89384 0.7512
0.89496 0.751
0.896097 0.7516
0.897248 0.7516
0.898418 0.7518
0.89955 0.752
0.900644 0.7522
0.90183 0.7522
0.902949 0.75195
0.904258 0.753
0.905372 0.7532
0.906534 0.7534
0.907702 0.753
0.908769 0.7532
0.909771 0.753
0.910999 0.7538
0.912199 0.755
0.913298 0.7544
0.914346 0.7544
0.915339 0.7546
0.916589 0.7544
0.917661 0.7544
0.918752 0.755
0.919875 0.7556
0.921087 0.7564
0.922314 0.7566
0.923405 0.7566
0.924506 0.7568
0.925648 0.7572
0.926713 0.7574
0.927857 0.7574
0.928923 0.7574
0.930035 0.7574
0.931136 0.7574
0.932268 0.7572
0.933324 0.7572
0.934477 0.757
0.935624 0.757
0.936735 0.757
0.93783 0.7562
0.939007 0.756
0.940023 0.7562
0.941034 0.7562
0.941976 0.7558
0.942978 0.756151
0.944062 0.7564
0.945054 0.7564
0.946005 0.7566
0.947015 0.7566
0.948056 0.7566
0.949193 0.7568
0.950301 0.7574
0.951296 0.7572
0.952343 0.757
0.95332 0.757
0.95422 0.7572
0.955332 0.7574
0.95637 0.7576
0.957393 0.7576
0.958595 0.7582
0.959629 0.7586
0.96076 0.759
0.961863 0.7592
0.962899 0.759
0.964017 0.7588
0.965142 0.7588
0.966218 0.7592
0.967292 0.7594
0.968589 0.7594
0.969624 0.7594
0.970608 0.7592
0.971655 0.7592
0.972775 0.7594
0.973803 0.7596
0.974828 0.76
0.975786 0.7602
0.976901 0.7602
0.977982 0.76
0.979028 0.76
0.980085 0.76
0.98113 0.76
0.982069 0.76
0.983163 0.76
0.984101 0.76
0.985195 0.76
0.986317 0.7604
0.987266 0.7604
0.98839 0.7604
0.98944 0.7602
0.99045 0.7606
0.991533 0.7606
0.992566 0.7602
0.993652 0.7604
0.994756 0.7604
0.995849 0.7604
0.996847 0.7604
0.997936 0.7606
0.999003 0.7608
0.999947 0.761
1.00095 0.761
1.00197 0.761
1.00297 0.761
1.00413 0.761
1.00534 0.7614
1.00639 0.7616
1.00747 0.7616
1.00843 0.7616
1.00958 0.7618
1.01067 0.7618
1.01169 0.7618
1.01278 0.762
1.01391 0.762
1.01517 0.762
1.01619 0.762
1.0172 0.7622
1.01843 0.762
1.0194 0.762
1.02039 0.7618
1.02165 0.762
1.02269 0.7618
1.0238 0.762
1.02483 0.762
1.02598 0.7624
1.02713 0.7626
1.02821 0.7626
1.02923 0.7626
1.03025 0.7626
1.03129 0.7628
1.03241 0.7628
1.03363 0.763
1.03458 0.763
1.03568 0.7632
1.03669 0.7632
1.03779 0.7632
1.0389 0.7634
1.04011 0.7636
1.04119 0.7636
1.04229 0.7636
1.04339 0.7636
1.04448 0.7636
1.04562 0.7636
1.04678 0.7636
1.04794 0.7636
1.04913 0.7636
1.05028 0.7636
1.05136 0.7636
1.05239 0.7634
1.05343 0.7634
1.05459 0.7636
1.05557 0.7636
1.05674 0.7636
1.05806 0.7638
1.05934 0.764
1.06042 0.764
1.06164 0.7642
1.06294 0.7642
1.06406 0.7642
1.06516 0.7642
1.06657 0.7644
1.06773 0.7644
1.06889 0.7644
1.07015 0.7644
1.07134 0.7644
1.07276 0.7642
1.07397 0.7642
1.07513 0.7642
1.07644 0.7642
1.0776 0.7642
1.07882 0.7642
1.08009 0.7642
1.08126 0.7642
1.08236 0.7642
1.08379 0.7642
1.08502 0.7642
1.08637 0.7644
1.08764 0.7644
1.08889 0.7644
1.09004 0.7644
1.09147 0.7642
1.0927 0.7642
1.09396 0.7642
1.0952 0.7642
1.09647 0.7642
1.09775 0.7642
1.0993 0.764
1.10065 0.764
1.10202 0.764
1.10339 0.764
1.10485 0.764
1.10644 0.7642
1.10769 0.7642
1.10931 0.7642
1.1107 0.7642
1.1121 0.7644
1.11363 0.7646
1.11498 0.7646
1.11654 0.7646
1.11792 0.7646
1.11933 0.7646
1.12079 0.7646
1.12245 0.7648
1.12397 0.7648
1.12528 0.7648
1.12697 0.7648
1.12849 0.7648
1.12988 0.7648
1.13141 0.7648
1.13294 0.7648
1.13443 0.7648
1.13601 0.7648
1.13769 0.7648
1.13925 0.765
1.14088 0.765
1.1425 0.765
1.14402 0.765
1.14578 0.765
1.14728 0.765
1.14919 0.765
1.15094 0.765
1.15276 0.765
1.15451 0.765
1.15628 0.765
1.15816 0.765
1.1599 0.765
1.16161 0.765
1.16341 0.765
1.16517 0.765
1.16705 0.765
1.16878 0.765
1.17055 0.765
1.17252 0.765
1.17469 0.765
1.17673 0.765
1.17862 0.765
1.18066 0.765
1.18255 0.765
1.18465 0.765
1.1866 0.765
1.18888 0.765
1.19118 0.765
1.19324 0.765
1.19542 0.765
1.19764 0.765
1.19982 0.765
1.20218 0.765
1.20437 0.765
1.20679 0.765
1.20908 0.765
1.2115 0.765
1.21389 0.765
1.21616 0.765
1.21899 0.765
1.2217 0.765
1.22442 0.765
1.2274 0.765
1.23033 0.765
1.23318 0.765
1.23616 0.765
1.23911 0.765
1.24198 0.765
1.24499 0.765
1.24784 0.765
1.25152 0.765
1.25437 0.765
1.25737 0.765
1.26066 0.765
1.26414 0.765
1.26778 0.765
1.27148 0.765
1.27534 0.765
1.2792 0.765
1.28321 0.765
1.28759 0.765
1.292 0.765
1.29612 0.765
1.30089 0.765
1.30569 0.765
1.31034 0.765
1.31505 0.765
1.32 0.765
1.32507 0.765
1.33025 0.765
1.33583 0.765
1.34208 0.765
1.34763 0.765
1.35412 0.765
1.36097 0.765
1.36762 0.765
1.3746 0.765
1.3819 0.765
1.3894 0.765
1.39702 0.765
1.40517 0.765
1.41413 0.765
1.42379 0.765
1.43226 0.765
1.44289 0.765
1.45411 0.765
1.46658 0.765
1.47893 0.765
1.49158 0.765
1.50477 0.765
1.51973 0.765
1.53698 0.765
1.55473 0.765
1.57286 0.765
1.59265 0.765
1.6139 0.765
1.64002 0.765
1.66992 0.765153
1.69772 0.765153
1.73546 0.765153
1.77171 0.765306
1.81339 0.765612
1.85308 0.765766
1.89706 0.766994
1.95292 0.768072
2.00886 0.769928
2.06203 0.773822
2.12847 0.778705
2.18326 0.784615
2.24901 0.791184
2.31701 0.800126
2.40167 0.807367
