nan nan
nan nan
nan nan
nan nan
nan nan
nan nan
nan nan
nan nan
nan nan
nan nan
nan nan
nan nan
nan nan
nan nan
nan nan
0.5 0.5
0.5 0.2
0.5 0.2
0.5 0.333333
0.5 0.3
0.5 0.3
0.5 0.25
0.5 0.352941
0.5 0.285714
0.5 0.32
0.5 0.37931
0.5 0.378378
0.5 0.431373
0.5 0.45
0.5 0.457143
0.5 0.449438
0.5 0.463636
0.5 0.503704
0.5 0.518519
0.500012 0.526316
0.500013 0.513514
0.500016 0.496324
0.500016 0.496933
0.500015 0.509284
0.500018 0.512644
0.500022 0.511952
0.500056 0.503484
0.500058 0.512821
0.500069 0.515831
0.50008 0.523697
0.50011 0.515991
0.500139 0.514178
0.500147 0.512468
0.500163 0.507911
0.500185 0.506146
0.500211 0.506658
0.500246 0.512
0.500295 0.509423
0.500331 0.5072
0.50039 0.504214
0.500449 0.500696
0.500494 0.502609
0.500585 0.504098
0.500635 0.50576
0.500739 0.505263
0.500828 0.502419
0.500975 0.505933
0.501097 0.501886
0.501251 0.503762
0.50141 0.505514
0.501596 0.503935
0.501794 0.505031
0.501988 0.505938
0.502239 0.507669
0.50248 0.506836
0.502807 0.506329
0.503126 0.507986
0.503408 0.512623
0.503787 0.514665
0.50411 0.515288
0.504489 0.5144
0.504886 0.512563
0.505311 0.515014
0.505721 0.515424
0.50615 0.513485
0.506641 0.512626
0.507161 0.51046
0.507684 0.51101
0.508287 0.514739
0.508862 0.51727
0.509537 0.515481
0.51022 0.516769
0.51092 0.51488
0.511632 0.516589
0.512286 0.520219
0.513041 0.521281
0.513782 0.523848
0.514514 0.526231
0.515282 0.525584
0.516067 0.526983
0.516854 0.529069
0.517678 0.52966
0.518552 0.532329
0.519421 0.53344
0.520311 0.534109
0.52117 0.536639
0.522089 0.536825
0.523026 0.539695
0.523961 0.541901
0.524894 0.544398
0.525814 0.54418
0.526705 0.543962
0.527688 0.546146
0.528614 0.547347
0.529574 0.550661
0.530527 0.553264
0.531444 0.554444
0.532491 0.553532
0.53345 0.553732
0.534436 0.553132
0.535456 0.552621
0.53642 0.5544
0.537406 0.556111
0.53845 0.554622
0.539487 0.553754
0.540489 0.555822
0.541477 0.556402
0.542515 0.556222
0.543586 0.556623
0.54463 0.559648
0.545669 0.558358
0.546723 0.559135
0.547825 0.562825
0.548862 0.56614
0.54998 0.566827
0.551008 0.566853
0.552061 0.565313
0.553134 0.565626
0.554234 0.562963
0.555327 0.565739
0.556407 0.56648
0.557529 0.566853
0.558588 0.5664
0.55967 0.569456
0.560742 0.5696
0.56185 0.572343
0.562917 0.573629
0.563963 0.5766
0.564998 0.579611
0.566104 0.578147
0.567176 0.578716
0.568241 0.5798
0.569328 0.579116
0.570409 0.579916
0.571495 0.581316
0.572577 0.5836
0.573683 0.5854
0.57474 0.585068
0.575864 0.588
0.576904 0.589318
0.578008 0.590318
0.57911 0.593437
0.580144 0.593756
0.581277 0.595357
0.582364 0.5938
0.583475 0.593838
0.584546 0.594719
0.585648 0.594
0.586755 0.593675
0.587845 0.594394
0.588947 0.595638
0.589951 0.597639
0.591114 0.59812
0.592381 0.59932
0.593543 0.59884
0.594653 0.59944
0.595803 0.60104
0.596889 0.603762
0.597916 0.604842
0.599027 0.605563
0.600203 0.605042
0.601334 0.604484
0.602435 0.605521
0.60354 0.606242
0.604601 0.606121
0.6057 0.606564
0.606788 0.606921
0.607834 0.608122
0.608947 0.607643
0.610022 0.60961
0.611154 0.6098
0.61228 0.610922
0.613375 0.609488
0.614554 0.609165
0.615601 0.610444
0.61663 0.611289
0.617766 0.612845
0.618897 0.614523
0.61999 0.6152
0.621143 0.614969
0.622285 0.615
0.62342 0.613523
0.624468 0.6152
0.625555 0.616723
0.626695 0.617123
0.627709 0.618047
0.628857 0.618724
0.630008 0.618524
0.631204 0.620324
0.63225 0.6226
0.633289 0.6252
0.634398 0.625976
0.635432 0.628126
0.636706 0.629
0.63782 0.629726
0.638901 0.633033
0.640014 0.6344
0.641113 0.635854
0.642199 0.634327
0.643313 0.6342
0.644305 0.6344
0.645393 0.634527
0.646441 0.635854
0.647508 0.635727
0.648686 0.637
0.649756 0.6382
0.650848 0.638856
0.65193 0.639456
0.653118 0.639128
0.654243 0.6408
0.655364 0.641657
0.656474 0.641928
0.657654 0.6422
0.658748 0.6438
0.659915 0.6454
0.660973 0.645258
0.662163 0.645
0.663298 0.643529
0.664436 0.6446
0.665516 0.645929
0.666539 0.645729
0.667696 0.6464
0.668757 0.646729
0.669786 0.646129
0.670906 0.645658
0.671975 0.6446
0.672975 0.6442
0.674019 0.646129
0.675165 0.646129
0.676266 0.647589
0.677386 0.647259
0.678531 0.647329
0.679705 0.64773
0.680793 0.64893
0.681836 0.64973
0.682998 0.6484
0.684079 0.64793
0.68504 0.648189
0.686185 0.6484
0.687294 0.65
0.688434 0.6512
0.689554 0.6514
0.69064 0.65193
0.691704 0.6518
0.692752 0.653931
0.693807 0.6544
0.694945 0.653
0.695982 0.6536
0.697215 0.652931
0.698332 0.6542
0.699402 0.654462
0.700568 0.655
0.701651 0.6558
0.702754 0.6556
0.703855 0.6568
0.704926 0.656131
0.706088 0.656931
0.707135 0.657795
0.708248 0.657131
0.709387 0.657331
0.710372 0.658532
0.711426 0.658864
0.712485 0.659464
0.713594 0.660932
0.71476 0.6614
0.71574 0.6616
0.71676 0.661532
0.717882 0.6622
0.718887 0.662733
0.720048 0.6638
0.720999 0.6646
0.722036 0.6646
0.723129 0.664
0.724199 0.664533
0.725356 0.663533
0.726341 0.6646
0.727338 0.6636
0.728444 0.664
0.729446 0.6636
0.730556 0.664333
0.731768 0.665133
0.732798 0.665266
0.733838 0.666933
0.734819 0.667333
0.735875 0.6682
0.736937 0.6684
0.738003 0.6686
0.739043 0.6688
0.740079 0.6706
0.741128 0.671
0.742257 0.6706
0.743362 0.6714
0.744412 0.6726
0.745479 0.6728
0.746592 0.6728
0.747617 0.6742
0.74859 0.6744
0.749709 0.6738
0.750804 0.6746
0.751827 0.6752
0.752953 0.675735
0.754042 0.6764
0.755268 0.677135
0.756379 0.6782
0.757406 0.6774
0.758489 0.678136
0.759533 0.677736
0.760725 0.6784
0.76176 0.68
0.762777 0.681
0.763908 0.6812
0.764958 0.6818
0.765953 0.6818
0.767007 0.6808
0.768051 0.6812
0.769119 0.6828
0.770101 0.6832
0.771166 0.682937
0.77229 0.6832
0.773225 0.683537
0.774373 0.683737
0.775538 0.685
0.776507 0.6852
0.777484 0.685
0.778627 0.6862
0.779662 0.6854
0.780794 0.6864
0.78185 0.6866
0.782967 0.6866
0.784045 0.6872
0.785038 0.6866
0.786075 0.6864
0.787249 0.6868
0.788371 0.6866
0.78953 0.6876
0.79067 0.686737
0.791796 0.687938
0.792908 0.688538
0.793968 0.689738
0.795106 0.6902
0.796218 0.690138
0.797339 0.691
0.798538 0.6914
0.799639 0.6918
0.80076 0.6912
0.801796 0.6922
0.802904 0.6926
0.804084 0.693
0.80509 0.693
0.806268 0.6936
0.807342 0.6944
0.808426 0.695
0.809515 0.6954
0.810586 0.696
0.811692 0.696
0.812735 0.6954
0.813788 0.695
0.814941 0.6954
0.815997 0.696
0.81716 0.6964
0.818153 0.6976
0.819418 0.6972
0.820574 0.6982
0.821629 0.6978
0.8228 0.6986
0.82399 0.6986
0.825146 0.6986
0.826181 0.69974
0.827426 0.7012
0.828531 0.7006
0.829601 0.70054
0.830772 0.7008
0.831785 0.7006
0.832881 0.7004
0.833884 0.7012
0.835071 0.7016
0.836235 0.70174
0.837527 0.7028
0.838672 0.7026
0.839889 0.7028
0.841 0.7038
0.842283 0.7052
0.843526 0.7056
0.844695 0.7062
0.845837 0.7074
0.846932 0.7086
0.848085 0.7094
0.84933 0.7098
0.85068 0.7094
0.851757 0.7106
0.852858 0.7108
0.853991 0.7106
0.855167 0.710742
0.856467 0.7114
0.857606 0.712
0.858812 0.7116
0.860033 0.7118
0.861247 0.7116
0.86246 0.7126
0.863643 0.7126
0.864717 0.713
0.865832 0.7136
0.867082 0.7134
0.86822 0.714
0.869588 0.7146
0.870895 0.715
0.872143 0.7148
0.87346 0.7152
0.874747 0.7154
0.876043 0.716
0.877348 0.716
0.878666 0.7158
0.880102 0.716
0.88151 0.7164
0.882872 0.7164
0.884049 0.7156
0.885424 0.7154
0.886719 0.7152
0.887937 0.7152
0.889195 0.7148
0.890676 0.7152
0.892012 0.716
0.89338 0.7154
0.894729 0.7158
0.896191 0.716
0.89764 0.717
0.899047 0.7172
0.900205 0.7174
0.901563 0.7174
0.902779 0.7178
0.90416 0.7182
0.905419 0.7184
0.906888 0.7188
0.908323 0.718544
0.909789 0.7192
0.911398 0.7204
0.912749 0.7206
0.914124 0.7202
0.915445 0.7208
0.916831 0.721
0.918203 0.7216
0.919607 0.7224
0.920995 0.7224
0.92243 0.7226
0.923875 0.7234
0.92528 0.7238
0.92663 0.7238
0.928048 0.724
0.929545 0.7246
0.931285 0.725
0.932845 0.7248
0.934381 0.7254
0.935835 0.7254
0.937638 0.726
0.939362 0.7272
0.941111 0.7272
0.942517 0.7274
0.943939 0.7272
0.945731 0.7276
0.947472 0.728
0.948928 0.727946
0.950844 0.728546
0.95287 0.728946
0.954393 0.728946
0.956044 0.728946
0.957656 0.729346
0.959355 0.729546
0.961137 0.730346
0.962781 0.731092
0.964439 0.731493
0.966378 0.731893
0.968019 0.731893
0.969658 0.732239
0.971352 0.732439
0.9731 0.73264
0.974687 0.73304
0.976357 0.733187
0.978188 0.733187
0.980182 0.733587
0.981987 0.733787
0.983994 0.733787
0.985768 0.733987
0.987756 0.734388
0.989437 0.734334
0.991208 0.734776
0.993199 0.734923
0.994909 0.735217
0.996543 0.735017
0.997991 0.735512
0.999826 0.736209
1.00158 0.736356
1.00358 0.736853
1.00592 0.737603
1.00775 0.738502
1.00961 0.738947
1.01178 0.739445
1.01337 0.73969
1.01489 0.739988
1.01712 0.740689
1.01908 0.741591
1.02083 0.742241
1.02213 0.742385
1.02451 0.743088
1.02604 0.743284
1.02766 0.743331
1.02974 0.743429
1.03173 0.744285
1.03382 0.744789
1.03566 0.745038
1.03753 0.74544
1.03881 0.745842
1.04105 0.746954
1.04271 0.747814
1.04467 0.747966
1.04659 0.748118
1.04866 0.748778
1.0509 0.749388
1.05277 0.749592
1.05514 0.750051
1.05778 0.750204
1.05972 0.750869
1.06158 0.751331
1.06347 0.751897
1.06477 0.752465
1.06638 0.752881
1.06818 0.75345
1.07069 0.754071
1.07205 0.754129
1.07425 0.754701
1.07611 0.755068
1.07843 0.755174
1.0808 0.755749
1.08296 0.75591
1.08495 0.756487
1.08773 0.756594
1.09038 0.756442
1.09251 0.756976
1.09548 0.757241
1.09834 0.75798
1.10121 0.758145
1.10291 0.758787
1.10503 0.759061
1.10727 0.758968
1.10896 0.759773
1.11252 0.759983
1.11503 0.76
1.11822 0.76043
1.12028 0.76087
1.12297 0.760718
1.12545 0.761159
1.12793 0.761279
1.13084 0.761561
1.13352 0.761359
1.13663 0.761955
1.13968 0.762279
1.1422 0.762625
1.14399 0.763625
1.1459 0.763823
1.14955 0.764327
1.15311 0.764554
1.15624 0.764567
1.16005 0.764794
1.16392 0.765073
1.1678 0.765201
1.17132 0.765709
1.17404 0.766436
1.17775 0.766631
1.18097 0.766761
1.1849 0.767376
1.18874 0.767842
1.19289 0.76841
1.19727 0.768593
1.20044 0.768423
1.20458 0.768944
1.20871 0.769146
1.21336 0.769602
1.21767 0.770246
1.22227 0.770893
1.2262 0.771782
1.23117 0.772163
1.23561 0.772394
1.24047 0.773547
1.2446 0.7749
1.25005 0.775117
1.25554 0.775112
1.26076 0.776479
1.26704 0.777076
1.2729 0.777979
1.27873 0.777702
1.28397 0.779395
1.28866 0.780772
1.29528 0.782669
1.30299 0.783628
1.30779 0.785566
1.31431 0.786859
1.32084 0.787844
1.32712 0.788821
1.33406 0.792364
1.34054 0.793978
1.34845 0.795855
1.35553 0.798511
1.36348 0.800579
1.37092 0.803111
1.37791 0.805923
1.38526 0.808784
1.39274 0.812157
1.40146 0.816352
1.41022 0.820173
1.41821 0.824363
1.42548 0.828512
1.4337 0.835226
1.44197 0.843011
1.45129 0.8487
1.45834 0.85357
1.47041 0.859003
1.48036 0.864319
1.48985 0.870672
1.49729 0.876521
1.50847 0.885348
1.51911 0.892189
1.52973 0.897265
1.53664 0.902676
1.54633 0.906589
1.55397 0.911709
1.56112 0.918026
1.57313 0.922659
1.58129 0.928067
1.58851 0.933865
1.59675 0.936937
1.60139 0.938853
1.61017 0.939447
1.61704 0.941026
1.62288 0.943932
1.62741 0.949881
1.63245 0.953942
