0.502267 0.516841
0.502312 0.524971
0.502353 0.522701
0.502365 0.522042
0.502383 0.524306
0.502417 0.522989
0.502438 0.52069
0.502479 0.51954
0.502511 0.52124
0.502522 0.525114
0.502539 0.522286
0.502571 0.519495
0.502581 0.518307
0.502606 0.519451
0.50265 0.523429
0.502681 0.524083
0.502728 0.526316
0.502745 0.521739
0.502769 0.522936
0.502785 0.524571
0.502805 0.525656
0.502844 0.523864
0.502868 0.522134
0.502898 0.525481
0.502913 0.528409
0.502946 0.524887
0.502966 0.526554
0.502998 0.525481
0.503027 0.522624
0.503039 0.528281
0.503073 0.530474
0.503085 0.533109
0.503109 0.533708
0.503151 0.536558
0.503149 0.534231
0.503173 0.532058
0.503199 0.529675
0.503202 0.530201
0.503211 0.529675
0.503232 0.530134
0.503278 0.529609
0.5033 0.526846
0.50332 0.530269
0.503356 0.532438
0.503382 0.529809
0.503423 0.529742
0.50346 0.530795
0.503469 0.531844
0.503484 0.535039
0.503511 0.534002
0.503545 0.537862
0.503548 0.540179
0.503578 0.538547
0.503612 0.539488
0.503607 0.542825
0.503633 0.542035
0.503679 0.53532
0.503707 0.53224
0.503716 0.528384
0.503738 0.530568
0.503779 0.532311
0.503825 0.530635
0.503857 0.531729
0.50389 0.530568
0.503896 0.530501
0.503934 0.530501
0.503982 0.53217
0.503999 0.53159
0.504018 0.533333
0.504056 0.533333
0.504082 0.530501
0.504095 0.531148
0.504119 0.531284
0.504136 0.531729
0.504162 0.53159
0.504194 0.534426
0.504191 0.539891
0.504238 0.539387
0.504309 0.53787
0.504369 0.537705
0.504382 0.535519
0.504394 0.534351
0.504378 0.533769
0.504392 0.533843
0.504427 0.53217
0.504459 0.53159
0.504494 0.530435
0.504557 0.530435
0.504585 0.529989
0.504597 0.527352
0.504666 0.527293
0.504665 0.523913
0.504712 0.523395
0.504785 0.525627
0.504833 0.528322
0.50485 0.530568
0.504911 0.530501
0.504969 0.529412
0.504998 0.527808
0.505023 0.526201
0.505042 0.52407
0.505041 0.522926
0.505173 0.519651
0.505194 0.519126
0.505253 0.519608
0.505281 0.520697
0.505315 0.518519
0.505335 0.519565
0.505403 0.519608
0.505417 0.523395
0.505441 0.521786
0.505477 0.519651
0.505528 0.522356
0.505528 0.524017
0.505615 0.526776
0.505645 0.53012
0.505733 0.52954
0.505771 0.530702
0.505779 0.529025
0.505844 0.525739
0.5059 0.527352
0.505941 0.525164
0.505986 0.520263
0.50603 0.525219
0.506037 0.525164
0.506089 0.525627
0.506132 0.526659
0.506171 0.527174
0.506227 0.529859
0.506263 0.531453
0.506326 0.529158
0.506325 0.528587
0.506381 0.527508
0.506441 0.530108
0.506462 0.528403
0.506478 0.528908
0.506555 0.531116
0.506631 0.537968
0.506648 0.542246
0.506708 0.542337
0.50677 0.543408
0.506802 0.542246
0.506833 0.542337
0.506854 0.541176
0.5069 0.539037
0.506927 0.540193
0.506991 0.5397
0.507025 0.541089
0.507068 0.539446
0.507111 0.537313
0.507118 0.537887
0.507255 0.538954
0.507329 0.538871
0.507539 0.535181
0.507598 0.535332
0.507655 0.53369
0.507666 0.531983
0.507705 0.535181
0.50776 0.536247
0.507835 0.537806
0.507924 0.535676
0.507931 0.537234
0.507962 0.537806
0.507993 0.539278
0.508055 0.538706
0.508105 0.540914
0.508155 0.544776
0.50824 0.542066
0.508349 0.542553
0.508402 0.547391
0.508445 0.551651
0.508549 0.547872
0.50861 0.548353
0.508678 0.548148
0.508715 0.54661
0.508788 0.543432
0.508835 0.542644
0.508878 0.542156
0.508968 0.543803
0.508995 0.543316
0.509014 0.540193
0.509132 0.539121
0.509173 0.540279
0.509246 0.539785
0.509274 0.538131
0.509359 0.536977
0.50941 0.538544
0.509484 0.537887
0.509614 0.541756
0.509681 0.543803
0.50969 0.543223
0.509797 0.544102
0.50983 0.539683
0.509913 0.541314
0.509977 0.54034
0.510127 0.540254
0.510269 0.541401
0.510361 0.544102
0.510373 0.546227
0.510468 0.549521
0.510524 0.549416
0.510578 0.549311
0.510606 0.549894
0.510683 0.548832
0.51071 0.549894
0.510774 0.54825
0.510878 0.544102
0.511027 0.541001
0.511143 0.538789
0.511169 0.540914
0.511331 0.539851
0.511483 0.541089
0.511624 0.540512
0.511662 0.542553
0.511688 0.538217
0.511727 0.539767
0.511719 0.539195
0.511829 0.541401
0.511913 0.540827
0.511946 0.542948
0.51201 0.540827
0.512111 0.538624
0.512177 0.53545
0.512281 0.536431
0.512307 0.536431
0.512336 0.536998
0.512394 0.536431
0.512397 0.537566
0.512471 0.539195
0.512577 0.538706
0.512599 0.537076
0.512675 0.539112
0.512764 0.541799
0.51283 0.541799
0.512999 0.544974
0.513094 0.544008
0.513133 0.543432
0.513168 0.541888
0.513316 0.544586
0.513338 0.545551
0.513354 0.546032
0.51346 0.545455
0.513491 0.54825
0.513514 0.547569
0.513647 0.549578
0.513777 0.552743
0.513858 0.552743
0.514022 0.550526
0.514065 0.549947
0.514142 0.54937
0.514177 0.547844
0.514207 0.544596
0.51436 0.546793
0.514555 0.548421
0.514578 0.547368
0.514606 0.548523
0.514687 0.549578
0.51484 0.551106
0.514956 0.547945
0.515103 0.548421
0.515322 0.545741
0.515414 0.546316
0.515455 0.546695
0.515536 0.54717
0.5156 0.545073
0.515662 0.548691
0.515735 0.550892
0.515981 0.547269
0.516057 0.546218
0.51617 0.543547
0.516289 0.544503
0.516534 0.548117
0.516616 0.549163
0.516748 0.548117
0.516903 0.552192
0.516987 0.551616
0.517203 0.551148
0.517292 0.549061
0.517495 0.551616
0.517719 0.550785
0.517782 0.553236
0.51783 0.553236
0.517824 0.554167
0.517993 0.554167
0.518076 0.555208
0.518167 0.557173
0.518231 0.557173
0.518369 0.557752
0.518413 0.559958
0.518452 0.560084
0.518519 0.558455
0.518675 0.560543
0.518809 0.561458
0.519022 0.561587
0.519182 0.56263
0.519368 0.560543
0.519453 0.556367
0.519605 0.559623
0.519719 0.558455
0.519903 0.563218
0.520043 0.566353
0.520231 0.565308
0.520458 0.566038
0.520525 0.569634
0.520805 0.567681
0.521015 0.566632
0.521224 0.568134
0.521386 0.56873
0.521432 0.568277
0.521657 0.570526
0.521707 0.570675
0.521891 0.570222
0.522001 0.567966
0.522164 0.56572
0.522352 0.565263
0.522537 0.568875
0.522651 0.571429
0.522726 0.567681
0.522856 0.567539
0.523 0.565308
0.523061 0.564263
0.523228 0.561129
0.523311 0.560543
0.523374 0.559499
0.523547 0.560874
0.523769 0.558671
0.523854 0.558091
0.524004 0.559834
0.524164 0.559375
0.524433 0.560291
0.524588 0.559709
0.524705 0.561786
0.524807 0.562694
0.524969 0.562694
0.525157 0.561203
0.525335 0.563863
0.525688 0.568158
0.525806 0.569792
0.526035 0.568017
0.526392 0.567427
0.526487 0.566253
0.526824 0.561531
0.526867 0.561077
0.526923 0.561658
0.527132 0.562694
0.527494 0.559585
0.527607 0.559252
0.527734 0.558333
0.528073 0.558212
0.52815 0.559252
0.528383 0.558212
0.528661 0.556712
0.528731 0.555208
0.528764 0.555324
0.529024 0.555904
0.529154 0.554859
0.529312 0.559039
0.529482 0.557411
0.529784 0.557411
0.529849 0.556949
0.529892 0.557994
0.530017 0.554745
0.530165 0.557411
0.530306 0.55625
0.53046 0.555671
0.53074 0.559834
0.530726 0.557752
0.531099 0.558333
0.531217 0.558793
0.531401 0.560874
0.531525 0.561458
0.532076 0.56237
0.532358 0.561786
0.532652 0.560622
0.532983 0.564182
0.53323 0.566701
0.533268 0.569358
0.533434 0.569502
0.533486 0.570093
0.533766 0.568017
0.534048 0.564449
0.534356 0.567118
0.534569 0.567258
0.534889 0.570386
0.535062 0.568894
0.535419 0.56785
0.535797 0.566077
0.536132 0.567118
0.536176 0.566667
0.536315 0.567118
0.536543 0.565036
0.53672 0.564449
0.536984 0.564583
0.537321 0.566215
0.537886 0.566215
0.538072 0.562955
0.538084 0.563731
0.538128 0.564182
0.538264 0.567735
0.538492 0.566839
0.538843 0.564901
0.539103 0.565036
0.539643 0.566077
0.539693 0.563542
0.54009 0.560291
0.540448 0.557752
0.540724 0.559958
0.540861 0.557292
0.540972 0.555208
0.541073 0.557292
0.541397 0.561458
0.541504 0.559834
0.542005 0.559834
0.542225 0.559375
0.542701 0.560874
0.542865 0.563542
0.543158 0.566667
0.543282 0.567992
0.543393 0.570681
0.543575 0.567823
0.543971 0.56572
0.544437 0.567227
0.544642 0.568277
0.544781 0.568134
0.544867 0.566492
0.54519 0.567539
0.5457 0.563542
0.545976 0.566667
0.546197 0.568158
0.54636 0.568607
0.54664 0.568607
0.547112 0.56594
0.54772 0.568465
0.547639 0.569055
0.548037 0.572614
0.548323 0.574247
0.548555 0.576923
0.549089 0.578401
0.549347 0.579275
0.549525 0.578401
0.549856 0.577362
0.55019 0.578401
0.550382 0.577202
0.550767 0.57971
0.551079 0.582383
0.551382 0.583851
0.551911 0.58342
0.552306 0.58195
0.552587 0.578838
0.552763 0.583851
0.552951 0.585062
0.553159 0.584456
0.553406 0.588601
0.553682 0.586708
0.553769 0.587318
0.554061 0.58897
0.554554 0.59001
0.554724 0.588785
0.554851 0.590249
0.55492 0.590674
0.555546 0.596891
0.555728 0.598548
0.555897 0.599585
0.556119 0.599792
0.556302 0.599792
0.556548 0.600208
0.556816 0.598131
0.55712 0.600414
0.55738 0.599379
0.557658 0.597107
0.558106 0.597107
0.558175 0.59814
0.558325 0.597107
0.558721 0.598759
0.559365 0.6
0.559835 0.601442
0.560233 0.602683
0.560547 0.601442
0.560707 0.599382
0.561243 0.598555
0.561776 0.594845
0.561892 0.595876
0.562077 0.595679
0.562216 0.595067
0.562374 0.596509
0.562861 0.597737
0.562977 0.597737
0.563212 0.601233
0.563446 0.603696
0.563904 0.603696
0.564328 0.603696
0.564758 0.603696
0.565029 0.602261
0.565462 0.603696
0.565802 0.604723
0.566332 0.602669
0.566631 0.604317
0.566977 0.604938
0.567329 0.605561
0.567827 0.602472
0.567969 0.602472
0.568427 0.600412
0.568603 0.597938
0.568695 0.599174
0.569092 0.600619
0.569522 0.596074
0.569889 0.596491
0.570284 0.597107
0.570505 0.597523
0.571462 0.593814
0.571928 0.592363
0.572091 0.591331
0.572684 0.592784
0.572923 0.594233
0.573438 0.592173
0.573552 0.593621
0.574034 0.596509
0.57415 0.592821
0.574178 0.591984
0.574448 0.591984
0.574552 0.591795
0.574998 0.592402
0.575365 0.590349
0.575571 0.590956
0.575882 0.593011
0.576469 0.594845
0.576538 0.596491
0.576739 0.596292
0.576871 0.594039
0.577587 0.589928
0.578057 0.589928
0.578203 0.589506
0.578514 0.591753
0.578852 0.589506
0.579726 0.587873
0.580124 0.5889
0.580587 0.593621
0.580962 0.593429
0.581451 0.595701
0.581661 0.594678
0.582017 0.594484
0.58235 0.593463
0.582668 0.593463
0.58317 0.592441
0.583443 0.592857
0.583558 0.591837
0.584403 0.593878
0.584841 0.59857
0.58557 0.595918
0.586164 0.59857
0.586596 0.593878
0.587311 0.594292
0.587381 0.594484
0.587991 0.595506
0.588776 0.595918
0.589082 0.59142
0.589327 0.590398
0.589804 0.591837
0.590007 0.59142
0.590464 0.591837
0.591201 0.589796
0.591276 0.59142
0.591951 0.592025
0.592312 0.592213
0.592418 0.592821
0.592736 0.593621
0.592981 0.591984
0.593271 0.593011
0.593719 0.593011
0.594101 0.591984
0.594669 0.58956
0.595012 0.58956
0.595542 0.588536
0.596161 0.589139
0.596843 0.58956
0.59714 0.589796
0.597764 0.590214
0.59833 0.592253
0.599008 0.591233
0.599376 0.590631
0.599687 0.587576
0.60003 0.590631
0.600202 0.591837
0.600789 0.594484
0.601927 0.59407
0.602276 0.595701
0.602666 0.59407
0.603126 0.592025
0.603433 0.591189
0.603658 0.590583
0.603936 0.592631
0.604376 0.592025
0.605106 0.593047
0.605695 0.59407
0.606198 0.591607
0.607 0.592441
0.60759 0.594898
0.608772 0.596115
0.609191 0.597137
0.609715 0.597748
0.610294 0.595506
0.610564 0.596527
0.611082 0.595092
0.61173 0.591607
0.611833 0.591607
0.612378 0.58998
0.612532 0.58998
0.612758 0.590583
0.613132 0.592631
0.613323 0.591189
0.613727 0.592631
0.614093 0.594262
0.614809 0.595701
0.615249 0.594262
0.615941 0.592441
0.616381 0.593654
0.617156 0.597748
0.617796 0.597748
0.61823 0.600819
0.618814 0.601842
0.61976 0.604508
0.620474 0.602866
0.620724 0.603272
0.621167 0.606742
0.621486 0.604888
0.62167 0.607143
0.622616 0.608784
0.623397 0.609407
0.624095 0.610429
0.625024 0.610031
0.625755 0.610031
0.626277 0.610031
0.626828 0.609407
0.627362 0.609407
0.62752 0.610429
0.628023 0.612474
0.629148 0.611849
0.629869 0.61264
0.630317 0.61609
0.630623 0.61609
0.630739 0.617108
0.631423 0.617108
0.632692 0.620163
0.633215 0.617108
0.63368 0.61648
0.634271 0.617108
0.634813 0.617108
0.635373 0.618126
0.635892 0.617347
0.635904 0.61609
0.636049 0.615463
0.636558 0.61648
0.636737 0.615854
0.637314 0.619289
0.6379 0.618274
0.638623 0.617647
0.639569 0.619048
0.640062 0.619048
0.640402 0.62069
0.640975 0.62069
0.64148 0.619048
0.641776 0.621704
0.642111 0.621704
0.642501 0.622718
0.642676 0.622087
0.642699 0.620829
0.642662 0.621457
0.643369 0.619192
0.644394 0.620829
0.644897 0.62184
0.645765 0.624113
0.645973 0.622718
0.647352 0.62069
0.647541 0.62069
0.647827 0.621704
0.648485 0.622087
0.649607 0.621074
0.650416 0.622087
0.650899 0.625127
0.65135 0.623862
0.65237 0.619818
0.653113 0.618807
0.653557 0.616162
0.654326 0.614762
0.654797 0.612121
0.655203 0.613131
0.655979 0.611729
0.657514 0.612348
0.657906 0.615385
0.659267 0.620061
0.659676 0.620061
0.659784 0.618421
0.660396 0.618034
0.660734 0.617021
0.661378 0.61687
0.661507 0.61648
0.661795 0.615854
0.6624 0.61648
0.663071 0.617497
0.664066 0.618756
0.66454 0.618126
