0.502593 0.501166
0.502619 0.500581
0.502618 0.50116
0.502629 0.504037
0.502646 0.502315
0.502663 0.503464
0.502696 0.506344
0.502749 0.508065
0.502773 0.510907
0.502818 0.513234
0.502818 0.514286
0.502864 0.514773
0.50288 0.515909
0.502912 0.515358
0.502941 0.5125
0.502957 0.513113
0.502976 0.517045
0.50303 0.519954
0.503062 0.52164
0.50308 0.522831
0.503093 0.522936
0.503129 0.523536
0.503132 0.525773
0.50313 0.526857
0.503144 0.527873
0.503162 0.527809
0.503185 0.527273
0.503192 0.529613
0.503253 0.533637
0.503324 0.533637
0.503384 0.537228
0.503419 0.536
0.503444 0.534169
0.503449 0.534247
0.503466 0.526316
0.503492 0.528539
0.503468 0.528474
0.503541 0.527809
0.503563 0.526136
0.503574 0.528879
0.503585 0.531674
0.503629 0.531003
0.503667 0.528749
0.50371 0.529213
0.503724 0.532511
0.503758 0.529609
0.503776 0.528953
0.503834 0.528953
0.503851 0.527902
0.503857 0.530134
0.503953 0.532887
0.504009 0.536071
0.50406 0.536071
0.504092 0.537347
0.504125 0.540268
0.504179 0.542601
0.504227 0.538288
0.504261 0.540632
0.504257 0.537079
0.504265 0.535196
0.5043 0.536394
0.504318 0.538721
0.504334 0.54321
0.504402 0.546369
0.504444 0.544543
0.504487 0.546771
0.504523 0.548998
0.504551 0.54738
0.504553 0.546265
0.504623 0.547778
0.504643 0.54828
0.504687 0.54939
0.50469 0.546563
0.504682 0.545856
0.504695 0.548565
0.50473 0.549063
0.504758 0.548066
0.504792 0.545856
0.504833 0.542541
0.50489 0.537181
0.504918 0.538376
0.504978 0.533927
0.50501 0.532814
0.505054 0.532294
0.505108 0.535117
0.50512 0.532887
0.505146 0.53118
0.505171 0.529933
0.505153 0.528115
0.5052 0.531422
0.505256 0.532669
0.505291 0.529801
0.505356 0.533113
0.50541 0.535832
0.505454 0.535754
0.505474 0.53532
0.505505 0.535912
0.505559 0.535912
0.505576 0.533702
0.505584 0.529933
0.505614 0.528302
0.505657 0.528239
0.505707 0.529282
0.505739 0.528177
0.505793 0.529801
0.505861 0.525967
0.505838 0.528761
0.505887 0.53032
0.505877 0.531353
0.505937 0.533113
0.505997 0.529801
0.505992 0.531422
0.506068 0.530253
0.506104 0.528571
0.506132 0.528634
0.506176 0.53473
0.506218 0.535832
0.506241 0.535242
0.506285 0.542354
0.506329 0.542261
0.506393 0.544262
0.506479 0.550109
0.506543 0.551799
0.506594 0.553261
0.506621 0.54902
0.506659 0.545752
0.50672 0.546943
0.506829 0.544469
0.506834 0.544469
0.506944 0.543879
0.506983 0.543784
0.507047 0.545455
0.507057 0.541712
0.507091 0.541304
0.507122 0.542982
0.507152 0.540805
0.507176 0.541394
0.507275 0.541304
0.507331 0.542484
0.507373 0.542299
0.507408 0.540541
0.507419 0.537879
0.507463 0.538961
0.507512 0.537879
0.507585 0.537961
0.507587 0.538545
0.507642 0.54013
0.507642 0.539545
0.507729 0.540541
0.507764 0.540628
0.507876 0.537961
0.507894 0.536374
0.507918 0.535211
0.508001 0.533116
0.508102 0.532468
0.508131 0.530238
0.508188 0.52973
0.508258 0.529666
0.50827 0.530678
0.50839 0.531183
0.508483 0.53276
0.508545 0.532189
0.50861 0.535484
0.508657 0.531686
0.508709 0.531618
0.50874 0.532189
0.508819 0.530547
0.508832 0.531618
0.508845 0.531686
0.50891 0.532258
0.509059 0.530172
0.509085 0.531823
0.509137 0.532397
0.509168 0.530238
0.509253 0.528139
0.509458 0.529158
0.509495 0.529602
0.509544 0.528525
0.509573 0.52739
0.509624 0.528464
0.509684 0.527957
0.509744 0.531686
0.5099 0.531116
0.50992 0.53276
0.509957 0.533333
0.510003 0.531686
0.510011 0.532189
0.51017 0.53369
0.510213 0.533049
0.510302 0.531416
0.510365 0.534611
0.510489 0.531983
0.510584 0.53312
0.510679 0.530917
0.510715 0.529915
0.510806 0.529412
0.510886 0.527331
0.511009 0.527331
0.511009 0.528342
0.511045 0.529412
0.511082 0.530481
0.511135 0.533762
0.511251 0.531618
0.511278 0.534335
0.511471 0.532189
0.511496 0.532189
0.511529 0.530612
0.511614 0.531618
0.511675 0.531049
0.511741 0.532551
0.511821 0.529851
0.511868 0.530351
0.512 0.53135
0.512153 0.535106
0.51219 0.539851
0.512223 0.54034
0.512399 0.541888
0.51245 0.542948
0.512734 0.541314
0.512736 0.540914
0.512828 0.541401
0.512864 0.539851
0.51296 0.543524
0.513082 0.539362
0.513145 0.541401
0.513263 0.541489
0.513285 0.545165
0.513365 0.547669
0.513368 0.546129
0.513399 0.544492
0.513435 0.544492
0.513467 0.544008
0.513501 0.543432
0.513579 0.543432
0.513574 0.542948
0.513707 0.538055
0.513753 0.539112
0.513784 0.540084
0.513826 0.53903
0.51392 0.538462
0.514169 0.53692
0.514255 0.538624
0.514336 0.541226
0.514618 0.537487
0.514662 0.535375
0.514854 0.537408
0.515005 0.537895
0.515006 0.540655
0.515141 0.542767
0.515214 0.543823
0.515374 0.542857
0.515453 0.543915
0.515533 0.545069
0.515746 0.543823
0.515892 0.54699
0.515999 0.549102
0.516226 0.54373
0.516369 0.545263
0.516424 0.547468
0.516586 0.549578
0.51666 0.549102
0.516895 0.550265
0.516979 0.55074
0.517097 0.551323
0.517109 0.552128
0.517264 0.553666
0.517296 0.553191
0.517423 0.553305
0.517471 0.549626
0.517478 0.551651
0.517626 0.548936
0.517742 0.549311
0.517869 0.547771
0.517988 0.550586
0.518119 0.553191
0.518169 0.553781
0.518305 0.551651
0.518459 0.552604
0.518515 0.550955
0.518555 0.554497
0.518711 0.554497
0.518696 0.556734
0.518817 0.558855
0.518904 0.56051
0.519051 0.554968
0.519166 0.553911
0.519204 0.553797
0.519272 0.552381
0.519459 0.551907
0.519542 0.55074
0.519588 0.55074
0.519724 0.549578
0.519817 0.548046
0.519939 0.548523
0.520096 0.55074
0.520137 0.549206
0.52018 0.549474
0.520238 0.551106
0.520247 0.549947
0.520372 0.550999
0.520442 0.55042
0.520571 0.546793
0.520688 0.545741
0.520917 0.546793
0.52099 0.546316
0.521083 0.546316
0.521401 0.540966
0.521501 0.540966
0.521751 0.538866
0.521867 0.539916
0.522076 0.542017
0.522132 0.545645
0.522251 0.548218
0.522527 0.546122
0.522669 0.548218
0.523014 0.546695
0.523191 0.548218
0.523279 0.548793
0.523685 0.549266
0.523755 0.550314
0.523879 0.553347
0.523858 0.552192
0.523978 0.557411
0.524155 0.556367
0.524337 0.556367
0.524451 0.552769
0.524969 0.551941
0.525174 0.55042
0.525318 0.55042
0.52547 0.547744
0.525521 0.543455
0.525648 0.542977
0.525757 0.542408
0.525658 0.540399
0.525922 0.542017
0.526149 0.542977
0.526483 0.547744
0.526562 0.546218
0.526751 0.547844
0.526877 0.545263
0.526847 0.545263
0.526982 0.544118
0.527232 0.546218
0.527341 0.546218
0.52746 0.545741
0.52768 0.544118
0.527843 0.544596
0.527949 0.546793
0.528069 0.545741
0.528195 0.542017
0.528353 0.541139
0.528706 0.54334
0.528894 0.544397
0.529509 0.544974
0.529767 0.541139
0.529865 0.538462
0.530196 0.539195
0.530285 0.535525
0.530507 0.542463
0.530604 0.542373
0.530736 0.541226
0.530943 0.541226
0.531108 0.540084
0.531175 0.541226
0.53143 0.54373
0.531655 0.545838
0.532 0.547269
0.532049 0.546793
0.532303 0.546793
0.532396 0.546316
0.532662 0.542587
0.533266 0.541929
0.533352 0.542977
0.533516 0.543455
0.533509 0.544503
0.533771 0.548218
0.534117 0.546122
0.534428 0.546597
0.534959 0.549843
0.535215 0.54937
0.53535 0.548691
0.535489 0.549634
0.535694 0.550104
0.535765 0.549634
0.535958 0.549634
0.536152 0.552192
0.536477 0.552192
0.536514 0.553236
0.536761 0.554393
0.536995 0.552769
0.537383 0.551724
0.537803 0.554393
0.537903 0.552769
0.538255 0.553814
0.538474 0.557994
0.538866 0.558455
0.53896 0.559499
0.539473 0.558793
0.539625 0.559834
0.539755 0.558333
0.540005 0.557292
0.540381 0.561458
0.540819 0.5659
0.540984 0.568586
0.541208 0.566215
0.541403 0.56785
0.541648 0.572623
0.541662 0.571429
0.542028 0.569199
0.542406 0.569792
0.542564 0.568158
0.542711 0.567118
0.542942 0.568465
0.54331 0.570393
0.543549 0.570838
0.543736 0.572464
0.544052 0.570393
0.544242 0.569055
0.544459 0.569647
0.544471 0.567427
0.544638 0.567427
0.544763 0.564901
0.544981 0.563863
0.545262 0.566978
0.545669 0.563863
0.545828 0.566528
0.546195 0.569502
0.546432 0.569948
0.546814 0.572906
0.546956 0.573499
0.547038 0.574534
0.547575 0.570838
0.548053 0.567288
0.548435 0.571872
0.548519 0.571872
0.549026 0.567876
0.549179 0.568912
0.549348 0.566839
0.549623 0.564767
0.550104 0.563147
0.550492 0.564182
0.550798 0.568465
0.550858 0.570539
0.550867 0.568017
0.551377 0.570093
0.551644 0.571577
0.552317 0.57513
0.552516 0.572464
0.553285 0.571281
0.553511 0.575413
0.553896 0.578512
0.554143 0.578947
0.55424 0.578947
0.554552 0.578947
0.554621 0.578512
0.554961 0.578077
0.555518 0.572906
0.555679 0.573347
0.556029 0.573347
0.556213 0.569358
0.556426 0.572464
0.556723 0.57394
0.557301 0.57438
0.557712 0.57438
0.557867 0.573787
0.558077 0.575851
0.558181 0.579381
0.558589 0.584362
0.559224 0.584362
0.559495 0.583934
0.559674 0.582904
0.559818 0.583934
0.560488 0.581874
0.561053 0.579381
0.561467 0.581612
0.561912 0.582645
0.562195 0.584711
0.562439 0.585139
0.562706 0.585994
0.562925 0.584789
0.563167 0.586242
0.563581 0.58709
0.563645 0.588957
0.564058 0.589139
0.564474 0.586066
0.56449 0.586667
0.564654 0.586066
0.56508 0.588115
0.565746 0.590956
0.566439 0.591795
0.566608 0.592821
0.567239 0.596923
0.568078 0.594678
0.568401 0.597336
0.568606 0.60041
0.568628 0.602051
0.56899 0.601026
0.569487 0.601434
0.569777 0.601434
0.57011 0.600819
0.570554 0.601842
0.570805 0.59816
0.570849 0.596115
0.5712 0.597137
0.57206 0.597137
0.57228 0.59857
0.572754 0.59816
0.573108 0.598772
0.573232 0.59816
0.573471 0.594898
0.573688 0.594898
0.573735 0.594898
0.573938 0.591837
0.574252 0.592857
0.574801 0.594484
0.574999 0.59407
0.575435 0.594484
0.575915 0.593463
0.576172 0.593878
0.576433 0.594898
0.576822 0.595506
0.577174 0.593878
0.577354 0.594898
0.578005 0.59735
0.578579 0.59735
0.57884 0.598369
0.579268 0.599186
0.579873 0.602446
0.580109 0.600815
0.580809 0.598778
0.581455 0.598169
0.581897 0.599388
0.5822 0.596527
0.582327 0.6
0.583129 0.604294
0.583355 0.603272
0.58385 0.603677
0.584194 0.606742
0.584755 0.604294
0.585009 0.604294
0.585283 0.602249
0.585625 0.603272
0.585654 0.604699
0.586171 0.604699
0.586697 0.606742
0.587095 0.607763
0.587302 0.608784
0.58747 0.608163
0.587724 0.604699
0.588306 0.602866
0.588713 0.602051
0.588927 0.599178
0.589438 0.598352
0.589783 0.597737
0.59012 0.598765
0.590915 0.601852
0.591334 0.602261
0.592214 0.607803
0.592515 0.608428
0.593127 0.605967
0.59417 0.609278
0.594776 0.607621
0.595051 0.606776
0.595682 0.605128
0.596468 0.604294
0.597028 0.602249
0.597311 0.602249
0.59818 0.602656
0.598726 0.601227
0.59913 0.600613
0.599686 0.59898
0.600019 0.59898
0.600198 0.597959
0.600951 0.598369
0.601909 0.60102
0.602272 0.602656
0.60283 0.60572
0.603466 0.60572
0.603898 0.606742
0.6043 0.607362
0.604566 0.605317
0.604959 0.605937
0.605 0.604508
0.605375 0.601026
0.605808 0.601643
0.606268 0.6
0.606747 0.600819
0.607255 0.599795
0.607578 0.599795
0.608324 0.600819
0.608355 0.603272
0.608655 0.603677
0.608931 0.604699
0.609346 0.604294
0.610278 0.603061
0.6106 0.602656
0.611115 0.603272
0.611761 0.599591
0.612727 0.599795
0.613393 0.599591
0.614202 0.601634
0.614808 0.600204
0.615265 0.601842
0.615714 0.600819
0.616249 0.601842
0.616693 0.602459
0.616865 0.606557
0.616842 0.606776
0.617802 0.606776
0.618351 0.608205
0.618622 0.609231
0.619677 0.609231
0.619919 0.610256
0.620329 0.609231
0.620455 0.608607
0.621278 0.610256
0.621806 0.612308
0.621886 0.612705
0.622292 0.613101
0.622745 0.614125
0.623029 0.614125
0.623953 0.615779
0.624402 0.617828
0.625071 0.615542
0.625698 0.615935
0.626139 0.617978
0.626676 0.621429
0.627362 0.623469
0.62739 0.623722
0.628546 0.625767
0.62937 0.625128
0.629552 0.62449
0.630064 0.623469
0.63051 0.620408
0.630918 0.618999
0.630942 0.618999
0.631586 0.617978
0.632439 0.616564
0.632834 0.617347
0.633614 0.618367
0.634028 0.619145
0.634264 0.621814
0.635128 0.621814
0.635507 0.620795
0.636445 0.618367
0.636771 0.615463
0.637754 0.61648
0.638638 0.61687
0.639029 0.615854
0.639861 0.613821
0.640477 0.613428
0.640848 0.610998
0.641524 0.610998
0.642107 0.610827
0.642601 0.608784
0.642768 0.604294
0.643525 0.605505
0.643601 0.605906
0.644596 0.60529
0.64504 0.606307
0.645697 0.607543
0.646669 0.609184
0.647309 0.609184
0.647828 0.610204
0.648522 0.609806
0.649136 0.611849
0.649219 0.611452
0.650159 0.612245
0.650795 0.613265
0.651498 0.615306
0.652311 0.616327
0.653428 0.615306
0.653943 0.615935
0.654282 0.615935
0.654916 0.612474
0.655137 0.613497
0.656008 0.613892
0.656339 0.612474
0.656998 0.611452
0.658144 0.61287
0.658569 0.611849
0.659036 0.611849
0.659651 0.612245
0.660216 0.611849
0.66063 0.61287
0.661481 0.614913
0.661879 0.616956
0.662725 0.621042
0.66352 0.620654
0.664944 0.62002
0.665139 0.616956
0.666243 0.615935
0.666635 0.616564
0.667336 0.620654
0.667834 0.619388
0.668508 0.620795
0.668609 0.621429
0.669487 0.621429
0.669758 0.620795
0.671046 0.621567
0.671613 0.623984
