nan nan
nan nan
nan nan
nan nan
nan nan
nan nan
nan nan
nan nan
nan nan
nan nan
nan nan
nan nan
0.5 0
0.5 0.5
0.5 0.5
0.5 0.5
0.5 0.5
0.5 0.5
0.5 0.75
0.5 0.666667
0.5 0.625
0.5 0.454545
0.5 0.461538
0.5 0.4375
0.5 0.368421
0.5 0.428571
0.5 0.407407
0.5 0.425
0.5 0.42
0.5 0.460317
0.5 0.487179
0.5 0.48
0.5 0.472868
0.5 0.460526
0.5 0.45
0.5 0.471963
0.5 0.484962
0.5 0.509615
0.5 0.509383
0.50001 0.506881
0.500012 0.487179
0.500016 0.484429
0.500029 0.49247
0.500031 0.503958
0.500038 0.50814
0.500044 0.513062
0.500068 0.506035
0.500093 0.50461
0.500108 0.501144
0.500129 0.499649
0.500157 0.507742
0.500181 0.50479
0.500228 0.500554
0.500263 0.500256
0.500321 0.501905
0.500385 0.495993
0.500479 0.490978
0.500555 0.489048
0.500643 0.488564
0.500741 0.489384
0.500872 0.490189
0.501007 0.494672
0.501141 0.497067
0.501317 0.499106
0.501487 0.502445
0.501667 0.500278
0.501866 0.498657
0.5021 0.496602
0.502359 0.49834
0.502641 0.499253
0.5029 0.498297
0.503158 0.497734
0.503504 0.496958
0.503864 0.500577
0.504252 0.500796
0.504662 0.500336
0.505111 0.503313
0.505543 0.506326
0.505984 0.509291
0.506451 0.509737
0.506939 0.511554
0.507439 0.514003
0.507987 0.516412
0.508579 0.51878
0.509156 0.521389
0.509768 0.525093
0.51049 0.526747
0.511148 0.527744
0.511878 0.527484
0.512566 0.528743
0.513298 0.529698
0.51403 0.530447
0.514798 0.531881
0.515555 0.532434
0.516398 0.531992
0.517213 0.532797
0.518023 0.532449
0.518879 0.533253
0.519795 0.536933
0.520671 0.539835
0.521554 0.539912
0.522352 0.540882
0.523291 0.541466
0.52416 0.541158
0.525125 0.544781
0.526025 0.547624
0.52707 0.548187
0.528039 0.547238
0.52898 0.549479
0.529947 0.55017
0.53092 0.548478
0.531945 0.551192
0.532899 0.551524
0.533827 0.552953
0.534792 0.554243
0.535766 0.558559
0.536756 0.561787
0.537713 0.560697
0.538704 0.562563
0.539712 0.56225
0.540731 0.564226
0.541769 0.563625
0.542734 0.563451
0.543763 0.563113
0.544811 0.565766
0.545884 0.56634
0.546969 0.570628
0.548068 0.573515
0.549106 0.573774
0.550152 0.576091
0.551165 0.57583
0.552228 0.578094
0.553215 0.579095
0.554294 0.578631
0.555286 0.579716
0.556359 0.579632
0.557361 0.581833
0.558395 0.581149
0.559441 0.583784
0.560501 0.585385
0.561591 0.584634
0.562661 0.586186
0.56374 0.586269
0.564831 0.589836
0.565928 0.590354
0.567097 0.591155
0.56814 0.590118
0.569281 0.589436
0.570337 0.588553
0.571393 0.589754
0.572501 0.590472
0.573598 0.591673
0.574691 0.591918
0.575798 0.593919
0.576921 0.5944
0.577926 0.596919
0.578984 0.599
0.579989 0.60008
0.58113 0.60008
0.582328 0.60132
0.583394 0.600881
0.584449 0.603921
0.585542 0.605442
0.586601 0.6066
0.587663 0.608
0.588773 0.609322
0.58988 0.609165
0.590936 0.609644
0.592032 0.608522
0.593052 0.6072
0.594145 0.605521
0.595286 0.608365
0.596344 0.608965
0.597443 0.607922
0.598569 0.609722
0.599609 0.609644
0.600626 0.611722
0.601734 0.6106
0.602789 0.611
0.603818 0.611122
0.604977 0.615
0.606135 0.6158
0.607183 0.615446
0.608263 0.6154
0.609277 0.61717
0.610422 0.618524
0.611565 0.6198
0.612704 0.621
0.613907 0.622525
0.615005 0.62425
0.616109 0.6251
0.617191 0.626176
0.618265 0.626251
0.619376 0.626576
0.620479 0.625725
0.621603 0.62485
0.622655 0.62545
0.623713 0.627251
0.624763 0.6276
0.625903 0.628051
0.627019 0.628852
0.628157 0.63
0.629273 0.631526
0.630413 0.632253
0.631434 0.633053
0.632632 0.6336
0.633806 0.6364
0.6349 0.638328
0.635976 0.640328
0.63703 0.641185
0.638055 0.641257
0.639106 0.642786
0.640111 0.642257
0.641241 0.6422
0.642306 0.642529
0.643412 0.642128
0.644479 0.642128
0.645599 0.642857
0.646728 0.643858
0.647967 0.644529
0.649041 0.644329
0.650125 0.644129
0.65121 0.643
0.652392 0.643
0.653461 0.643657
0.654568 0.6446
0.655746 0.645129
0.656857 0.646847
0.658059 0.646388
0.659091 0.646588
0.660157 0.647
0.661237 0.64813
0.662445 0.64873
0.663603 0.64833
0.664704 0.64886
0.665771 0.65026
0.666821 0.65033
0.66786 0.65026
0.668917 0.65093
0.670058 0.653331
0.671148 0.656
0.672194 0.655931
0.673272 0.656
0.674494 0.6572
0.675526 0.658463
0.676636 0.6584
0.677788 0.659732
0.678841 0.660332
0.679995 0.6614
0.681117 0.6622
0.682111 0.663065
0.683183 0.6626
0.684254 0.6618
0.685371 0.661132
0.686438 0.6608
0.687553 0.661
0.688612 0.661265
0.68967 0.663265
0.690726 0.6648
0.691784 0.6658
0.692948 0.6662
0.694087 0.665933
0.695196 0.6668
0.696254 0.666733
0.697342 0.6672
0.698353 0.667534
0.699401 0.6684
0.700464 0.668934
0.701642 0.6696
0.702684 0.669268
0.703719 0.670268
0.704767 0.671734
0.70585 0.6714
0.706934 0.671
0.707972 0.6718
0.709042 0.672
0.710157 0.6738
0.711288 0.675
0.712291 0.676335
0.713296 0.677536
0.714322 0.677736
0.715434 0.678736
0.716504 0.677871
0.717652 0.677936
0.718765 0.6778
0.719791 0.6764
0.720874 0.677736
0.721929 0.678536
0.723047 0.678336
0.724183 0.6788
0.725195 0.679736
0.726202 0.679936
0.727198 0.681136
0.728273 0.682136
0.729389 0.6836
0.730469 0.6836
0.731667 0.6844
0.732758 0.6858
0.733791 0.6852
0.734843 0.6856
0.735948 0.6864
0.737064 0.6858
0.7381 0.6864
0.739114 0.686937
0.740263 0.686
0.741323 0.6862
0.742329 0.6862
0.743363 0.6878
0.744432 0.688538
0.745394 0.6884
0.746473 0.6892
0.747576 0.689938
0.748621 0.6892
0.74968 0.6898
0.750876 0.6892
0.751958 0.6892
0.753097 0.69
0.754305 0.6898
0.755271 0.6902
0.756367 0.691
0.757384 0.6912
0.758506 0.691538
0.759574 0.6914
0.760624 0.6918
0.761591 0.6928
0.762645 0.6936
0.763647 0.693939
0.764737 0.6936
0.765907 0.695
0.766937 0.695139
0.76806 0.6956
0.769034 0.696279
0.770097 0.6964
0.771177 0.6978
0.772342 0.69834
0.77345 0.6978
0.774579 0.6978
0.775533 0.698
0.776569 0.6974
0.777567 0.6966
0.778555 0.696739
0.779636 0.6966
0.780739 0.6974
0.781813 0.6976
0.782895 0.6976
0.784036 0.698
0.78523 0.6986
0.78633 0.6996
0.787467 0.69974
0.788573 0.7004
0.789609 0.7
0.790588 0.7004
0.791526 0.70014
0.792727 0.70074
0.793924 0.7012
0.794907 0.7014
0.796216 0.7024
0.797261 0.7028
0.798324 0.7026
0.799372 0.7028
0.800498 0.7028
0.801602 0.7038
0.802701 0.7036
0.803841 0.704
0.804927 0.7054
0.806003 0.7062
0.807147 0.7066
0.808525 0.707141
0.809595 0.707
0.810703 0.7078
0.811881 0.7082
0.813009 0.7086
0.814087 0.7086
0.815236 0.7096
0.816325 0.7098
0.817362 0.7096
0.818462 0.7102
0.819658 0.7104
0.820756 0.7106
0.821814 0.7102
0.822948 0.711142
0.823984 0.711
0.825203 0.7114
0.826353 0.7124
0.827474 0.7134
0.828662 0.714
0.829941 0.7144
0.831043 0.7148
0.832208 0.714143
0.833318 0.713743
0.83443 0.714143
0.835599 0.7142
0.83677 0.7146
0.83789 0.715
0.839008 0.7148
0.840184 0.7148
0.841286 0.7148
0.842524 0.7158
0.843551 0.7164
0.844723 0.7174
0.84593 0.7184
0.847099 0.7188
0.848239 0.7186
0.84945 0.7186
0.850621 0.719
0.851874 0.7192
0.852979 0.719544
0.854193 0.7196
0.855365 0.719744
0.856527 0.7204
0.857618 0.7204
0.858832 0.7204
0.860048 0.7206
0.861281 0.7206
0.862637 0.7208
0.863863 0.722
0.865031 0.7216
0.866354 0.7224
0.867551 0.7232
0.868623 0.7234
0.869848 0.7234
0.871085 0.7238
0.872297 0.7252
0.873484 0.7254
0.874818 0.7254
0.87609 0.7256
0.877428 0.7252
0.878615 0.7256
0.879939 0.7268
0.881332 0.7276
0.882601 0.727145
0.883874 0.7272
0.885308 0.7282
0.88652 0.7282
0.887803 0.7282
0.889131 0.728291
0.890669 0.7282
0.891896 0.728
0.893257 0.728
0.894487 0.7284
0.895685 0.7284
0.897058 0.7288
0.898266 0.7288
0.899747 0.729
0.901152 0.7294
0.902535 0.7298
0.904127 0.7298
0.905537 0.7308
0.90682 0.731
0.908151 0.7316
0.909618 0.731946
0.911208 0.7328
0.912628 0.733
0.914027 0.7332
0.915324 0.7328
0.916757 0.7332
0.918187 0.7334
0.919962 0.7338
0.921421 0.7342
0.922687 0.7346
0.924098 0.7352
0.925671 0.7356
0.927136 0.736
0.928788 0.7364
0.930355 0.7364
0.93198 0.7368
0.933476 0.737
0.935327 0.7376
0.93683 0.738
0.938773 0.7386
0.940483 0.7388
0.941898 0.739148
0.943554 0.739148
0.945168 0.739148
0.946657 0.739548
0.948313 0.739948
0.950066 0.739748
0.951565 0.739896
0.953251 0.740496
0.955054 0.740896
0.956843 0.741297
0.958566 0.741897
0.960592 0.742297
0.962583 0.742697
0.964212 0.742897
0.96638 0.743898
0.968016 0.744698
0.969917 0.745298
0.97176 0.745698
0.973163 0.745447
0.975082 0.745647
0.976858 0.745647
0.978833 0.745946
0.980335 0.746245
0.982046 0.746995
0.983747 0.747896
0.985487 0.747695
0.987579 0.748096
0.989501 0.749048
0.991736 0.748998
0.993556 0.748947
0.995536 0.749248
0.997585 0.749448
0.999706 0.750201
1.00141 0.750251
1.00332 0.750904
1.00526 0.752059
1.00755 0.752211
1.00974 0.752412
1.01184 0.752865
1.01379 0.753571
1.01574 0.754075
1.01786 0.753927
1.01993 0.754079
1.02213 0.754736
1.0238 0.755143
1.02595 0.755497
1.02772 0.755551
1.02933 0.755605
1.03124 0.75591
1.03325 0.756216
1.03511 0.75703
1.03835 0.757637
1.03997 0.757748
1.04205 0.758257
1.04441 0.758362
1.04606 0.758726
1.04809 0.759034
1.04983 0.759139
1.05174 0.759553
1.05339 0.759715
1.05507 0.76044
1.05741 0.760808
1.06037 0.760963
1.06265 0.761273
1.06478 0.761846
1.06663 0.762577
1.06857 0.763309
1.07007 0.763536
1.0714 0.763763
1.07345 0.763823
1.07546 0.763835
1.07658 0.764427
1.07857 0.764803
1.08077 0.764609
1.08303 0.76535
1.08501 0.765631
1.08764 0.765583
1.08999 0.765913
1.09231 0.766819
1.09447 0.767568
1.09629 0.767805
1.09861 0.768397
1.10021 0.769584
1.10216 0.769826
1.10504 0.769682
1.10696 0.770021
1.10904 0.770426
1.11217 0.770702
1.11493 0.770816
1.11728 0.770833
1.11974 0.772037
1.12223 0.772545
1.12445 0.772843
1.12688 0.773517
1.12962 0.773749
1.13262 0.774262
1.1349 0.774468
1.13772 0.774393
1.14115 0.774957
1.14365 0.775571
1.14751 0.775523
1.15069 0.775877
1.15439 0.776564
1.15693 0.776895
1.15942 0.777562
1.16257 0.778257
1.16628 0.778906
1.16994 0.779148
1.17302 0.779463
1.17599 0.779948
1.17961 0.780387
1.18276 0.780732
1.18707 0.780589
1.18912 0.78084
1.19359 0.780771
1.19754 0.781188
1.20155 0.781264
1.20584 0.78237
1.20822 0.783194
1.21316 0.783079
1.21735 0.783628
1.2215 0.784574
1.22622 0.784588
1.23005 0.784362
1.2349 0.784694
1.23908 0.786114
1.243 0.787287
1.24625 0.789581
1.25154 0.790282
1.25703 0.790808
1.26158 0.792102
1.26656 0.793488
1.2703 0.795517
1.2753 0.795961
1.28113 0.797422
1.28736 0.798661
1.2933 0.799815
1.29978 0.80079
1.30462 0.803175
1.31016 0.805164
1.3181 0.805981
1.32451 0.808722
1.33064 0.811056
1.339 0.811843
1.34606 0.814406
1.35489 0.816731
1.36261 0.819198
1.36913 0.821857
1.37551 0.82698
1.38253 0.833125
1.39076 0.835776
1.39793 0.837618
1.40765 0.840647
1.41441 0.846034
1.42321 0.849618
1.43392 0.855692
1.44267 0.861284
1.45355 0.867108
1.46129 0.874542
1.471 0.882421
1.4806 0.88902
1.49122 0.89415
1.5017 0.899194
1.50768 0.904013
1.51934 0.910172
1.52932 0.915068
1.53983 0.918526
1.54954 0.924647
1.55717 0.929831
1.56244 0.937839
1.57024 0.944519
1.57949 0.948828
1.5884 0.951546
1.59462 0.956087
1.60574 0.961468
1.61693 0.96329
1.62037 0.966165
1.62524 0.970248
1.62889 0.970121
