0.0201391 0.492492
0.0212933 0.521042
0.0225108 0.518519
0.0236898 0.522044
0.0249812 0.510511
0.0261813 0.508509
0.0275061 0.516
0.0287768 0.519
0.0301098 0.53
0.0314715 0.53
0.0328082 0.526
0.0341159 0.527
0.0354012 0.51952
0.0367834 0.521
0.0381151 0.522523
0.0394858 0.527
0.0408576 0.535
0.0423212 0.538
0.0437384 0.524525
0.0452129 0.518
0.0465843 0.522523
0.04802 0.523
0.049429 0.522
0.0509265 0.523
0.0524215 0.52
0.0539648 0.523
0.0554862 0.523
0.0570622 0.517
0.0587761 0.516
0.060333 0.518
0.0619242 0.52
0.0635897 0.523
0.0654087 0.524
0.0670661 0.514515
0.0689338 0.516
0.0706042 0.524525
0.0723805 0.531
0.0740909 0.538
0.0756417 0.529
0.0773627 0.524
0.0791327 0.534
0.0809287 0.529
0.0826929 0.528
0.0845286 0.533
0.0863213 0.526
0.0882161 0.518
0.0901477 0.52
0.092031 0.52
0.0939867 0.521522
0.0960692 0.519
0.0978369 0.514
0.0995693 0.51
0.10154 0.504
0.103597 0.506
0.1057 0.504
0.107819 0.505
0.109918 0.504505
0.111944 0.499
0.113859 0.508
0.116001 0.516
0.118088 0.508
0.120145 0.507
0.122423 0.51
0.124894 0.514
0.126953 0.512
0.129475 0.509
0.131736 0.501
0.134324 0.514
0.136482 0.518
0.139155 0.513
0.141571 0.515
0.143846 0.515516
0.14622 0.522
0.148943 0.523
0.151274 0.536
0.153631 0.518
0.156104 0.525
0.158582 0.511
0.161003 0.511
0.163368 0.504
0.165957 0.509
0.168452 0.51
0.171564 0.515
0.174618 0.523
0.177312 0.522
0.179886 0.518
0.182456 0.518
0.185081 0.518
0.188059 0.519
0.190825 0.524
0.193242 0.525
0.196493 0.524
0.199886 0.522
0.203603 0.514
0.206767 0.508
0.210007 0.503
0.212927 0.502
0.215898 0.507
0.21874 0.503
0.2223 0.502
0.225432 0.504
0.228512 0.506
0.2322 0.501
0.235626 0.501
0.239421 0.49049
0.243211 0.492
0.247206 0.495
0.251589 0.496
0.255903 0.502
0.259529 0.507
0.263636 0.504
0.266957 0.504
0.270588 0.511
0.275716 0.512
0.279824 0.509
0.283807 0.502
0.287486 0.512
0.292785 0.519
0.296871 0.518
0.301983 0.517
0.307389 0.514
0.311513 0.517
0.315274 0.516
0.320471 0.512
0.324567 0.511
0.330878 0.506
0.336938 0.516
0.341884 0.514
0.347361 0.516
0.352075 0.514
0.358096 0.515
0.363011 0.513
0.369171 0.517
0.375573 0.517
0.381363 0.519
0.386799 0.523
0.392776 0.525
0.399398 0.53
0.405607 0.531
0.410981 0.535
0.416904 0.537
0.424506 0.538
0.430653 0.541
0.437165 0.533
0.443898 0.538
0.45145 0.545
0.457719 0.542
0.464809 0.542
0.471642 0.539
0.479149 0.54
0.486556 0.538
0.493305 0.531
0.501585 0.529
0.509699 0.53
0.519102 0.53
0.529907 0.528
0.537872 0.53
0.545779 0.527
0.553831 0.522
0.562301 0.525
0.572117 0.528
0.578185 0.533
0.586375 0.534
0.595352 0.533
0.60631 0.534
0.613222 0.532
0.620215 0.53
0.628892 0.533
0.639927 0.528
0.647739 0.53
0.65673 0.534
0.664024 0.534
0.674806 0.538
0.682269 0.539
0.692862 0.54
0.701294 0.533
0.709478 0.535
0.718462 0.537
0.727032 0.532
0.735738 0.533
0.743787 0.529
0.751843 0.53
0.759361 0.529
0.766632 0.53
0.773403 0.536
0.782508 0.533
0.788023 0.534
0.792862 0.535
0.79868 0.537
0.805484 0.535
0.812285 0.539
0.820445 0.541
0.828479 0.542
0.834741 0.544
0.840687 0.543
0.846311 0.543
0.851612 0.544
0.858395 0.544
0.863661 0.546
0.868286 0.543
0.872189 0.543
0.876912 0.545
0.881729 0.549
0.887398 0.547
0.892858 0.546
0.897922 0.552
0.903231 0.552
0.908617 0.549
0.912934 0.545
0.918378 0.542
0.92218 0.541
0.928366 0.548
0.932079 0.552
0.934353 0.557
0.941221 0.557
0.946295 0.555
0.951088 0.557
0.956053 0.559
0.958503 0.557
0.963408 0.559
0.966307 0.563
0.969348 0.563
0.971426 0.568
0.973501 0.571
0.976573 0.571
0.980614 0.571
0.982305 0.57
0.985396 0.576
0.988242 0.575
0.990753 0.574
0.993955 0.578
0.99584 0.579
0.997601 0.579
1.00127 0.579
1.00377 0.58
1.00588 0.58
1.00854 0.579
1.01039 0.58
1.01251 0.578
1.01431 0.577
1.01678 0.573
1.01904 0.574
1.02091 0.575
1.02227 0.576
1.02392 0.574
1.02561 0.574
1.02761 0.576
1.02911 0.577
1.0314 0.574
1.03318 0.577
1.0331 0.575576
1.03569 0.574
1.03753 0.579
1.03953 0.58
1.04164 0.581
1.04291 0.58
1.04429 0.582
1.04519 0.583
1.04774 0.583
1.04894 0.583
1.05079 0.583
1.05239 0.582
1.05367 0.584
1.05495 0.584
1.05624 0.586
1.05758 0.587
1.05906 0.589
1.06039 0.589
1.06204 0.591
1.06379 0.591
1.06489 0.591
1.06584 0.59
1.06698 0.591
1.06816 0.594
1.06935 0.592
1.07068 0.592
1.07164 0.594
1.07329 0.598
1.07437 0.599
1.07529 0.6
1.07666 0.6
1.07787 0.6
1.07904 0.599
1.07984 0.599
1.08095 0.599
1.08219 0.599
1.08344 0.599
1.08518 0.6
1.08632 0.599
1.08715 0.599
1.08815 0.602
1.08911 0.603
1.09027 0.603
1.09154 0.604
1.09261 0.602
1.09391 0.603
1.09497 0.602
1.09606 0.601
1.09701 0.597
1.09826 0.595
1.09926 0.594
1.10037 0.595
1.10117 0.594
1.1021 0.595
1.10316 0.592
1.10398 0.591
1.10493 0.591
1.10599 0.586
1.10764 0.587
1.10877 0.586
1.10979 0.585
1.11079 0.587
1.11181 0.588
1.11283 0.586
1.11382 0.588
1.11472 0.588
1.11552 0.589
1.11637 0.588
1.11752 0.588
1.11852 0.589
1.11968 0.59
1.12056 0.59
1.12145 0.591
1.12226 0.593
1.123 0.592
1.12388 0.594
1.12468 0.595
1.12559 0.596
1.12645 0.597
1.12723 0.597
1.12806 0.598
1.12873 0.599
1.12967 0.6
1.13058 0.602
1.13138 0.604
1.1324 0.603
1.13313 0.602
1.13397 0.603
1.13483 0.605
1.13587 0.606
1.13571 0.603604
1.13776 0.603
1.13884 0.605
1.13973 0.606
1.14052 0.605
1.14149 0.607
1.14243 0.607
1.1433 0.606
1.14426 0.606
1.14508 0.607
1.1459 0.607
1.1467 0.607
1.14746 0.61
1.14832 0.613
1.14941 0.615
1.15037 0.614
1.15118 0.616
1.15208 0.616
1.153 0.617
1.15365 0.617
1.15459 0.617
1.15531 0.617
1.1563 0.618
1.15731 0.616
1.15817 0.614
1.159 0.614
1.15991 0.614
1.16099 0.613
1.16184 0.612
1.16259 0.613
1.16334 0.613
1.16437 0.611
1.16523 0.612
1.16616 0.613
1.1673 0.613
1.16808 0.614
1.16916 0.614
1.17016 0.615
1.17109 0.615
1.17215 0.614
1.17295 0.616
1.17366 0.616
1.17454 0.616
1.17548 0.616
1.17656 0.616
1.17756 0.615
1.17849 0.615
1.17928 0.613
1.18004 0.614
1.18111 0.619
1.18189 0.618
1.18268 0.618
1.18358 0.618
1.18478 0.62
1.18568 0.62
1.18647 0.619
1.18761 0.617
1.18844 0.618
1.18932 0.618
1.19016 0.619
1.19099 0.618
1.19189 0.62
1.19259 0.619
1.19352 0.62
1.19451 0.62
1.19538 0.62
1.19621 0.623
1.1971 0.622
1.19793 0.623
1.19885 0.623
1.19963 0.624
1.2005 0.626
1.20128 0.624
1.20212 0.625
1.20297 0.626
1.2038 0.628
1.2048 0.628
1.20571 0.629
1.20654 0.629
1.20739 0.63
1.2082 0.628
1.20902 0.627
1.20982 0.629
1.21083 0.63
1.21184 0.628
1.21289 0.629
1.2138 0.629
1.21477 0.631
1.2156 0.63
1.21648 0.631
1.21742 0.632
1.21834 0.633
1.21916 0.633
1.21997 0.633
1.2209 0.633
1.22171 0.633
1.22244 0.633
1.22324 0.633
1.22411 0.632
1.22497 0.632
1.22582 0.632
1.22674 0.631
1.22762 0.631
1.22837 0.631
1.22918 0.631
1.23001 0.631
1.23105 0.631
1.23196 0.631
1.2327 0.632
1.23339 0.633
1.23415 0.633
1.23495 0.633
1.2359 0.633
1.237 0.631
1.23791 0.631
1.23882 0.631
1.23971 0.631
1.24059 0.631
1.24168 0.631
1.24271 0.631
1.24362 0.631
1.24451 0.632
1.2456 0.633
1.24643 0.633
1.24742 0.634
1.24838 0.634
1.24924 0.635
1.25024 0.634
1.25122 0.635
1.2521 0.635
1.25319 0.636
1.25415 0.634
1.25507 0.635
1.25598 0.635
1.25701 0.636
1.25796 0.635
1.25906 0.636
1.26014 0.637
1.26148 0.637
1.26236 0.636
1.26346 0.639
1.26462 0.64
1.26577 0.642
1.26666 0.642
1.26782 0.64
1.26899 0.641
1.27005 0.644
1.27105 0.645
1.27209 0.645
1.27304 0.647
1.27414 0.648
1.27534 0.645
1.27648 0.645
1.27754 0.646
1.27881 0.647
1.27999 0.647
1.28139 0.646
1.28276 0.645
1.28375 0.646
1.28485 0.647
1.28597 0.647
1.28696 0.647
1.28842 0.647
1.28972 0.647
1.29078 0.646
1.29208 0.649
1.29377 0.648
1.29481 0.647
1.29594 0.649
1.29692 0.65
1.29819 0.65
1.29978 0.649
1.30123 0.65
1.30232 0.651
1.30372 0.652
1.30492 0.652
1.30622 0.651
1.30735 0.651
1.30881 0.651
1.31013 0.65
1.3113 0.651
1.31263 0.652
1.31395 0.651
1.31546 0.652
1.31725 0.654
1.31832 0.654
1.3196 0.654
1.32095 0.654
1.32218 0.654
1.32366 0.654
1.32497 0.653
1.32676 0.653
1.32818 0.652
1.32986 0.653
1.33136 0.655
1.33302 0.656
1.3342 0.656
1.33567 0.656
1.33743 0.658
1.33907 0.657
1.34065 0.657
1.34227 0.658
1.34366 0.658
1.34605 0.658
1.34815 0.659
1.3499 0.66
1.35177 0.661
1.3532 0.661
1.35538 0.662
1.35688 0.662
1.35893 0.662
1.36072 0.663
1.36273 0.662
1.36433 0.662
1.36611 0.662
1.36852 0.663
1.37071 0.663
1.37268 0.663
1.37497 0.665
1.37696 0.666
1.37903 0.667
1.38066 0.668
1.383 0.668
1.38484 0.668
1.3874 0.671
1.39029 0.672
1.39333 0.673
1.39534 0.674
1.40038 0.675
1.40382 0.675
1.40599 0.677
1.40926 0.679
1.41203 0.68
1.4164 0.683
1.42045 0.684
1.42227 0.684
1.42593 0.685
1.42987 0.688
1.43193 0.688
1.43386 0.688
1.43658 0.689
1.44066 0.69
1.44497 0.691
1.44968 0.691
1.45231 0.692
1.45639 0.692
1.45891 0.692
1.46198 0.693
1.46524 0.693
1.46825 0.693
1.47214 0.693
1.47611 0.696
1.48178 0.697
1.48385 0.697
1.49342 0.7
1.49711 0.7
1.50321 0.7
1.51115 0.701
1.51789 0.702
1.52677 0.703
1.5308 0.703
1.53915 0.704
1.55116 0.706
1.55914 0.708
1.56592 0.709
1.57455 0.71
1.58092 0.711
1.58555 0.711
1.59518 0.713
1.60086 0.714
1.61442 0.717
1.62167 0.718
1.62899 0.719
1.64437 0.72
1.64988 0.72
1.66096 0.722
1.66881 0.723
1.67966 0.725
1.69487 0.727
1.69876 0.727728
1.70433 0.727728
1.70983 0.729459
1.71825 0.730461
1.72409 0.730461
1.73019 0.731194
1.73582 0.732197
1.7453 0.73494
1.75797 0.738956
1.77214 0.73996
1.78301 0.740964
1.78299 0.741449
1.79193 0.743202
1.80269 0.744209
1.80794 0.745968
1.81156 0.74672
1.82154 0.74773
1.83295 0.749748
1.84395 0.750757
1.85158 0.750757
1.85863 0.750757
1.87023 0.750757
1.88092 0.750757
1.88937 0.750757
1.89948 0.750757
1.91255 0.751766
1.92212 0.751766
1.93847 0.752775
1.95206 0.752775
1.95375 0.752525
1.9637 0.753286
1.96385 0.75355
1.96835 0.753299
1.98177 0.754315
1.99034 0.755081
1.99874 0.755849
2.01307 0.757637
2.03237 0.758656
2.04689 0.758656
2.06643 0.758656
2.07684 0.758656
2.09128 0.758656
2.11164 0.758656
2.12043 0.75841
2.12919 0.758163
2.14422 0.758163
2.15304 0.757916
2.16272 0.758444
2.18298 0.758444
2.19484 0.758197
2.21086 0.758974
2.22843 0.758974
2.23324 0.760288
2.25803 0.760288
2.28225 0.761071
2.31596 0.761071
2.3399 0.760825
2.37314 0.760825
2.40046 0.760578
2.41593 0.76087
2.45956 0.76087
2.46995 0.761954
2.49555 0.762747
2.51513 0.767539
2.54296 0.771579
2.58654 0.772967
2.59405 0.778015
2.6115 0.78172
2.63217 0.790217
2.63972 0.798236
2.66562 0.802895
