0.0200814 0.497
0.0212645 0.499
0.0224972 0.494
0.0236849 0.497
0.0249307 0.497497
0.0262502 0.5
0.0275122 0.497
0.0288512 0.495
0.030223 0.491
0.0315667 0.482
0.032866 0.495
0.034212 0.496
0.0354472 0.5
0.0368334 0.5
0.0382101 0.502
0.0395945 0.504
0.0409629 0.507
0.0423375 0.514
0.0437444 0.505
0.0451088 0.498
0.0465383 0.502
0.0478313 0.48998
0.0495078 0.489
0.0509968 0.486
0.0525013 0.483
0.0541231 0.48
0.0557163 0.481
0.0573258 0.482
0.0589161 0.485485
0.0605302 0.482
0.0622049 0.489489
0.0638819 0.487
0.0653991 0.496
0.0670049 0.486486
0.0687292 0.478478
0.0703963 0.486
0.0720061 0.477
0.0736529 0.485485
0.075602 0.486
0.0772673 0.485
0.0789989 0.493
0.0807798 0.489
0.0824653 0.504
0.0842962 0.521
0.0862823 0.522
0.0881793 0.531
0.0900574 0.530531
0.0919907 0.531
0.0937585 0.534
0.095563 0.528
0.0976328 0.53
0.0996986 0.543
0.101708 0.54
0.103515 0.533
0.105549 0.532
0.107493 0.534
0.109567 0.53
0.111744 0.535
0.113918 0.52
0.11609 0.518
0.11842 0.519
0.12059 0.524
0.122809 0.525
0.125181 0.522
0.127408 0.506
0.129683 0.505
0.132205 0.5
0.13455 0.51
0.136935 0.511
0.139322 0.513
0.141929 0.511
0.144518 0.51
0.14716 0.516
0.149924 0.515
0.152154 0.512
0.154593 0.513
0.157529 0.512
0.160147 0.509
0.162613 0.507
0.165347 0.517
0.168334 0.515
0.171165 0.507
0.174073 0.509
0.176493 0.511512
0.179819 0.512
0.182325 0.517
0.185172 0.52
0.187999 0.515
0.190818 0.52
0.19398 0.523
0.197655 0.519
0.20042 0.520521
0.203391 0.517518
0.206997 0.516
0.209877 0.516
0.212972 0.516
0.216526 0.514
0.219462 0.512
0.223173 0.512
0.226502 0.515
0.229947 0.513
0.233311 0.506
0.236593 0.512
0.240246 0.516517
0.243788 0.512
0.247558 0.517
0.251704 0.513
0.255363 0.517
0.259192 0.518
0.263242 0.519
0.26769 0.522
0.271048 0.518
0.274964 0.514
0.279039 0.516
0.283893 0.516
0.289182 0.521
0.293094 0.513
0.297558 0.51
0.302208 0.507
0.30617 0.504
0.311656 0.515
0.315802 0.517
0.320411 0.515
0.324887 0.519
0.329984 0.521
0.334984 0.519
0.34053 0.521
0.345655 0.51
0.351305 0.507
0.357925 0.504
0.362016 0.504
0.367775 0.506
0.373219 0.504
0.378939 0.5
0.384901 0.501
0.391905 0.503
0.39679 0.506
0.402639 0.501
0.409205 0.505
0.416531 0.506
0.423865 0.496
0.430942 0.5
0.437937 0.499
0.443151 0.497
0.452567 0.5
0.45899 0.493
0.466748 0.493
0.47457 0.495
0.481783 0.496
0.488131 0.492
0.495725 0.495
0.505459 0.5
0.514261 0.5
0.523446 0.501
0.532456 0.5
0.540947 0.496
0.550016 0.495
0.559572 0.496
0.567448 0.495
0.574739 0.496
0.581718 0.501
0.591329 0.494
0.59782 0.496
0.60649 0.494
0.615784 0.494
0.621917 0.492
0.633172 0.492
0.641903 0.491
0.65239 0.489
0.660149 0.491
0.667844 0.5
0.676779 0.504
0.686443 0.501
0.694903 0.501
0.704511 0.502
0.713228 0.499
0.720948 0.497
0.729215 0.498
0.737552 0.496
0.746529 0.498
0.752579 0.502
0.760799 0.503
0.767305 0.5
0.773367 0.502
0.779262 0.506
0.789683 0.509
0.796681 0.511
0.805287 0.508
0.81174 0.509
0.820208 0.509
0.827448 0.511
0.834872 0.513
0.842523 0.515
0.847561 0.516
0.854611 0.516
0.861115 0.511
0.869289 0.513
0.874635 0.513
0.880124 0.516
0.884525 0.514
0.889574 0.515
0.896331 0.513
0.900807 0.518
0.905352 0.518
0.90985 0.52
0.9151 0.521
0.919072 0.52
0.922829 0.52
0.926739 0.521
0.929467 0.524
0.933904 0.526
0.937492 0.529
0.940165 0.528
0.944723 0.531
0.948842 0.531
0.954007 0.533
0.958234 0.536
0.962179 0.538
0.966374 0.537
0.96964 0.537
0.973019 0.536
0.976994 0.536
0.97931 0.541
0.982474 0.542
0.984634 0.543
0.987341 0.544
0.991413 0.544
0.993142 0.547
0.9963 0.544
0.999621 0.543
1.00174 0.544
1.00381 0.545
1.00689 0.543
1.00936 0.543
1.01118 0.545
1.01332 0.544
1.01613 0.544
1.01813 0.541
1.01918 0.541
1.02206 0.541
1.02412 0.539
1.02569 0.54
1.02666 0.539
1.02883 0.539
1.03108 0.542
1.03266 0.543
1.0347 0.544
1.0363 0.548
1.03773 0.549
1.0394 0.546
1.04135 0.549
1.04297 0.553
1.04419 0.552
1.04535 0.55
1.04653 0.551
1.04795 0.548
1.04933 0.553
1.05067 0.554
1.05224 0.551
1.0533 0.551
1.0546 0.554
1.05594 0.556
1.05807 0.559
1.05946 0.561
1.06106 0.558
1.0623 0.559
1.06431 0.562
1.06575 0.564
1.06723 0.561
1.06822 0.562
1.06929 0.564
1.07026 0.566
1.07128 0.564
1.07326 0.562
1.07432 0.563
1.07594 0.566
1.07727 0.565
1.07849 0.567
1.07941 0.568
1.08067 0.568
1.08175 0.571
1.08289 0.575
1.08429 0.573
1.08553 0.575
1.08659 0.572
1.08787 0.571
1.08879 0.569
1.08993 0.568
1.09096 0.571
1.09221 0.572
1.09346 0.571
1.09451 0.569
1.09533 0.573
1.09628 0.575
1.09714 0.577
1.09829 0.576
1.09939 0.576
1.10042 0.577
1.10031 0.575576
1.10238 0.577
1.10328 0.577
1.10414 0.577
1.10506 0.577
1.10621 0.578
1.10735 0.579
1.10712 0.578579
1.10937 0.578
1.11059 0.579
1.11169 0.579
1.11265 0.579
1.11341 0.579
1.11471 0.58
1.11575 0.581
1.1168 0.58
1.11748 0.58
1.11839 0.58
1.1192 0.581
1.12012 0.579
1.12098 0.578
1.12184 0.579
1.12283 0.577
1.12354 0.579
1.12465 0.581
1.12562 0.578
1.12639 0.576
1.1274 0.575
1.12831 0.574
1.12925 0.575
1.13014 0.574
1.13104 0.575
1.13213 0.574
1.13294 0.574
1.1341 0.575
1.13378 0.575576
1.13591 0.576
1.13681 0.576
1.13761 0.576
1.13875 0.576
1.13945 0.577
1.14015 0.577
1.141 0.578
1.14183 0.581
1.14262 0.581
1.14349 0.582
1.14442 0.582
1.14522 0.579
1.14634 0.581
1.14717 0.58
1.14808 0.579
1.14893 0.58
1.15001 0.58
1.1512 0.577
1.15205 0.576
1.15288 0.575
1.1538 0.578
1.15464 0.577
1.15547 0.578
1.1564 0.579
1.15727 0.579
1.15819 0.58
1.15894 0.582
1.15964 0.583
1.16074 0.584
1.16148 0.585
1.1624 0.585
1.16311 0.586
1.16394 0.584
1.16478 0.584
1.16565 0.585
1.16644 0.586
1.16743 0.585
1.16822 0.585
1.16896 0.585
1.16997 0.585
1.17092 0.586
1.17184 0.586
1.17281 0.589
1.17393 0.588
1.17476 0.588
1.17561 0.589
1.1764 0.587
1.17731 0.587
1.17816 0.586
1.17927 0.585
1.17998 0.584
1.1807 0.585
1.18161 0.586
1.18245 0.586
1.18363 0.585
1.1845 0.586
1.18537 0.587
1.1863 0.587
1.1873 0.587
1.1883 0.588
1.18909 0.589
1.18999 0.589
1.19088 0.588
1.19184 0.588
1.19268 0.59
1.19362 0.59
1.19461 0.59
1.19546 0.591
1.19637 0.591
1.19715 0.591
1.19814 0.589
1.19913 0.59
1.20002 0.59
1.20111 0.59
1.20181 0.589
1.20267 0.59
1.20345 0.591
1.20434 0.591
1.20517 0.59
1.20602 0.59
1.20678 0.589
1.20767 0.588
1.2085 0.59
1.2094 0.591
1.21014 0.593
1.21101 0.594
1.21189 0.594
1.21277 0.597
1.21358 0.597
1.21454 0.598
1.21532 0.598
1.21621 0.598
1.21714 0.6
1.21803 0.6
1.21891 0.6
1.22001 0.599
1.22077 0.6
1.22182 0.6
1.22274 0.6
1.22355 0.601
1.2244 0.601
1.22532 0.602
1.22621 0.602
1.22704 0.602
1.2278 0.601
1.22867 0.602
1.22966 0.601
1.23056 0.602
1.23172 0.604
1.23255 0.604
1.2333 0.605
1.23452 0.605
1.23533 0.605
1.23609 0.606
1.23733 0.606
1.23817 0.606
1.23912 0.606
1.24022 0.607
1.24101 0.607
1.24183 0.607
1.2426 0.606
1.24351 0.604
1.24431 0.605
1.24518 0.607
1.24619 0.607
1.24739 0.607
1.24842 0.607
1.24931 0.609
1.2503 0.609
1.25126 0.611
1.25205 0.611
1.25301 0.612
1.25392 0.613
1.25487 0.613
1.25591 0.613
1.25696 0.612
1.25795 0.613
1.25898 0.615
1.26016 0.615
1.26101 0.614
1.262 0.614
1.26297 0.614
1.26393 0.614
1.26478 0.614
1.26578 0.614
1.26688 0.613
1.26801 0.614
1.26909 0.611
1.27007 0.61
1.27094 0.61
1.27182 0.61
1.27297 0.61
1.27392 0.609
1.27496 0.609
1.276 0.609
1.27722 0.609
1.27807 0.609
1.2795 0.611
1.28029 0.61
1.28139 0.609
1.28255 0.609
1.28344 0.609
1.28468 0.608
1.28607 0.608
1.28735 0.608
1.28847 0.608
1.28973 0.609
1.29097 0.612
1.29206 0.613
1.29323 0.614
1.29449 0.614
1.29564 0.615
1.29687 0.615
1.29813 0.616
1.29912 0.616
1.30027 0.616
1.30138 0.615
1.30271 0.615
1.30411 0.616
1.30523 0.616
1.30684 0.619
1.30788 0.62
1.30941 0.62
1.31153 0.62
1.31305 0.621
1.31447 0.621
1.31604 0.622
1.31729 0.621
1.31857 0.622
1.32007 0.622
1.32135 0.622
1.32298 0.624
1.32461 0.624
1.3266 0.625
1.32799 0.625
1.32927 0.625
1.33088 0.625
1.33298 0.626
1.33447 0.626
1.33597 0.625
1.33743 0.625
1.33908 0.624
1.34067 0.623
1.34252 0.623
1.34399 0.623
1.34569 0.623
1.34773 0.624
1.34978 0.624
1.3514 0.625
1.35308 0.625
1.35551 0.625
1.35713 0.626
1.35872 0.626
1.36092 0.628
1.36239 0.628
1.36442 0.63
1.36589 0.631
1.36774 0.631
1.36957 0.631
1.37159 0.633
1.37332 0.634
1.37579 0.635
1.3781 0.636
1.38028 0.636
1.38264 0.638
1.38577 0.639
1.38789 0.638
1.3904 0.639
1.39259 0.64
1.3954 0.642
1.39846 0.643
1.40067 0.643
1.40277 0.643
1.40487 0.641
1.40731 0.641
1.41043 0.643
1.41357 0.643
1.41718 0.644
1.4194 0.647
1.42334 0.649
1.4277 0.65
1.43035 0.649
1.43387 0.651
1.43844 0.652
1.44231 0.653
1.4443 0.653
1.44912 0.653
1.45425 0.656
1.45913 0.658
1.46209 0.658
1.46618 0.659
1.47215 0.662
1.47647 0.663
1.48106 0.664
1.48527 0.665
1.49286 0.667
1.49719 0.667
1.50169 0.666
1.50664 0.667
1.51313 0.668
1.51891 0.671
1.52339 0.671
1.53038 0.672
1.53557 0.67
1.54111 0.673
1.55069 0.676
1.55463 0.676
1.56289 0.677
1.56604 0.677
1.57097 0.676
1.57702 0.678
1.58283 0.679
1.59032 0.683
1.59817 0.683
1.60067 0.683684
1.60603 0.683684
1.61464 0.685686
1.62702 0.686687
1.63265 0.688377
1.63908 0.689379
1.64726 0.691383
1.65662 0.694389
1.66413 0.696088
1.67968 0.699097
1.69906 0.704112
1.71036 0.704112
1.72522 0.708124
1.73438 0.71013
1.73543 0.710843
1.73206 0.710262
1.73976 0.710262
1.75153 0.712274
1.76005 0.713998
1.76368 0.71371
1.77419 0.71371
1.78249 0.71371
1.79328 0.714718
1.80409 0.715726
1.81511 0.716734
1.81724 0.716448
1.82612 0.716448
1.83512 0.719192
1.84241 0.719919
1.86306 0.721941
1.87088 0.723684
1.88479 0.724696
1.89515 0.724696
1.90182 0.725431
1.91076 0.725431
1.92078 0.725431
1.93797 0.727457
1.94251 0.728195
1.95181 0.728195
1.95624 0.728934
1.97266 0.729949
1.9833 0.729949
1.99273 0.729949
2.00569 0.729949
2.01345 0.730691
2.02001 0.731434
2.02651 0.731161
2.03605 0.730887
2.04572 0.731633
2.052 0.731359
2.06657 0.731359
2.07696 0.731359
2.09105 0.731359
2.09668 0.731084
2.11431 0.731084
2.13675 0.731084
2.15787 0.731084
2.17462 0.730809
2.19745 0.730809
2.21408 0.730809
2.23852 0.730809
2.2639 0.730809
2.29205 0.731832
2.32161 0.731832
2.34176 0.731557
2.36435 0.731282
2.39592 0.731282
2.42619 0.731282
2.44185 0.732033
2.47332 0.732033
2.51185 0.732033
2.55001 0.732033
2.58593 0.733539
2.61959 0.734504
2.62713 0.738046
2.63763 0.743966
2.67413 0.747624
2.68182 0.752665
2.69801 0.759698
2.74331 0.761081
2.75993 0.765284
2.80319 0.772627
