496.13 0.565657
495.637 0.565217
495.641 0.564206
496.144 0.564646
496.148 0.562626
496.158 0.562626
496.161 0.563636
496.167 0.565657
496.179 0.563636
496.183 0.562626
496.189 0.562626
496.2 0.562626
495.717 0.557128
495.724 0.55814
495.726 0.55814
495.229 0.558704
496.24 0.560606
495.738 0.560162
495.743 0.564206
495.745 0.563195
495.753 0.562184
495.76 0.562184
495.766 0.562184
495.769 0.562184
495.774 0.563195
495.776 0.562184
495.782 0.565217
495.792 0.563195
495.804 0.562184
495.806 0.563195
495.815 0.561173
495.823 0.561173
496.327 0.560606
496.833 0.562059
496.843 0.562059
496.851 0.561049
496.86 0.561049
496.863 0.561049
496.866 0.562059
496.876 0.564077
496.88 0.564077
497.393 0.5625
497.403 0.563508
496.907 0.563068
497.417 0.564516
497.419 0.564516
497.923 0.564955
497.939 0.565962
497.944 0.565962
497.953 0.565962
497.962 0.566969
497.964 0.566969
497.969 0.566969
498.474 0.566398
497.978 0.567976
498.483 0.567404
498.494 0.567404
498.495 0.567404
498.5 0.567404
499.005 0.566834
499.013 0.565829
499.032 0.565829
499.051 0.565829
499.057 0.565829
499.065 0.564824
499.571 0.565261
499.583 0.562249
499.593 0.563253
500.095 0.563691
500.098 0.564694
500.106 0.563691
500.611 0.563126
500.115 0.562688
500.123 0.562688
500.13 0.560682
500.137 0.563691
500.641 0.56513
500.651 0.568136
500.659 0.567134
500.661 0.568136
500.669 0.566132
500.677 0.566132
501.184 0.567568
500.187 0.568706
500.19 0.568706
500.201 0.569709
500.205 0.568706
499.708 0.568273
500.232 0.564694
500.236 0.563691
499.742 0.562249
500.246 0.561685
500.254 0.560682
500.256 0.561685
500.268 0.562688
500.279 0.559679
499.797 0.558233
499.8 0.558233
500.307 0.559679
500.309 0.559679
500.321 0.560682
500.333 0.559679
500.342 0.559679
500.347 0.559679
500.359 0.557673
500.373 0.555667
500.382 0.55667
500.383 0.55667
500.392 0.557673
500.396 0.558676
500.906 0.558116
500.91 0.557114
500.913 0.557114
500.919 0.559118
500.924 0.56012
500.426 0.562688
500.434 0.561685
500.44 0.560682
500.445 0.560682
500.449 0.562688
500.46 0.561685
500.463 0.562688
500.465 0.562688
500.477 0.562688
500.979 0.563126
500.987 0.563126
500.998 0.562124
501.004 0.561122
501.014 0.561122
501.02 0.561122
501.029 0.559118
501.042 0.56012
501.05 0.562124
501.054 0.561122
501.056 0.562124
501.065 0.562124
501.069 0.561122
501.082 0.562124
501.108 0.564128
501.611 0.564565
501.623 0.563564
501.626 0.562563
501.647 0.563564
501.653 0.563564
501.661 0.565566
501.663 0.563564
501.669 0.563564
501.677 0.562563
501.69 0.564565
501.203 0.56513
501.205 0.563126
501.212 0.561122
501.22 0.56012
500.743 0.561685
500.755 0.563691
500.76 0.561685
500.774 0.561685
501.286 0.562124
501.308 0.562124
501.315 0.563126
501.325 0.561122
501.346 0.561122
501.353 0.559118
501.357 0.56012
501.359 0.561122
501.365 0.561122
501.38 0.557114
501.388 0.558116
501.392 0.558116
501.397 0.558116
501.399 0.556112
501.407 0.557114
501.418 0.55511
501.432 0.556112
501.441 0.553106
501.453 0.553106
501.457 0.551102
501.474 0.551102
501.482 0.553106
501.487 0.552104
501.495 0.55511
501.512 0.556112
501.519 0.556112
501.533 0.557114
501.54 0.556112
501.545 0.556112
501.551 0.557114
501.559 0.55511
501.56 0.55511
501.567 0.557114
501.587 0.557114
502.105 0.556557
502.108 0.556557
502.115 0.557558
502.133 0.556557
502.15 0.556557
502.16 0.555556
502.18 0.554555
502.189 0.556557
502.198 0.556557
502.218 0.558559
502.221 0.558559
502.233 0.557558
502.248 0.55956
502.254 0.558559
502.266 0.556557
502.287 0.557558
502.293 0.556557
502.3 0.556557
502.307 0.556557
502.313 0.556557
502.322 0.556557
502.339 0.555556
502.353 0.554555
502.369 0.554555
502.386 0.556557
502.404 0.556557
501.911 0.55511
501.927 0.554108
501.948 0.556112
501.949 0.556112
501.958 0.556112
501.978 0.557114
501.985 0.557114
501.994 0.557114
502.01 0.559118
502.031 0.559118
502.043 0.559118
502.059 0.56012
502.075 0.562124
502.077 0.562124
502.087 0.563126
502.108 0.56513
502.11 0.56513
502.119 0.563126
502.132 0.564128
502.137 0.563126
502.144 0.563126
502.165 0.562124
502.178 0.56513
502.18 0.56513
502.194 0.564128
502.2 0.562124
502.215 0.564128
502.232 0.56513
502.254 0.564128
502.258 0.56513
502.26 0.566132
502.776 0.567568
502.789 0.566567
502.796 0.567568
502.831 0.567568
502.833 0.567568
502.839 0.567568
502.842 0.568569
502.855 0.570571
502.859 0.56957
502.871 0.571572
502.881 0.572573
502.896 0.574575
502.9 0.572573
502.902 0.572573
502.905 0.573574
502.916 0.573574
502.919 0.573574
502.934 0.574575
502.957 0.573574
502.465 0.574148
502.48 0.573146
502.495 0.574148
502.51 0.572144
502.516 0.574148
502.521 0.573146
502.526 0.574148
502.535 0.574148
502.555 0.573146
502.565 0.572144
502.575 0.572144
502.598 0.571142
502.608 0.568136
502.617 0.567134
502.649 0.566132
502.668 0.566132
502.693 0.56513
502.712 0.564128
502.718 0.56513
502.723 0.566132
502.746 0.567134
502.762 0.569138
502.772 0.569138
502.778 0.566132
502.784 0.56513
502.794 0.567134
502.798 0.567134
502.811 0.566132
502.818 0.56513
502.819 0.56513
502.829 0.56513
502.838 0.56513
502.86 0.564128
502.879 0.563126
502.883 0.563126
502.914 0.563126
502.954 0.562124
502.979 0.56012
503.488 0.560561
503.49 0.560561
503.496 0.561562
503.498 0.560561
503.512 0.55956
503.522 0.560561
503.546 0.560561
503.551 0.560561
503.559 0.55956
503.585 0.558559
503.596 0.558559
503.603 0.557558
503.615 0.556557
503.624 0.555556
503.637 0.556557
503.664 0.556557
503.669 0.556557
503.686 0.558559
503.706 0.557558
503.73 0.556557
503.737 0.555556
503.766 0.555556
503.783 0.553554
503.793 0.554555
503.803 0.554555
503.81 0.554555
503.818 0.555556
503.33 0.557114
503.345 0.559118
503.383 0.558116
503.392 0.557114
503.399 0.556112
503.411 0.553106
503.417 0.552104
503.93 0.551552
503.942 0.54955
503.949 0.54955
503.974 0.550551
503.983 0.54955
503.989 0.548549
504.528 0.549
504.531 0.549
504.549 0.551
504.55 0.551
504.554 0.55
504.565 0.552
504.581 0.551
504.597 0.551
504.635 0.554
504.645 0.552
504.662 0.553
504.665 0.552
504.672 0.552
504.692 0.551
504.693 0.55
504.733 0.549
504.743 0.549
504.801 0.55
504.814 0.553
504.837 0.554
504.863 0.551
504.883 0.55
504.891 0.55
504.913 0.549
504.92 0.55
504.948 0.548
504.986 0.547
504.996 0.546
505.021 0.545
505.051 0.546
505.078 0.546
505.094 0.546
505.108 0.545
505.122 0.545
505.133 0.546
505.137 0.545
505.169 0.544
505.174 0.543
505.177 0.543
505.207 0.541
505.215 0.54
505.235 0.54
505.237 0.54
505.248 0.54
505.262 0.539
505.269 0.539
505.283 0.54
505.289 0.54
505.304 0.54
505.31 0.54
505.319 0.541
505.322 0.541
505.337 0.542
505.363 0.543
504.868 0.542543
505.423 0.541
505.439 0.543
505.461 0.543
505.463 0.544
505.475 0.544
505.496 0.544
505.531 0.546
505.534 0.546
505.557 0.546
505.582 0.547
505.607 0.547
505.627 0.547
505.641 0.546
505.645 0.546
505.659 0.546
505.667 0.548
505.686 0.545
505.691 0.545
505.704 0.546
505.712 0.546
505.741 0.546
505.744 0.546
505.756 0.544
505.803 0.543
505.81 0.542
505.848 0.543
505.857 0.541
505.86 0.541
505.868 0.54
505.901 0.541
505.914 0.543
505.954 0.544
505.971 0.545
505.986 0.546
506.009 0.547
506.019 0.547
506.021 0.547
506.032 0.548
506.048 0.547
506.051 0.547
506.056 0.547
506.085 0.547
506.096 0.548
506.106 0.548
506.169 0.548
506.19 0.547
506.206 0.547
506.215 0.547
506.246 0.547
506.28 0.548
506.318 0.546
505.822 0.547548
505.83 0.547548
505.847 0.548549
505.864 0.548549
505.876 0.548549
505.882 0.547548
505.896 0.547548
505.898 0.547548
505.937 0.548549
505.947 0.548549
505.971 0.548549
505.981 0.54955
506.011 0.548549
506.044 0.546547
506.083 0.544545
506.097 0.542543
506.13 0.543544
506.144 0.543544
506.146 0.544545
506.215 0.545546
506.234 0.543544
506.242 0.541542
506.263 0.53954
506.268 0.540541
506.272 0.540541
506.279 0.541542
506.292 0.540541
506.298 0.53954
506.354 0.537538
506.357 0.538539
506.369 0.537538
506.383 0.536537
506.417 0.535536
506.444 0.534535
506.472 0.534535
506.522 0.533534
506.543 0.532533
506.58 0.531532
507.123 0.533
507.141 0.534
507.144 0.535
507.172 0.534
506.664 0.534535
506.691 0.532533
506.703 0.533534
506.744 0.532533
506.77 0.534535
506.274 0.533066
506.282 0.533066
506.312 0.531062
506.321 0.531062
506.374 0.531062
506.395 0.531062
506.4 0.531062
506.412 0.533066
506.455 0.533066
506.464 0.53507
