0.0180144 0.506
0.0192 0.518
0.0204316 0.528
0.0216359 0.508
0.0229029 0.502
0.0240968 0.504
0.0253008 0.492
0.026384 0.494
0.0275414 0.5
0.0285801 0.508
0.0295713 0.506
0.0306466 0.512
0.0318209 0.502
0.0330948 0.494
0.0342155 0.492
0.0354587 0.486
0.0367318 0.482
0.0377665 0.48
0.0394255 0.486
0.040656 0.5
0.0421721 0.502
0.0436837 0.506
0.0450493 0.492
0.0461645 0.492
0.0475546 0.506
0.0490238 0.5
0.0505912 0.512
0.0518991 0.512
0.0530787 0.504
0.0543859 0.504
0.0558351 0.496
0.0574236 0.488
0.0587809 0.494
0.0602129 0.498
0.0618399 0.506
0.0631691 0.486
0.0644713 0.484
0.0661468 0.48
0.0676588 0.48
0.0688765 0.494
0.0706311 0.49
0.0719396 0.486
0.0732678 0.498
0.074737 0.486
0.0766499 0.48
0.0783273 0.484
0.0795866 0.486
0.0813443 0.478
0.0828861 0.478
0.0844969 0.476
0.0860475 0.488
0.0876371 0.488
0.0893091 0.496
0.0906705 0.502
0.0923873 0.506
0.0941931 0.5
0.0959054 0.506
0.0978085 0.492
0.0996185 0.476
0.101583 0.484
0.103268 0.486
0.104944 0.488
0.106947 0.484
0.108374 0.484
0.109816 0.488
0.111814 0.49
0.113567 0.496
0.116406 0.506
0.118054 0.506
0.120279 0.506
0.121803 0.494
0.124307 0.492
0.125988 0.494
0.127853 0.5
0.130122 0.496
0.132404 0.492
0.134841 0.5
0.136952 0.504
0.138817 0.504
0.141185 0.508
0.143522 0.512
0.145781 0.51
0.147585 0.51
0.149866 0.51
0.151976 0.508
0.154598 0.512
0.156705 0.51
0.159046 0.5
0.162841 0.5
0.165693 0.5
0.167913 0.496
0.170572 0.51
0.17307 0.51
0.175495 0.506
0.177943 0.506
0.180397 0.496
0.183202 0.5
0.185566 0.496
0.188076 0.496
0.191678 0.502
0.193714 0.504
0.196248 0.508
0.199179 0.496
0.202916 0.504
0.205881 0.504
0.208081 0.498
0.211576 0.494
0.21438 0.494
0.217193 0.496
0.219698 0.492
0.222169 0.488
0.224666 0.494
0.226758 0.494
0.229095 0.506
0.231735 0.508
0.235421 0.516
0.238039 0.52
0.241635 0.516
0.243551 0.518
0.246518 0.514
0.250258 0.516
0.255048 0.52
0.259256 0.512
0.262836 0.51
0.267077 0.514
0.270951 0.512
0.274139 0.518
0.276658 0.512
0.279232 0.508
0.282458 0.51
0.286301 0.512
0.289646 0.512
0.293109 0.51
0.295505 0.51
0.300634 0.512
0.304505 0.514
0.306972 0.514
0.310028 0.508
0.315691 0.508
0.32029 0.502
0.326333 0.504
0.334148 0.496
0.338133 0.494
0.344267 0.488
0.349658 0.488
0.354844 0.492
0.358998 0.492
0.361747 0.498
0.367105 0.496
0.372918 0.488
0.377484 0.49
0.381963 0.498
0.387427 0.498
0.392948 0.504
0.397563 0.508
0.401401 0.506
0.410485 0.494
0.416485 0.492
0.420928 0.496
0.4241 0.498
0.428087 0.498
0.434633 0.5
0.440703 0.502
0.443163 0.5
0.451538 0.504
0.458209 0.5
0.467765 0.494
0.479776 0.49
0.485374 0.486
0.492207 0.488
0.496756 0.484
0.503748 0.49
0.507427 0.484
0.513966 0.488
0.523055 0.492
0.528794 0.492
0.531933 0.492
0.538941 0.496
0.547684 0.498
0.551658 0.5
0.55543 0.5
0.561286 0.494
0.572485 0.5
0.576022 0.508
0.582571 0.502
0.59333 0.496
0.604669 0.504
0.618611 0.496
0.621859 0.496
0.628118 0.496
0.63293 0.494
0.64359 0.49
0.654838 0.49
0.665141 0.498
0.676629 0.494
0.681969 0.496
0.690662 0.494
0.69901 0.498
0.712342 0.492
0.721246 0.494
0.739155 0.494
0.749506 0.498
0.75813 0.498
0.766376 0.492
0.786124 0.496
0.792293 0.496
0.803453 0.498
0.813513 0.496
0.827529 0.494
0.841608 0.498
0.851295 0.5
0.866393 0.506
0.879826 0.514
0.885814 0.512
0.899275 0.516
0.915864 0.516
0.92828 0.516
0.935954 0.516
0.944371 0.516
0.970972 0.518
0.98257 0.516
0.992583 0.514
0.998918 0.52
1.01517 0.518
1.03223 0.518
1.03716 0.522
1.05148 0.514
1.06756 0.51
1.07212 0.516
1.08338 0.522
1.09004 0.522
1.10876 0.526
1.12025 0.532
1.13633 0.53
1.1522 0.532
1.16457 0.524
1.17233 0.522
1.1841 0.522
1.19668 0.516
1.2124 0.512
1.23166 0.514
1.24432 0.512
1.24997 0.512
1.25863 0.516
1.26696 0.52
1.27927 0.524
1.28784 0.526
1.30587 0.526
1.31163 0.526
1.3246 0.532
1.33425 0.532
1.35554 0.53
1.36447 0.528
1.37052 0.52
1.38463 0.518
1.4008 0.52
1.42118 0.52
1.43235 0.528
1.44645 0.524
1.45673 0.53
1.46158 0.528
1.47444 0.52
1.48914 0.53
1.49894 0.534
1.50246 0.538
1.51462 0.54
1.53385 0.542
1.54517 0.548
1.55409 0.548
1.56116 0.552
1.57278 0.554
1.5806 0.554
1.58634 0.554
1.59814 0.56
1.60955 0.556
1.62249 0.562
1.63965 0.566
1.64997 0.564
1.66362 0.558
1.66734 0.558
1.67577 0.562
1.68992 0.56
1.70289 0.562
1.71251 0.564
1.71873 0.564
1.73402 0.568
1.73878 0.566
1.74252 0.566
1.75146 0.566
1.7575 0.57
1.76923 0.566
1.77905 0.566
1.79139 0.572
1.79538 0.574
1.80252 0.578
1.80867 0.578
1.80996 0.58
1.81957 0.588
1.82495 0.59
1.83483 0.592
1.84241 0.594
1.84975 0.598
1.85723 0.598
1.86542 0.6
1.8774 0.602
1.89148 0.61
1.90635 0.608
1.91375 0.608
1.92465 0.608
1.93234 0.608
1.94362 0.606
1.9452 0.606
1.95521 0.604
1.9565 0.606
1.96223 0.61
1.97121 0.606
1.9723 0.604
1.97635 0.608
1.9793 0.612
1.98538 0.614
1.98911 0.614
1.99135 0.616
1.99611 0.614
1.99736 0.61
1.99861 0.61
2.00339 0.608
2.00756 0.61
2.01148 0.608
2.02023 0.61
2.02469 0.612
2.03399 0.614
2.04815 0.616
2.05544 0.618
2.05691 0.622
2.05879 0.62
2.06248 0.62
2.06599 0.624
2.06819 0.622
2.07272 0.626
2.0738 0.63
2.0786 0.632
2.08321 0.636
2.08538 0.636
2.08686 0.638
2.09218 0.648
2.09394 0.648
2.0951 0.648
2.10046 0.644
2.10325 0.65
2.10666 0.65
2.11481 0.656
2.12165 0.652
2.12252 0.65
2.12495 0.65
2.12743 0.65
2.12966 0.65
2.1321 0.65
2.1361 0.654
2.13706 0.654
2.14048 0.658
2.14571 0.654
2.14841 0.658
2.15358 0.658
2.15826 0.658
2.16676 0.658
2.17262 0.66
2.1752 0.662
2.17915 0.662
2.1821 0.666
2.18316 0.668
2.18592 0.668
2.18754 0.67
2.19177 0.672
2.19653 0.668
2.19842 0.67
2.20026 0.672
2.20337 0.67
2.20478 0.67
2.20902 0.67
2.21033 0.668
2.21268 0.668
2.21641 0.67
2.21868 0.67
2.22094 0.67
2.22256 0.67
2.22513 0.67
2.22758 0.67
2.23198 0.672
2.23375 0.672
2.23909 0.67
2.24038 0.67
2.24176 0.668
2.24254 0.668
2.24471 0.67
2.24873 0.67
2.25035 0.67
2.25194 0.674
2.25306 0.676
2.25617 0.672
2.25796 0.676
2.26184 0.678
2.26612 0.678
2.26777 0.678
2.26936 0.678
2.27155 0.68
2.27419 0.676
2.27692 0.674
2.27953 0.678
2.28063 0.678
2.28378 0.68
2.29054 0.68
2.29328 0.682
2.29475 0.682
2.29669 0.688
2.30031 0.684
2.30279 0.686
2.30467 0.686
2.30639 0.688
2.30799 0.686
2.31073 0.688
2.31212 0.686
2.31426 0.688
2.31637 0.688
2.31775 0.688
2.3194 0.686
2.32029 0.686
2.32179 0.686
2.3243 0.684
2.32576 0.686
2.32721 0.686
2.33005 0.686
2.33171 0.688
2.33791 0.694
2.34082 0.696
2.34362 0.696
2.34594 0.696
2.34822 0.696
2.34947 0.696
2.35159 0.698
2.35644 0.702
2.35895 0.706
2.36026 0.706
2.3616 0.704
2.3665 0.704
2.36809 0.704
2.36975 0.704
2.3707 0.704
2.37466 0.706
2.37797 0.708
2.38089 0.708
2.38304 0.71
2.38505 0.71
2.38844 0.712
2.39011 0.712
2.39314 0.71
2.39572 0.71
2.3974 0.71
2.40277 0.71
2.405 0.714
2.40585 0.714
2.40757 0.714
2.40877 0.716
2.41381 0.718
2.41596 0.718
2.41773 0.718
2.42371 0.72
2.42514 0.722
2.42639 0.724
2.4331 0.726
2.43495 0.726
2.43922 0.726
2.44432 0.724
2.44565 0.726
2.44919 0.726
2.45261 0.728
2.45457 0.73
2.46151 0.732
2.46345 0.732
2.46695 0.734
2.46988 0.736
2.4722 0.736
2.47455 0.736
2.47791 0.734
2.4829 0.736
2.48696 0.736
2.49054 0.736
2.49419 0.736
2.49889 0.738
2.50141 0.738
2.50327 0.738
2.50596 0.738
2.50951 0.738
2.51304 0.74
2.51781 0.742
2.52081 0.744
2.52381 0.744
2.52531 0.744
2.52814 0.746
2.53191 0.746
2.53593 0.748
2.5408 0.752
2.54354 0.752
2.5464 0.754
2.55108 0.754
2.55891 0.756
2.56236 0.758
2.56436 0.76
2.56743 0.76
2.57398 0.764
2.57726 0.762
2.58274 0.762
2.58855 0.764
2.5925 0.764
2.59744 0.764
2.60261 0.764
2.60718 0.764
2.60967 0.764
2.61614 0.764
2.61856 0.764
2.6231 0.766
2.62673 0.766
2.62951 0.766
2.63711 0.768
2.63927 0.766
2.64479 0.77
2.64747 0.77
2.65285 0.77
2.65776 0.77
2.66363 0.774
2.66786 0.774
2.67708 0.778
2.68349 0.78
2.69187 0.782
2.69801 0.784
2.70215 0.786
2.70438 0.784
2.7107 0.784
2.71572 0.786
2.72119 0.784
2.72811 0.786
2.73274 0.788
2.74215 0.788
2.74886 0.788
2.75231 0.788
2.75905 0.788
2.76338 0.79
2.76509 0.79
2.76695 0.79
2.77224 0.79
2.77692 0.792
2.78359 0.794
2.79211 0.798
2.79458 0.798
2.8017 0.798
2.81046 0.8
2.82103 0.804
2.8243 0.804
2.83628 0.806
2.84387 0.806
2.84893 0.808
2.85476 0.808
2.86407 0.81
2.85689 0.813627
2.86502 0.815631
2.87381 0.815631
2.88192 0.817635
2.88793 0.817635
2.8867 0.819277
2.89443 0.819277
2.89961 0.819277
2.9066 0.821285
2.9138 0.823293
2.92491 0.823293
2.93404 0.823293
2.93844 0.823293
2.94922 0.825301
2.95796 0.825301
2.96029 0.825301
2.97506 0.827309
2.98014 0.827309
2.9933 0.827309
2.99924 0.827309
3.00207 0.830986
3.00624 0.830986
3.01254 0.830986
3.02576 0.83501
3.0381 0.83501
3.04731 0.840726
3.05568 0.840726
3.05263 0.842424
3.05762 0.842424
3.06501 0.842424
3.0781 0.844444
3.07316 0.846154
3.08331 0.846154
3.08978 0.846154
3.09596 0.849899
3.10088 0.849899
3.10123 0.851626
3.1003 0.851324
3.11194 0.851324
3.11925 0.851324
3.1202 0.85102
3.13002 0.85102
3.14042 0.85102
3.15091 0.85102
3.16298 0.85102
3.17417 0.85102
3.16938 0.850716
3.17899 0.850716
3.18371 0.852459
3.18766 0.852459
3.1948 0.852459
3.20621 0.852459
3.22025 0.854508
3.22988 0.854508
3.24134 0.854508
3.23771 0.854209
3.23941 0.855967
3.24044 0.857732
3.24845 0.857732
3.24818 0.859504
3.26574 0.859504
3.27681 0.859504
3.28879 0.863354
3.27711 0.86875
3.29224 0.870564
3.30487 0.872651
3.3244 0.872651
3.33901 0.872651
3.35016 0.874477
3.34787 0.880252
3.35081 0.88
3.37117 0.88
3.36577 0.881607
3.37367 0.883475
3.35757 0.884861
3.3432 0.88651
3.35027 0.886022
3.35621 0.885776
3.36576 0.887689
3.38483 0.891775
3.38705 0.895652
3.39758 0.897603
3.40977 0.901747
3.37754 0.909492
3.38286 0.913525
3.34714 0.914798
3.34148 0.916667
3.35172 0.91629
3.34805 0.920091
3.32429 0.926097
3.33016 0.925754
3.31818 0.931925
3.31212 0.933492
3.30426 0.940048
3.31386 0.942169
3.31428 0.941748
3.32005 0.941463
3.29105 0.943069
3.26569 0.947236
3.2459 0.949109
3.22138 0.948454
3.15714 0.949735
3.02386 0.955801
2.99436 0.957746
2.94161 0.959654
2.84362 0.964179
2.81196 0.966565
2.81557 0.966258
2.74612 0.968354
2.65845 0.973597
2.57382 0.976109
2.45728 0.978571
2.40136 0.978102
2.29465 0.980916
2.23911 0.980315
2.14151 0.979424
2.04967 0.978355
1.94173 0.981651
1.91673 0.985915
1.83096 0.985294
1.72772 0.989529
1.57682 0.988439
1.49647 0.987805
1.42238 0.987097
1.3012 0.992908
1.15264 0.992063
1.10947 0.991736
0.978365 1
