0.49817 0.502012
0.498172 0.502012
0.49818 0.501006
0.498182 0.501006
0.498189 0.5
0.498201 0.502012
0.498209 0.503018
0.498212 0.506036
0.498219 0.508048
0.498227 0.509054
0.49824 0.508048
0.498252 0.508048
0.498254 0.507042
0.498757 0.506533
0.498762 0.505528
0.498764 0.505528
0.498771 0.505528
0.498784 0.506533
0.498786 0.506533
0.498791 0.507538
0.498797 0.505528
0.498801 0.508543
0.498805 0.508543
0.498808 0.507538
0.498817 0.505528
0.498832 0.508543
0.49885 0.507538
0.498357 0.50503
0.498361 0.506036
0.498362 0.506036
0.498369 0.506036
0.498373 0.506036
0.498376 0.50503
0.498379 0.50503
0.498381 0.50503
0.498387 0.504024
0.498392 0.504024
0.497896 0.504532
0.497904 0.506546
0.497909 0.50856
0.497916 0.505539
0.497923 0.505539
0.497933 0.506546
0.497943 0.505539
0.497946 0.506546
0.497948 0.506546
0.497957 0.505539
0.497467 0.504032
0.497973 0.504532
0.497976 0.502518
0.497983 0.504532
0.497986 0.506546
0.497994 0.507553
0.497998 0.505539
0.498003 0.505539
0.498006 0.503525
0.498522 0.504024
0.498525 0.504024
0.499042 0.508543
0.499045 0.508543
0.499054 0.506533
0.499066 0.506533
0.499568 0.506024
0.499573 0.506024
0.499082 0.506533
0.499591 0.507028
0.499595 0.506024
0.499597 0.506024
0.500099 0.50652
0.500103 0.507523
0.499608 0.507028
0.500113 0.505517
0.499614 0.50502
0.500617 0.50501
0.50062 0.503006
0.500634 0.503006
0.500637 0.502004
0.500644 0.50501
0.500154 0.502508
0.500667 0.504008
0.50067 0.50501
0.500683 0.50501
0.500692 0.50501
0.5007 0.50501
0.500705 0.50501
0.500712 0.50501
0.500716 0.50501
0.500723 0.50501
0.500729 0.506012
0.500733 0.507014
0.500746 0.507014
0.500253 0.507523
0.50026 0.507523
0.500279 0.505517
0.500286 0.503511
0.500297 0.503511
0.500336 0.502508
0.500353 0.499498
0.500354 0.498495
0.500364 0.499498
0.500374 0.499498
0.500384 0.500502
0.500394 0.500502
0.5004 0.500502
0.500403 0.500502
0.500404 0.500502
0.500409 0.498495
0.500916 0.497996
0.50093 0.496994
0.50094 0.49499
0.500956 0.495992
0.500963 0.496994
0.501471 0.495495
0.501479 0.495495
0.501491 0.494494
0.501495 0.494494
0.501501 0.493493
0.501506 0.494494
0.501512 0.494494
0.501521 0.493493
0.501527 0.493493
0.501531 0.492492
0.501544 0.49049
0.501548 0.49049
0.501554 0.49049
0.501557 0.49049
0.501564 0.49049
0.501579 0.49049
0.501584 0.49049
0.501586 0.491491
0.501595 0.491491
0.50162 0.489489
0.501622 0.489489
0.501633 0.488488
0.501635 0.488488
0.500641 0.490471
0.500668 0.489468
0.500674 0.492477
0.50069 0.490471
0.500697 0.490471
0.501208 0.490982
0.501215 0.491984
0.500723 0.491474
0.500728 0.491474
0.500737 0.490471
0.500244 0.491968
0.50026 0.49498
0.500268 0.495984
0.50028 0.49498
0.500787 0.496489
0.500794 0.495486
0.501302 0.493988
0.501309 0.493988
0.501313 0.495992
0.501321 0.497996
0.501326 0.498998
0.501335 0.501002
0.501339 0.502004
0.501346 0.503006
0.500847 0.503511
0.50086 0.499498
0.500863 0.498495
0.500879 0.498495
0.500881 0.499498
0.500883 0.499498
0.500886 0.499498
0.500904 0.500502
0.500917 0.500502
0.500931 0.500502
0.500936 0.501505
0.500948 0.498495
0.500949 0.498495
0.500957 0.498495
0.500968 0.498495
0.50047 0.5
0.500481 0.498996
0.500489 0.497992
0.500493 0.498996
0.500502 0.5
0.500511 0.5
0.500516 0.498996
0.500527 0.497992
0.500532 0.497992
0.500546 0.495984
0.501568 0.495992
0.501578 0.497996
0.501585 0.496994
0.501596 0.492986
0.501606 0.49499
0.501608 0.49499
0.501611 0.495992
0.501615 0.497996
0.501625 0.498998
0.50163 0.498998
0.501633 0.498998
0.501641 0.5
0.501155 0.499498
0.501664 0.5
0.501674 0.5
0.502207 0.500501
0.502215 0.501502
0.502223 0.503504
0.502224 0.503504
0.502235 0.504505
0.502243 0.502503
0.502246 0.502503
0.502255 0.502503
0.502266 0.501502
0.502271 0.501502
0.502297 0.501502
0.502308 0.500501
0.501818 0.5
0.501831 0.497996
0.50185 0.497996
0.501853 0.498998
0.501356 0.498495
0.501375 0.497492
0.501376 0.497492
0.501388 0.495486
0.50139 0.495486
0.501392 0.495486
0.501407 0.495486
0.501417 0.496489
0.501421 0.495486
0.501929 0.496994
0.501931 0.496994
0.502438 0.496496
0.502453 0.494494
0.502468 0.494494
0.502479 0.493493
0.502492 0.493493
0.502014 0.493988
0.502023 0.49499
0.50203 0.495992
0.502039 0.497996
0.502054 0.497996
0.50208 0.496994
0.502088 0.5
0.502103 0.501002
0.502107 0.502004
0.502123 0.502004
0.502126 0.502004
0.502134 0.502004
0.502141 0.503006
0.502152 0.502004
0.502156 0.502004
0.502165 0.502004
0.502181 0.502004
0.502186 0.502004
0.502202 0.503006
0.502219 0.501002
0.502228 0.502004
0.502234 0.501002
0.502246 0.501002
0.502262 0.502004
0.502279 0.502004
0.502286 0.502004
0.502295 0.504008
0.502311 0.504008
0.502313 0.504008
0.502324 0.504008
0.50233 0.504008
0.502344 0.504008
0.502352 0.506012
0.502878 0.506507
0.502895 0.502503
0.5029 0.501502
0.502909 0.500501
0.502946 0.503504
0.502953 0.502503
0.502964 0.503504
0.502969 0.504505
0.502972 0.504505
0.502991 0.503504
0.503009 0.502503
0.503021 0.503504
0.50303 0.503504
0.503035 0.504505
0.503045 0.505506
0.503067 0.502503
0.503071 0.502503
0.503074 0.502503
0.503082 0.502503
0.503098 0.504505
0.503115 0.504505
0.502624 0.50501
0.503139 0.505506
0.503141 0.505506
0.503147 0.506507
0.503151 0.507508
0.503153 0.507508
0.503155 0.507508
0.503169 0.508509
0.503204 0.507508
0.503225 0.506507
0.503242 0.507508
0.503259 0.504505
0.503284 0.503504
0.503297 0.504505
0.503306 0.505506
0.503311 0.505506
0.503312 0.506507
0.503329 0.506507
0.503337 0.505506
0.503345 0.506507
0.503368 0.506507
0.503381 0.50951
0.503388 0.50951
0.503397 0.50951
0.50342 0.50951
0.50343 0.50951
0.503436 0.50951
0.503438 0.508509
0.503445 0.50951
0.503453 0.50951
0.503459 0.510511
0.503481 0.514515
0.503494 0.512513
0.50351 0.511512
0.503523 0.511512
0.503533 0.511512
0.503552 0.508509
0.503558 0.508509
0.503562 0.507508
0.503086 0.508016
0.502589 0.508526
0.502592 0.508526
0.502601 0.509529
0.502607 0.508526
0.502619 0.508526
0.502651 0.507523
0.503683 0.505506
0.503702 0.506507
0.504219 0.508
0.504224 0.507
0.504236 0.507
0.504252 0.508
0.504263 0.508
0.504284 0.508
0.504301 0.509
0.504319 0.51
0.504331 0.508
0.504334 0.508
0.50435 0.506
0.50436 0.506
0.504381 0.507
0.504394 0.507
0.504409 0.507
0.504433 0.509
0.504453 0.51
0.504475 0.51
0.504526 0.508
0.50453 0.508
0.504538 0.508
0.504544 0.508
0.504558 0.508
0.504574 0.506
0.504583 0.507
0.504595 0.507
0.504617 0.507
0.504625 0.508
0.504638 0.507
0.504657 0.509
0.50466 0.509
0.504694 0.51
0.504707 0.51
0.504753 0.51
0.504768 0.509
0.504785 0.508
0.504806 0.51
0.504808 0.51
0.504847 0.509
0.504858 0.511
0.504865 0.511
0.504886 0.511
0.504916 0.512
0.504931 0.512
0.504952 0.511
0.505002 0.512
0.505004 0.51
0.505035 0.511
0.505038 0.512
0.505063 0.51
0.505067 0.51
0.505088 0.51
0.505107 0.51
0.505127 0.51
0.505132 0.509
0.505134 0.509
0.50515 0.508
0.505152 0.507
0.504663 0.506507
0.504674 0.508509
0.505188 0.509
0.505217 0.509
0.505234 0.508
0.505237 0.51
0.505251 0.509
0.505264 0.51
0.505272 0.509
0.50528 0.509
0.505294 0.509
0.505311 0.508
0.505353 0.51
0.505397 0.51
0.505408 0.51
0.505415 0.509
0.505432 0.51
0.505447 0.507
0.505462 0.506
0.505481 0.504
0.505502 0.504
0.50551 0.505
0.50555 0.503
0.50556 0.503
0.505584 0.504
0.505588 0.504
0.505605 0.503
0.505608 0.502
0.505625 0.502
0.505649 0.502
0.505675 0.503
0.50568 0.502
0.505697 0.503
0.505714 0.503
0.50574 0.504
0.505796 0.503
0.505814 0.501
0.505819 0.501
0.505837 0.502
0.50586 0.502
0.505887 0.501
0.505903 0.503
0.505911 0.503
0.505928 0.503
0.505941 0.505
0.505967 0.505
0.505975 0.505
0.505996 0.506
0.506009 0.508
0.506012 0.508
0.506032 0.508
0.506046 0.508
0.506064 0.507
0.506088 0.508
0.506093 0.508
0.506115 0.509
0.506124 0.509
0.506137 0.51
0.506181 0.51
0.506191 0.51
0.506195 0.509
0.506215 0.508
0.506218 0.508
0.506226 0.508
0.506237 0.509
0.506248 0.509
0.506268 0.51
0.506279 0.509
0.506305 0.512
0.506331 0.511
0.506365 0.512
0.50637 0.512
0.506389 0.51
0.50639 0.51
0.506394 0.51
0.506401 0.511
0.506409 0.512
0.506432 0.513
0.506455 0.515
0.50646 0.516
0.506491 0.516
0.506512 0.517
0.506539 0.519
0.506551 0.519
0.506555 0.52
0.506579 0.521
0.506613 0.522
0.506625 0.523
0.506631 0.524
0.506651 0.527
0.506729 0.526
0.506764 0.529
0.506765 0.529
0.506778 0.53
0.506798 0.53
0.506807 0.532
0.506813 0.532
0.506823 0.533
0.506828 0.532
0.506866 0.534
0.506877 0.534
0.506902 0.534
0.50692 0.533
0.506941 0.53
0.506968 0.529
0.506978 0.528
0.50701 0.527
0.507014 0.527
0.507045 0.527
0.507063 0.527
0.507099 0.529
0.507111 0.53
0.507142 0.529
0.507154 0.53
0.507156 0.529
0.507201 0.527
0.507213 0.527
0.507237 0.527
0.507266 0.528
0.507309 0.527
0.507342 0.527
0.507382 0.531
0.507412 0.531
0.507446 0.533
0.507544 0.534
0.507576 0.535
0.507587 0.536
0.507621 0.535
0.507685 0.536
0.50774 0.535
0.507754 0.535
0.507776 0.534
0.507801 0.535
0.507824 0.534
0.507829 0.533
0.507843 0.528
0.507881 0.527
0.50791 0.528
0.507912 0.528
0.507951 0.529
0.507995 0.528
0.507999 0.529
0.508001 0.529
0.508009 0.53
0.50802 0.531
0.508039 0.53
0.507574 0.52953
0.507604 0.527528
0.507615 0.525526
0.507655 0.527528
0.507679 0.526527
0.507697 0.526527
0.507706 0.527528
0.507751 0.528529
0.508274 0.528
0.508313 0.531
0.50832 0.531
0.508332 0.531
0.508335 0.531
0.508367 0.532
0.508438 0.534
0.508467 0.535
0.508526 0.537
0.508572 0.535
0.508579 0.535
0.508586 0.535
0.508607 0.535
0.508616 0.535
0.508669 0.536
0.508684 0.536
0.508687 0.536
0.508745 0.537
0.508758 0.537
0.508819 0.539
0.508819 0.539
0.508824 0.54
0.508844 0.54
0.508856 0.541
0.508913 0.54
0.508987 0.538
0.509021 0.54
0.509042 0.54
0.509117 0.541
0.509133 0.54
0.509134 0.54
0.5092 0.539
0.509231 0.542
0.509239 0.541
0.509247 0.542
0.50929 0.543
0.509292 0.543
0.509343 0.542
0.509376 0.543
0.509395 0.544
0.509401 0.545
0.509433 0.546
0.509471 0.546
0.509478 0.546
0.509507 0.546
0.509517 0.545
0.509523 0.545
0.509569 0.548
0.509578 0.547
0.509611 0.547
0.509625 0.548
0.509659 0.549
0.509681 0.549
0.509695 0.549
0.509734 0.549
0.509763 0.547
0.509778 0.547
0.509791 0.549
0.509855 0.549
0.509929 0.55
0.509964 0.551
0.509982 0.551
0.510052 0.549
0.510074 0.548
0.510099 0.548
0.510138 0.547
0.51014 0.547
0.510187 0.547
0.510242 0.548
0.510264 0.549
0.510313 0.549
0.510319 0.549
0.510324 0.549
0.510335 0.549
0.510373 0.549
0.510427 0.549
0.510472 0.55
0.510512 0.551
0.510514 0.551
0.510534 0.553
0.510587 0.553
0.510656 0.555
0.510692 0.555
0.510694 0.555
0.510736 0.555
0.510773 0.554
0.510829 0.555
0.51085 0.555
0.510897 0.554
0.51091 0.553
0.510972 0.552
0.510558 0.553554
0.510601 0.553554
0.510641 0.552553
0.510693 0.552553
0.510712 0.553554
0.51074 0.553554
0.510815 0.553554
0.510821 0.554555
0.510846 0.553554
0.510955 0.554555
0.51099 0.556557
0.511001 0.556557
0.511552 0.56
0.511572 0.56
0.511595 0.56
0.511611 0.559
0.511633 0.558
0.51165 0.556
0.511745 0.556
0.511792 0.555
0.511882 0.553
0.511905 0.552
0.51193 0.553
0.512018 0.552
0.512052 0.553
0.512083 0.552
0.512087 0.551
0.512109 0.551
0.512138 0.548
0.512155 0.548
0.512194 0.547
0.512208 0.547
0.512212 0.547
0.512242 0.547
0.512279 0.548
0.512313 0.549
0.512362 0.547
0.51242 0.547
0.512464 0.545
0.512513 0.546
0.512564 0.545
0.512588 0.545
0.512601 0.544
0.512605 0.543
0.512662 0.545
0.512751 0.543
0.512752 0.543
0.512768 0.543
0.512827 0.544
0.512915 0.544
0.512923 0.544
0.512977 0.542
0.512981 0.543
0.512988 0.543
0.513076 0.542
0.513174 0.543
0.513236 0.543
0.5133 0.545
0.513304 0.545
0.513349 0.546
0.513371 0.547
0.513383 0.547
0.513421 0.548
0.513446 0.548
0.512989 0.548549
0.512991 0.548549
0.513016 0.548549
0.513084 0.548549
0.513096 0.548549
0.513103 0.548549
0.513104 0.548549
0.513152 0.548549
0.513182 0.548549
0.513194 0.54955
0.51323 0.54955
0.513263 0.550551
0.512784 0.549098
0.512797 0.549098
0.512808 0.549098
0.512855 0.547094
0.512937 0.546092
0.512941 0.546092
0.512984 0.547094
0.513502 0.548549
0.514065 0.55
0.514078 0.551
0.514106 0.552
0.514149 0.553
0.514184 0.553
0.514185 0.553
0.514289 0.555
0.514312 0.554
0.514351 0.554
0.514359 0.555
0.514439 0.557
0.514479 0.557
0.514583 0.556
0.514669 0.557
0.514694 0.556
0.514804 0.555
0.514845 0.555
0.514872 0.555
0.514918 0.555
0.514936 0.554
0.514945 0.554
0.515008 0.553
0.515037 0.554
0.515061 0.553
0.515076 0.553
0.515169 0.554
0.515206 0.555
0.515206 0.555
0.515249 0.555
0.515279 0.555
0.515315 0.556
0.515354 0.555
0.515378 0.554
0.515384 0.553
0.515498 0.554
0.515611 0.554
0.51569 0.552
0.515734 0.554
0.515779 0.554
0.515786 0.554
0.515795 0.552
0.515804 0.552
0.515873 0.55
0.515884 0.551
0.515921 0.552
0.515923 0.552
0.516013 0.551
0.516056 0.552
0.516091 0.551
0.516098 0.551
0.516183 0.55
0.516189 0.551
0.51619 0.551
0.516237 0.553
0.516313 0.554
0.516362 0.554
0.51637 0.555
0.516375 0.555
0.516493 0.554
0.516503 0.555
0.516566 0.556
0.51657 0.556
0.5166 0.557
0.516653 0.557
0.516699 0.557
0.516734 0.557
0.516757 0.558
0.516864 0.557
0.516922 0.557
0.516976 0.558
0.517001 0.558
0.517084 0.558
0.517151 0.557
0.517213 0.554
0.517309 0.553
0.517325 0.552
0.517423 0.551
0.517508 0.551
0.517618 0.554
0.517656 0.555
0.517692 0.556
0.517741 0.555
0.517766 0.555
0.517804 0.555
0.517857 0.555
0.517892 0.554
0.517938 0.553
0.518026 0.556
0.518034 0.557
0.518084 0.559
0.518084 0.559
0.518118 0.56
0.518161 0.561
0.518173 0.561
0.518177 0.561
0.518221 0.563
0.518234 0.562
0.518299 0.562
0.518433 0.563
0.518478 0.563
0.518531 0.561
0.518575 0.561
0.518614 0.561
0.518691 0.563
0.518733 0.563
0.518757 0.563
0.518847 0.563
0.518919 0.562
0.519039 0.56
0.519101 0.561
0.519113 0.562
0.519147 0.563
0.519328 0.565
0.51936 0.566
0.519368 0.566
0.519437 0.566
0.519521 0.566
0.519655 0.568
0.519757 0.567
0.519805 0.567
0.519814 0.568
0.519822 0.568
0.519862 0.567
0.519934 0.568
0.519975 0.568
0.520005 0.568
0.52011 0.568
0.520123 0.568
0.520159 0.569
0.520235 0.571
0.520284 0.571
0.520393 0.57
0.520475 0.571
0.520513 0.571
0.520514 0.571
0.520587 0.57
0.520651 0.57
0.520689 0.569
0.520728 0.569
0.520865 0.57
0.520933 0.569
0.520954 0.57
0.521016 0.57
0.521075 0.569
0.521083 0.568
0.521115 0.567
0.5212 0.567
0.521338 0.566
0.521402 0.567
0.521429 0.567
0.52157 0.569
0.521599 0.569
0.521656 0.569
0.521736 0.569
0.52179 0.569
0.521795 0.569
0.521819 0.569
0.521904 0.57
0.521955 0.572
0.521975 0.572
0.522111 0.572
0.522114 0.572
0.522144 0.571
0.522155 0.571
0.522244 0.57
0.522256 0.569
0.522305 0.568
0.52237 0.568
0.522377 0.568
0.522385 0.568
0.522417 0.569
0.522491 0.569
0.522541 0.569
0.522584 0.569
0.522687 0.571
0.52277 0.572
0.522853 0.571
0.522966 0.571
0.523065 0.57
0.523083 0.57
0.523151 0.568
0.523232 0.57
0.523274 0.569
0.52331 0.568
0.523386 0.567
0.523531 0.566
0.52358 0.567
0.523664 0.566
0.523756 0.565
0.523786 0.563
0.523934 0.564
0.523947 0.564
0.523959 0.563
0.523988 0.563
0.524055 0.563
0.524181 0.566
0.524208 0.567
0.524213 0.567
0.524273 0.567
0.524295 0.566
0.524386 0.569
0.524411 0.569
0.524486 0.568
0.524588 0.568
0.524666 0.568
0.52472 0.566
0.52478 0.565
0.524801 0.563
0.524911 0.563
0.524915 0.563
0.525043 0.563
0.525214 0.565
0.525232 0.566
0.525361 0.567
0.525431 0.568
0.525439 0.568
0.525459 0.569
0.525582 0.569
0.525617 0.57
0.525749 0.571
0.525921 0.571
0.525977 0.572
0.526035 0.573
0.52611 0.572
0.526139 0.572
0.526218 0.571
0.526287 0.571
0.52632 0.572
0.526367 0.572
0.526476 0.571
0.5265 0.57
0.526515 0.571
0.526524 0.571
0.526631 0.572
0.526693 0.571
0.52677 0.572
0.52677 0.572
0.526779 0.572
0.52684 0.572
0.526848 0.572
0.526849 0.572
0.526949 0.573
0.527032 0.574
0.527047 0.574
0.527097 0.575
0.527184 0.577
0.527293 0.577
0.527389 0.576
0.52743 0.575
0.52747 0.575
0.527514 0.574
0.527586 0.575
0.527629 0.573
0.527701 0.574
0.527853 0.572
0.527896 0.571
0.528012 0.572
0.528042 0.572
0.528089 0.573
0.528163 0.572
0.52822 0.572
0.528327 0.57
0.528423 0.569
0.528453 0.568
0.528489 0.567
0.528618 0.565
0.528647 0.565
0.528702 0.565
0.528756 0.565
0.528872 0.565
0.52889 0.566
0.528917 0.566
0.528952 0.566
0.529061 0.566
0.529143 0.567
0.52919 0.569
0.529281 0.569
0.529426 0.57
0.529525 0.571
0.529035 0.572573
0.529103 0.572573
0.529168 0.574575
0.52922 0.573574
0.529285 0.575576
0.529364 0.575576
0.530148 0.576
0.530288 0.575
0.530343 0.574
0.530385 0.574
0.530426 0.573
0.530609 0.574
0.530654 0.573
0.530716 0.574
0.530718 0.573
0.530768 0.573
0.530864 0.574
0.530976 0.573
0.53103 0.573
0.531138 0.572
0.531228 0.572
0.531295 0.572
0.531401 0.574
0.531509 0.574
0.531586 0.575
0.531672 0.576
0.531768 0.577
0.531797 0.577
0.531965 0.58
0.532037 0.581
0.532166 0.581
0.532183 0.58
0.532271 0.58
0.532273 0.58
0.532359 0.579
0.532478 0.577
0.532673 0.579
0.532725 0.58
0.532908 0.58
0.53302 0.579
0.533079 0.579
0.53317 0.579
0.533227 0.579
0.533257 0.579
0.533355 0.578
0.533504 0.578
0.533626 0.579
0.533755 0.579
0.533762 0.579
0.533793 0.578
0.533831 0.576
0.533925 0.575
0.534035 0.575
0.534062 0.574
0.534159 0.572
0.534228 0.571
0.534273 0.571
0.534385 0.569
0.534401 0.569
0.534505 0.571
0.534559 0.571
0.534699 0.571
0.534714 0.571
0.534782 0.571
0.534815 0.572
0.534854 0.572
0.534933 0.571
0.535173 0.571
0.535194 0.572
0.535269 0.574
0.535486 0.57
0.535508 0.569
0.535546 0.57
0.535751 0.567
0.535865 0.567
0.535911 0.567
0.535931 0.567
0.535934 0.567
0.535991 0.568
0.536081 0.569
0.536123 0.569
0.53619 0.569
0.536192 0.569
0.536357 0.57
0.536479 0.569
0.536597 0.57
0.536779 0.57
0.536895 0.568
0.536949 0.566
0.537204 0.567
0.537302 0.568
0.537377 0.569
0.537434 0.569
0.537509 0.569
0.537537 0.569
0.537697 0.57
0.537958 0.57
0.538105 0.57
0.538191 0.571
0.538263 0.573
0.538368 0.57
0.538469 0.57
0.538515 0.568
0.538538 0.568
0.538538 0.568
0.538607 0.569
0.538634 0.569
0.538727 0.566
0.53881 0.566
0.538929 0.566
0.539006 0.567
0.53915 0.568
0.5392 0.569
0.539265 0.569
0.539326 0.568
0.539403 0.567
0.539482 0.566
0.539544 0.565
0.539566 0.565
0.539612 0.565
0.539753 0.564
0.539982 0.564
0.540039 0.563
0.540287 0.564
0.540405 0.564
0.540576 0.563
0.540698 0.563
0.540747 0.563
0.540924 0.56
0.541057 0.561
0.541147 0.561
0.541179 0.561
0.541206 0.561
0.541337 0.561
0.54135 0.562
0.541447 0.561
0.541629 0.561
0.541655 0.56
0.541715 0.561
0.541737 0.562
0.541765 0.56
0.541885 0.56
0.542085 0.559
0.542164 0.558
0.542204 0.557
0.542515 0.559
0.542685 0.558
0.542686 0.558
0.542894 0.558
0.54302 0.557
0.543158 0.557
0.543239 0.557
0.543414 0.558
0.543477 0.559
0.543528 0.559
0.543553 0.558
0.543688 0.559
0.543741 0.557
0.543801 0.557
0.543899 0.558
0.544051 0.557
0.544159 0.557
0.544197 0.557
0.544392 0.558
0.544466 0.559
0.544555 0.557
0.544686 0.556
0.544755 0.556
0.544857 0.556
0.545153 0.555
0.545276 0.555
0.545292 0.554
0.545405 0.555
0.545598 0.557
0.545624 0.557
0.545735 0.556
0.54599 0.558
0.546179 0.559
0.546259 0.56
0.546335 0.56
0.546368 0.559
0.546426 0.56
0.546451 0.559
0.546644 0.559
0.546653 0.558
0.546704 0.557
0.546833 0.558
0.546844 0.558
0.546896 0.557
0.547 0.558
0.54704 0.558
0.547041 0.558
0.547081 0.558
0.547114 0.558
0.547154 0.557
0.547217 0.557
0.547318 0.558
0.54737 0.558
0.54748 0.558
0.547518 0.557
0.547647 0.556
0.547731 0.557
0.547782 0.556
0.547941 0.556
0.54798 0.557
0.548176 0.558
0.548297 0.559
0.548321 0.559
0.548335 0.559
0.548457 0.559
0.548532 0.559
0.548767 0.563
0.548892 0.564
0.54893 0.564
0.549076 0.563
0.5491 0.564
0.549179 0.564
0.54927 0.565
0.549424 0.565
0.549514 0.565
0.549556 0.564
0.549717 0.564
0.549753 0.564
0.549914 0.566
0.550015 0.566
0.550411 0.567
0.550441 0.567
0.550613 0.567
0.550625 0.567
0.550826 0.567
0.550935 0.567
0.551117 0.566
0.551297 0.564
0.551396 0.565
0.551506 0.566
0.551565 0.565
0.551761 0.566
0.55186 0.567
0.551994 0.567
0.552055 0.565
0.552263 0.564
0.552347 0.564
0.552442 0.562
0.552476 0.561
0.552586 0.563
0.552696 0.563
0.552742 0.563
0.5528 0.562
0.553067 0.562
0.55313 0.561
0.553245 0.564
0.553286 0.565
0.553305 0.564
0.553377 0.563
0.553504 0.561
0.553709 0.563
0.553855 0.561
0.55402 0.561
0.554254 0.56
0.554303 0.56
0.554359 0.559
0.554412 0.559
0.554588 0.561
0.554593 0.562
0.554643 0.561
0.554666 0.561
0.554787 0.56
0.55483 0.56
0.554995 0.562
0.555156 0.561
0.555282 0.562
0.555561 0.56
0.555657 0.56
0.555801 0.561
0.555949 0.561
0.556184 0.56
0.55633 0.561
0.556364 0.562
0.556394 0.563
0.556565 0.565
0.556818 0.564
0.556835 0.565
0.556962 0.565
0.557115 0.565
0.557238 0.564
0.557364 0.565
0.557394 0.566
0.557595 0.565
0.557814 0.564
0.557847 0.565
0.557934 0.566
0.557937 0.566
0.558048 0.566
0.55813 0.569
0.558216 0.569
0.558434 0.568
0.55847 0.569
0.558572 0.568
0.558574 0.568
0.558691 0.569
0.558743 0.57
0.558841 0.571
0.55911 0.571
0.559127 0.571
0.559346 0.57
0.559424 0.569
0.559531 0.57
0.559675 0.569
0.559857 0.569
0.560082 0.571
0.56013 0.571
0.560162 0.572
0.56027 0.571
0.560291 0.57
0.560369 0.571
0.560452 0.571
0.560488 0.571
0.560871 0.571
0.561124 0.575
0.561376 0.575
0.561546 0.575
0.561596 0.575
0.561647 0.577
0.561675 0.577
0.56181 0.577
0.561941 0.578
0.562101 0.579
0.562273 0.579
0.562434 0.579
0.562736 0.583
0.562755 0.583
0.562783 0.583
0.562984 0.584
0.563139 0.585
0.563266 0.585
0.563269 0.585
0.563463 0.585
0.563489 0.585
0.563562 0.586
0.563591 0.586
0.563668 0.586
0.56375 0.588
0.563803 0.588
0.563823 0.588
0.563878 0.588
0.563993 0.588
0.564134 0.589
0.564136 0.589
0.564216 0.587
0.564309 0.587
0.56456 0.59
0.564592 0.59
0.564623 0.589
0.564695 0.589
0.564777 0.587
0.56487 0.586
0.565007 0.586
0.565083 0.587
0.565083 0.587
0.565214 0.588
0.565499 0.588
0.56551 0.588
0.565691 0.589
0.565884 0.589
0.566044 0.588
0.566064 0.587
0.566276 0.588
0.566574 0.59
0.566581 0.589
0.566644 0.59
0.566702 0.591
0.566776 0.59
0.566921 0.591
0.566988 0.591
0.567046 0.592
0.567204 0.591
0.567399 0.59
0.567699 0.59
0.567831 0.59
0.567894 0.59
0.568054 0.591
0.568223 0.592
0.568356 0.592
0.568511 0.592
0.568636 0.593
0.56888 0.592
0.569005 0.592
0.569194 0.594
0.569233 0.593
0.569294 0.593
0.569406 0.594
0.569495 0.594
0.569609 0.594
0.569759 0.594
0.569851 0.594
0.569949 0.596
0.569972 0.595
0.569988 0.595
0.570226 0.596
0.57049 0.592
0.570598 0.591
0.570793 0.591
0.571074 0.592
0.571119 0.592
0.571288 0.594
0.571399 0.593
0.571412 0.593
0.571561 0.594
0.571617 0.593
0.571706 0.593
0.571721 0.593
0.571807 0.594
0.571889 0.594
0.571941 0.594
0.572049 0.594
0.572164 0.592
0.572165 0.592
0.572202 0.592
0.572514 0.594
0.572614 0.595
0.572764 0.595
0.572829 0.595
0.572928 0.593
0.573168 0.594
0.573361 0.594
0.573408 0.594
0.573505 0.594
0.573547 0.593
0.5736 0.593
0.573735 0.594
0.573785 0.595
0.573852 0.596
0.574019 0.598
0.574045 0.598
0.574169 0.6
0.574445 0.601
0.574673 0.601
0.574745 0.599
0.574797 0.6
0.574925 0.6
0.575129 0.601
0.575181 0.601
0.575226 0.601
0.575376 0.601
0.575452 0.601
0.575762 0.6
0.575857 0.6
0.57593 0.6
0.576113 0.6
0.576173 0.6
0.576321 0.602
0.576366 0.602
0.576431 0.605
0.576512 0.606
0.57666 0.607
0.57685 0.605
0.576853 0.605
0.576988 0.604
0.577098 0.603
0.577202 0.602
0.577287 0.601
0.577437 0.6
0.57752 0.6
0.577745 0.599
0.577814 0.599
0.578032 0.599
0.578126 0.6
0.578234 0.6
0.578359 0.6
0.578538 0.6
0.57854 0.6
0.578619 0.6
0.578758 0.6
0.578857 0.6
0.578914 0.601
0.579034 0.6
0.579113 0.601
0.579293 0.6
0.579389 0.6
0.579505 0.6
0.579557 0.6
0.579704 0.599
0.579823 0.598
0.57994 0.599
0.580009 0.597
0.580241 0.596
0.580444 0.596
0.580672 0.596
0.580701 0.596
0.580895 0.596
0.580985 0.597
0.581051 0.596
0.581149 0.597
0.581308 0.597
0.581352 0.597
0.581594 0.599
0.581722 0.6
0.581994 0.598
0.582018 0.598
0.582142 0.598
0.582216 0.598
0.582266 0.598
0.582426 0.597
0.582685 0.599
0.582758 0.598
0.582927 0.599
0.58316 0.6
0.583241 0.599
0.583362 0.601
0.583645 0.603
0.583927 0.602
0.584094 0.602
0.584348 0.602
0.584453 0.601
0.58451 0.602
0.584664 0.601
0.584789 0.601
0.584882 0.6
0.585117 0.6
0.585173 0.599
0.585254 0.599
0.58537 0.599
0.585396 0.599
0.585495 0.599
0.585578 0.598
0.585703 0.599
0.585882 0.599
0.586074 0.599
0.586095 0.599
0.586155 0.6
0.586182 0.599
0.586215 0.599
0.586367 0.598
0.58647 0.599
0.586552 0.599
0.586651 0.6
0.58683 0.6
0.586921 0.599
0.587208 0.6
0.587263 0.6
0.587427 0.599
0.587559 0.6
0.587786 0.6
0.58785 0.6
0.588071 0.601
0.588259 0.601
0.588298 0.601
0.588392 0.601
0.588585 0.6
0.588649 0.6
0.588733 0.6
0.588793 0.6
0.588968 0.602
0.589025 0.602
0.589206 0.603
0.589433 0.603
0.589707 0.606
0.589732 0.606
0.589758 0.605
0.589873 0.605
0.590041 0.606
0.59019 0.606
0.590308 0.607
0.59032 0.607
0.590424 0.608
0.59067 0.608
0.590858 0.608
0.590993 0.608
0.591174 0.608
0.591261 0.609
0.591285 0.609
0.591356 0.609
0.591359 0.609
0.59145 0.609
0.591507 0.61
0.591509 0.61
0.591645 0.611
0.591716 0.612
0.591754 0.613
0.591882 0.613
0.592033 0.613
0.592173 0.613
0.592269 0.613
0.592363 0.613
0.592637 0.612
0.59267 0.611
0.592671 0.611
0.592674 0.61
0.593135 0.608
0.593342 0.608
0.593491 0.607
0.593631 0.607
0.593691 0.607
0.59399 0.604
0.594248 0.605
0.594338 0.605
0.594535 0.605
0.594589 0.604
0.594973 0.602
0.595084 0.603
0.595222 0.603
0.595264 0.603
0.595609 0.604
0.595829 0.604
0.596056 0.604
0.596252 0.605
0.596378 0.604
0.596434 0.604
0.596741 0.604
0.596871 0.605
0.596872 0.605
0.597076 0.605
0.59716 0.605
0.597251 0.604
0.597283 0.604
0.597324 0.604
0.597485 0.603
0.597563 0.603
0.597796 0.602
0.597847 0.601
0.598039 0.601
0.598067 0.601
0.598165 0.6
0.598343 0.599
0.598438 0.599
0.598658 0.602
0.599032 0.603
0.599077 0.603
0.599255 0.604
0.599373 0.605
0.599526 0.604
0.599594 0.604
0.599898 0.603
0.600073 0.603
0.600357 0.604
0.60051 0.604
0.600902 0.604
0.601084 0.605
0.601173 0.605
0.601298 0.605
0.601545 0.604
0.601848 0.602
0.6021 0.601
0.602122 0.601
0.602374 0.601
0.602463 0.601
0.602582 0.601
0.602649 0.602
0.602762 0.603
0.602858 0.603
0.602974 0.602
0.603179 0.603
0.603276 0.604
0.603297 0.604
0.603451 0.604
0.60372 0.604
0.603842 0.605
0.603999 0.607
0.604073 0.607
0.604205 0.608
0.604494 0.607
0.604709 0.608
0.60482 0.607
0.604957 0.607
0.605093 0.607
0.605296 0.607
0.605399 0.606
0.605612 0.606
0.605624 0.606
0.605856 0.606
0.605977 0.607
0.606209 0.607
0.606243 0.605
0.606387 0.607
0.606603 0.607
0.606757 0.608
0.606858 0.609
0.606976 0.609
0.607025 0.608
0.607251 0.608
0.607511 0.607
0.607654 0.607
0.607752 0.606
0.60785 0.606
0.607863 0.606
0.608042 0.606
0.608133 0.606
0.608198 0.607
0.608275 0.608
0.608366 0.608
0.608414 0.608
0.608477 0.609
0.608556 0.608
0.608618 0.607
0.608908 0.606
0.609018 0.606
0.609139 0.606
0.609393 0.607
0.60947 0.607
0.609588 0.606
0.609643 0.606
0.60984 0.607
0.609985 0.606
0.609989 0.606
0.610315 0.607
0.610326 0.607
0.610429 0.608
0.610433 0.608
0.610484 0.608
0.610491 0.609
0.610513 0.609
0.61087 0.611
0.610963 0.61
0.611084 0.61
0.6112 0.611
0.611297 0.61
0.611484 0.61
0.611746 0.61
0.612065 0.609
0.612223 0.61
0.612473 0.612
0.612523 0.612
0.612742 0.612
0.612956 0.613
0.613434 0.614
0.613632 0.614
0.613706 0.614
0.613805 0.614
0.613833 0.613
0.613892 0.614
0.613934 0.614
0.614083 0.613
0.614322 0.613
0.614604 0.613
0.61489 0.612
0.615134 0.613
0.615176 0.613
0.615393 0.612
0.615547 0.611
0.615605 0.612
0.615962 0.611
0.616138 0.611
0.616138 0.611
0.616414 0.61
0.616439 0.611
0.616635 0.611
0.616894 0.611
0.617156 0.611
0.617242 0.61
0.617243 0.61
0.617374 0.61
0.617608 0.611
0.617718 0.611
0.617917 0.612
0.618026 0.614
0.618066 0.613
0.618197 0.613
0.618206 0.613
0.618299 0.613
0.618458 0.612
0.618646 0.612
0.618833 0.612
0.618987 0.612
0.619026 0.611
0.619081 0.611
0.619197 0.611
0.619276 0.611
0.619609 0.609
0.619682 0.608
0.619683 0.608
0.619701 0.608
0.619824 0.608
0.62032 0.61
0.620517 0.609
0.620601 0.609
0.6207 0.608
0.620746 0.609
0.621037 0.608
0.621177 0.608
0.621457 0.609
0.621648 0.609
0.622064 0.609
0.622221 0.608
0.622433 0.609
0.622521 0.61
0.622739 0.609
0.622986 0.61
0.62311 0.611
0.623321 0.611
0.623527 0.611
0.623544 0.611
0.62358 0.611
0.62365 0.611
0.623798 0.612
0.624142 0.614
0.624311 0.615
0.624641 0.615
0.62473 0.616
0.625083 0.617
0.625276 0.616
0.625465 0.617
0.625644 0.616
0.625808 0.615
0.62602 0.614
0.626206 0.614
0.626255 0.614
0.626445 0.614
0.626584 0.614
0.626653 0.614
0.62672 0.616
0.626808 0.616
0.626848 0.616
0.626849 0.616
0.627011 0.616
0.627194 0.616
0.627274 0.617
0.627368 0.617
0.627781 0.617
0.627968 0.617
0.628156 0.617
0.62837 0.618
0.628554 0.618
0.628584 0.617
0.628762 0.617
0.628827 0.617
0.629111 0.619
0.629173 0.619
0.629454 0.619
0.629642 0.619
0.629834 0.619
0.629934 0.62
0.630013 0.619
0.630237 0.619
0.630256 0.619
0.630257 0.619
0.630734 0.619
0.631243 0.622
0.63149 0.621
0.6316 0.621
0.631613 0.621
0.631752 0.622
0.631833 0.623
0.63198 0.624
0.632091 0.624
0.632303 0.625
0.632421 0.625
0.632561 0.624
0.632643 0.624
0.632851 0.624
0.633145 0.624
0.63327 0.625
0.633321 0.626
0.633461 0.625
0.633732 0.625
0.633942 0.625
0.63408 0.625
0.634081 0.625
0.63427 0.625
0.63427 0.625
0.634426 0.626
0.634536 0.626
0.634666 0.626
0.634837 0.626
0.634849 0.626
0.634878 0.626
0.635112 0.626
0.63516 0.626
0.63542 0.627
0.635635 0.625
0.635714 0.624
0.635741 0.624
0.636389 0.626
0.636551 0.625
0.636737 0.626
0.637002 0.626
0.637006 0.626
0.63703 0.626
0.637201 0.627
0.6374 0.627
0.637526 0.627
0.63759 0.627
0.637787 0.627
0.637903 0.627
0.638133 0.626
0.638365 0.629
0.638615 0.629
0.638806 0.628
0.638952 0.629
0.639286 0.629
0.639554 0.63
0.639803 0.63
0.639814 0.63
0.639815 0.63
0.640211 0.63
0.640371 0.63
0.640877 0.629
0.641165 0.63
0.641293 0.63
0.641405 0.631
0.641558 0.631
0.641812 0.632
0.641983 0.632
0.641983 0.632
0.64223 0.632
0.642534 0.631
0.642598 0.631
0.642677 0.631
0.642783 0.632
0.643083 0.633
0.643207 0.633
0.643324 0.634
0.643625 0.633
0.643908 0.632
0.643943 0.633
0.643984 0.634
0.644084 0.634
0.644392 0.634
0.644724 0.634
0.644739 0.633
0.644766 0.632
0.645111 0.632
0.645253 0.632
0.64532 0.632
0.645478 0.632
0.645682 0.633
0.645873 0.634
0.645957 0.635
0.646108 0.635
0.646312 0.634
0.646355 0.633
0.646689 0.631
0.647116 0.631
0.647159 0.63
0.647333 0.63
0.647403 0.63
0.647532 0.63
0.647898 0.631
0.648071 0.63
0.648075 0.63
0.648313 0.632
0.648362 0.632
0.648402 0.632
0.64847 0.631
0.648806 0.63
0.648898 0.63
0.649168 0.632
0.649233 0.632
0.649312 0.633
0.649567 0.633
0.649692 0.633
0.649802 0.634
0.650002 0.634
0.650178 0.633
0.650316 0.633
0.650432 0.633
0.650771 0.632
0.650935 0.631
0.651258 0.631
0.651486 0.631
0.651487 0.631
0.65167 0.631
0.651685 0.631
0.651736 0.631
0.651951 0.63
0.652508 0.632
0.652782 0.634
0.652799 0.634
0.65283 0.634
0.652875 0.634
0.652975 0.636
0.652976 0.636
0.653183 0.637
0.653294 0.637
0.653419 0.637
0.653714 0.637
0.653829 0.637
0.654241 0.637
0.654296 0.637
0.654585 0.637
0.654719 0.637
0.654881 0.636
0.654883 0.636
0.655062 0.636
0.655176 0.636
0.655179 0.636
0.655441 0.637
0.655547 0.637
0.655769 0.638
0.656177 0.637
0.656276 0.637
0.656513 0.637
0.656548 0.637
0.656735 0.639
0.656736 0.639
0.656898 0.639
0.656986 0.638
0.657091 0.639
0.65715 0.639
0.657152 0.639
0.657606 0.639
0.657647 0.639
0.657773 0.639
0.658057 0.64
0.6583 0.639
0.658368 0.639
0.658369 0.639
0.658544 0.639
0.658591 0.639
0.658947 0.638
0.658948 0.638
0.659046 0.638
0.65926 0.639
0.659292 0.639
0.659548 0.639
0.659589 0.639
0.65959 0.639
0.659728 0.638
0.659875 0.639
0.660038 0.639
0.660229 0.64
0.660277 0.64
0.660356 0.64
0.660397 0.64
0.660531 0.64
0.660626 0.641
0.66065 0.642
0.660688 0.642
0.660689 0.642
0.660969 0.642
0.661198 0.642
0.661459 0.642
0.661566 0.643
0.662029 0.642
0.662399 0.642
0.662407 0.642
0.662721 0.643
0.663055 0.644
0.66337 0.645
0.663571 0.646
0.663723 0.646
0.663839 0.646
0.664 0.644
0.664328 0.643
0.664514 0.643
0.664691 0.644
0.664692 0.644
0.664914 0.645
0.665089 0.646
0.66509 0.646
0.665139 0.646
0.665275 0.645
0.665364 0.645
0.665366 0.645
0.665402 0.645
0.665883 0.646
0.66599 0.646
0.666029 0.646
0.666211 0.645
0.666254 0.645
0.666324 0.646
0.666478 0.646
0.666502 0.646
0.66661 0.647
0.666797 0.647
0.666832 0.647
0.666933 0.648
0.666967 0.648
0.666968 0.648
0.667127 0.648
0.667172 0.648
0.66735 0.649
0.667627 0.649
0.667805 0.648
0.667986 0.649
0.668239 0.648
0.668457 0.648
0.668657 0.647
0.668796 0.647
0.668922 0.646
0.668972 0.646
0.669253 0.645
0.669461 0.645
0.669626 0.645
0.669706 0.645
0.669892 0.646
0.670361 0.645
0.670567 0.645
0.67082 0.645
0.671153 0.645
0.671246 0.646
0.671317 0.646
0.671358 0.646
0.671541 0.646
0.671869 0.646
0.671926 0.646
0.672105 0.645
0.672209 0.645
0.672274 0.645
0.672527 0.644
0.672649 0.644
0.672826 0.644
0.672986 0.644
0.673203 0.644
0.673447 0.642
0.673507 0.642
0.673552 0.642
0.673563 0.642
0.673662 0.642
0.673774 0.642
0.673865 0.642
0.673961 0.642
0.674093 0.642
0.67434 0.64
0.674488 0.64
0.674871 0.641
0.674954 0.642
0.675024 0.641
0.67514 0.641
0.675379 0.641
0.675593 0.641
0.675769 0.641
0.676074 0.639
0.676116 0.639
0.676278 0.639
0.676422 0.639
0.676528 0.64
0.676532 0.64
0.67665 0.64
0.676877 0.64
0.676883 0.64
0.67697 0.64
0.677076 0.64
0.677395 0.64
0.677473 0.64
0.677558 0.64
0.677738 0.641
0.677932 0.64
0.678357 0.641
0.678609 0.641
0.678669 0.64
0.678708 0.64
0.678778 0.639
0.678853 0.639
0.678926 0.639
0.678985 0.64
0.679199 0.639
0.679397 0.639
0.679402 0.639
0.679472 0.639
0.679496 0.64
0.679565 0.641
0.679728 0.642
0.679815 0.641
0.67985 0.641
0.67994 0.642
0.680684 0.64
0.680759 0.64
0.681016 0.639
0.68128 0.639
0.681625 0.64
0.681747 0.638
0.681851 0.638
0.681931 0.638
0.681953 0.638
0.682121 0.638
0.682334 0.639
0.68257 0.639
0.682675 0.639
0.682681 0.639
0.682704 0.639
0.683019 0.639
0.68318 0.639
0.683354 0.638
0.683566 0.638
0.683762 0.638
0.68396 0.638
0.684045 0.639
0.684226 0.64
0.684292 0.64
0.684293 0.64
0.684294 0.64
0.684484 0.638
0.68456 0.638
0.684617 0.638
0.684816 0.637
0.68483 0.637
0.684933 0.637
0.685191 0.637
0.685199 0.637
0.685907 0.638
0.686149 0.638
0.686208 0.637
0.686346 0.637
0.686495 0.637
0.686521 0.636
0.68657 0.636
0.686779 0.636
0.687392 0.638
0.687603 0.638
0.688029 0.638
0.68821 0.638
0.688374 0.638
0.688418 0.638
0.68854 0.638
0.688788 0.641
0.688882 0.641
0.689118 0.642
0.689194 0.642
0.689218 0.642
0.68939 0.643
0.689425 0.643
0.690086 0.642
0.690256 0.643
0.690298 0.643
0.69052 0.643
0.690812 0.642
0.691013 0.642
0.691239 0.642
0.69132 0.642
0.691473 0.642
0.691509 0.642
0.691783 0.642
0.691824 0.642
0.691942 0.643
0.692081 0.643
0.692082 0.643
0.69223 0.644
0.692644 0.644
0.692644 0.644
0.692747 0.644
0.693081 0.644
0.693397 0.644
0.693568 0.644
0.693593 0.644
0.693608 0.644
0.693667 0.645
0.693668 0.645
0.693797 0.645
0.693949 0.645
0.694179 0.644
0.694183 0.644
0.69441 0.644
0.694522 0.644
0.694526 0.644
0.694836 0.644
0.6951 0.644
0.69521 0.644
0.69526 0.645
0.695454 0.644
0.695543 0.644
0.695664 0.644
0.695824 0.645
0.695834 0.645
0.696061 0.645
0.696259 0.645
0.696491 0.645
0.696525 0.645
0.696896 0.645
0.697136 0.646
0.697305 0.646
0.697733 0.646
0.697876 0.647
0.697877 0.647
0.69788 0.647
0.698238 0.647
0.698386 0.648
0.698422 0.648
0.698477 0.647
0.698813 0.647
0.699046 0.647
0.699283 0.647
0.699507 0.647
0.699534 0.647
0.699819 0.646
0.699918 0.646
0.700102 0.645
0.70021 0.645
0.700421 0.645
0.700685 0.645
0.700814 0.645
0.700995 0.645
0.701071 0.645
0.701163 0.647
0.701253 0.647
0.701285 0.647
0.701673 0.645
0.701802 0.644
0.701876 0.644
0.701909 0.644
0.702107 0.644
0.70225 0.644
0.702573 0.645
0.702796 0.645
0.702968 0.646
0.70297 0.646
0.702992 0.646
0.703149 0.645
0.703227 0.645
0.703249 0.645
0.703397 0.645
0.70347 0.645
0.703527 0.645
0.703745 0.645
0.703883 0.645
0.703894 0.645
0.704161 0.645
0.704514 0.645
0.704516 0.645
0.70483 0.645
0.705055 0.645
0.705414 0.646
0.705459 0.647
0.705508 0.648
0.705906 0.65
0.706016 0.649
0.706234 0.649
0.706324 0.65
0.706471 0.65
0.706664 0.65
0.706963 0.649
0.707282 0.648
0.70751 0.648
0.707553 0.648
0.70761 0.648
0.707771 0.648
0.708238 0.648
0.708242 0.648
0.708271 0.648
0.708954 0.65
0.708981 0.65
0.709002 0.651
0.709277 0.652
0.709599 0.652
0.709608 0.652
0.709756 0.652
0.710105 0.652
0.71017 0.652
0.710238 0.652
0.710471 0.652
0.71048 0.652
0.710481 0.652
0.710701 0.654
0.710763 0.654
0.711174 0.655
0.711349 0.655
0.711544 0.655
0.711562 0.655
0.711617 0.655
0.711812 0.655
0.711999 0.655
0.712044 0.656
0.712114 0.656
0.712331 0.655
0.712424 0.655
0.712684 0.655
0.712777 0.655
0.71302 0.655
0.713049 0.654
0.713173 0.653
0.713174 0.653
0.713477 0.653
0.713804 0.653
0.713945 0.653
0.714164 0.653
0.714253 0.652
0.71441 0.653
0.714752 0.653
0.714798 0.653
0.714907 0.653
0.714907 0.653
0.715249 0.653
0.715266 0.653
0.715402 0.653
0.715634 0.653
0.715922 0.654
0.716075 0.654
0.716376 0.655
0.716673 0.655
0.71674 0.655
0.716761 0.655
0.716893 0.655
0.717037 0.654
0.717176 0.654
0.717208 0.654
0.717403 0.655
0.717489 0.655
0.717597 0.655
0.717783 0.656
0.71781 0.655
0.717992 0.655
0.718025 0.655
0.718072 0.655
0.71814 0.655
0.718217 0.655
0.718375 0.655
0.718608 0.654
0.718726 0.653
0.719011 0.653
0.719206 0.653
0.719402 0.653
0.719605 0.653
0.719606 0.653
0.719621 0.653
0.719773 0.653
0.719886 0.654
0.71989 0.654
0.720065 0.654
0.720188 0.654
0.720706 0.654
0.72076 0.654
0.720855 0.654
0.720986 0.655
0.721252 0.655
0.721558 0.654
0.721999 0.654
0.722136 0.654
0.722921 0.655
0.723357 0.656
0.723377 0.656
0.72352 0.656
0.723538 0.656
0.723701 0.656
0.723827 0.656
0.723996 0.656
0.724025 0.656
0.724371 0.656
0.724383 0.656
0.724396 0.656
0.724594 0.656
0.724867 0.657
0.72487 0.657
0.725115 0.658
0.725201 0.658
0.725512 0.657
0.72577 0.657
0.725874 0.657
0.725893 0.657
0.726169 0.656
0.726223 0.656
0.726464 0.655
0.726557 0.655
0.726659 0.655
0.726801 0.655
0.726864 0.655
0.727167 0.655
0.727326 0.655
0.727349 0.655
0.727402 0.655
0.727547 0.657
0.727674 0.657
0.727708 0.657
0.72774 0.656
0.727815 0.655
0.727846 0.655
0.728256 0.653
0.728448 0.653
0.72879 0.653
0.728972 0.653
0.729024 0.653
0.72904 0.653
0.729114 0.654
0.729182 0.654
0.729416 0.654
0.729749 0.654
0.72989 0.655
0.730001 0.656
0.730031 0.656
0.730158 0.656
0.730299 0.655
0.730486 0.654
0.730514 0.654
0.730742 0.654
0.730829 0.655
0.730851 0.655
0.730895 0.655
0.731063 0.655
0.731319 0.655
0.731338 0.655
0.731412 0.654
0.731706 0.657
0.731832 0.657
0.732042 0.657
0.732181 0.656
0.732533 0.657
0.732747 0.657
0.732961 0.658
0.733359 0.658
0.733463 0.658
0.733913 0.658
0.733981 0.659
0.734446 0.66
0.734542 0.661
0.734584 0.661
0.734715 0.661
0.734893 0.661
0.734987 0.661
0.735073 0.66
0.735254 0.66
0.735389 0.661
0.735558 0.66
0.735606 0.661
0.735607 0.661
0.735766 0.661
0.735785 0.661
0.73624 0.662
0.736516 0.663
0.736848 0.663
0.736857 0.663
0.736869 0.663
0.73691 0.663
0.737186 0.664
0.737378 0.664
0.737474 0.663
0.73755 0.663
0.737718 0.664
0.737742 0.664
0.737965 0.664
0.738057 0.664
0.738136 0.665
0.738324 0.665
0.738326 0.665
0.738463 0.664
0.738523 0.664
0.738713 0.664
0.739023 0.664
0.739224 0.664
0.739333 0.664
0.739349 0.664
0.739702 0.664
0.739792 0.664
0.739991 0.664
0.740306 0.664
0.740342 0.665
0.740486 0.665
0.740713 0.665
0.740719 0.665
0.741123 0.665
0.741403 0.665
0.741414 0.665
0.741537 0.665
0.741729 0.665
0.741821 0.665
0.742063 0.665
0.742074 0.665
0.74212 0.665
0.742121 0.665
0.742202 0.665
0.742318 0.665
0.742458 0.665
0.743021 0.665
0.743179 0.665
0.743191 0.665
0.743392 0.665
0.743438 0.665
0.743754 0.665
0.743885 0.665
0.744184 0.664
0.744327 0.664
0.744609 0.664
0.74488 0.664
0.745115 0.664
0.745322 0.665
0.746 0.665
0.746194 0.663
0.746381 0.663
0.746522 0.663
0.746574 0.663
0.746634 0.663
0.746955 0.665
0.747118 0.665
0.747546 0.665
0.747636 0.665
0.747955 0.664
0.747986 0.664
0.747988 0.664
0.748168 0.663
0.748272 0.663
0.748379 0.663
0.7484 0.663
0.748401 0.663
0.748439 0.663
0.74853 0.663
0.748551 0.663
0.748737 0.663
0.748811 0.663
0.74923 0.664
0.749432 0.663
0.749677 0.664
0.749737 0.664
0.749832 0.664
0.750032 0.663
0.750182 0.663
0.750183 0.663
0.75037 0.663
0.750522 0.663
0.750587 0.663
0.750772 0.664
0.750903 0.664
0.751096 0.664
0.751243 0.664
0.751434 0.664
0.751501 0.664
0.751519 0.664
0.75161 0.663
0.751699 0.663
0.751851 0.664
0.75226 0.664
0.752568 0.664
0.75273 0.664
0.752888 0.664
0.753102 0.665
0.753262 0.665
0.753263 0.665
0.753344 0.665
0.753509 0.664
0.753562 0.663
0.753648 0.663
0.753758 0.662
0.753901 0.662
0.754193 0.662
0.754246 0.662
0.754301 0.662
0.754359 0.662
0.754503 0.663
0.754802 0.664
0.754999 0.664
0.755186 0.664
0.755327 0.664
0.755495 0.664
0.755671 0.664
0.755905 0.665
0.756065 0.665
0.756243 0.665
0.756565 0.665
0.756622 0.665
0.756804 0.665
0.756985 0.665
0.757016 0.665
0.757261 0.665
0.757533 0.665
0.757618 0.665
0.758196 0.665
0.758337 0.665
0.758569 0.665
0.758635 0.665
0.758731 0.665
0.758858 0.665
0.759163 0.664
0.759435 0.663
0.759462 0.663
0.759531 0.663
0.759633 0.663
0.75965 0.663
0.759819 0.663
0.760059 0.663
0.760084 0.663
0.76009 0.663
0.760386 0.664
0.760431 0.664
0.760686 0.664
0.760784 0.664
0.76103 0.664
0.761032 0.664
0.761214 0.664
0.761415 0.664
0.761622 0.663
0.761953 0.662
0.762122 0.661
0.762491 0.661
0.76252 0.661
0.76271 0.661
0.762773 0.662
0.762932 0.662
0.763323 0.662
0.763448 0.662
0.763459 0.662
0.763707 0.662
0.763799 0.662
0.763848 0.662
0.764117 0.662
0.764231 0.662
0.764477 0.662
0.764614 0.662
0.764718 0.662
0.764754 0.662
0.764797 0.662
0.76488 0.662
0.764958 0.662
0.765033 0.662
0.765283 0.662
0.765285 0.662
0.765417 0.661
0.765438 0.661
0.765508 0.661
0.765785 0.66
0.766439 0.66
0.766561 0.66
0.766713 0.66
0.76695 0.66
0.767286 0.661
0.767771 0.662
0.768121 0.662
0.768372 0.662
0.768584 0.662
0.76876 0.662
0.768894 0.663
0.768895 0.663
0.769042 0.664
0.769103 0.664
0.769267 0.664
0.76936 0.664
0.769558 0.664
0.769819 0.664
0.769995 0.664
0.770108 0.664
0.770186 0.664
0.770412 0.665
0.770798 0.665
0.770824 0.665
0.770889 0.665
0.77102 0.665
0.771028 0.665
0.771292 0.665
0.771601 0.665
0.771607 0.665
0.771794 0.665
0.772022 0.666
0.772128 0.666
0.772169 0.666
0.772194 0.666
0.772393 0.667
0.772538 0.667
0.772767 0.667
0.772884 0.667
0.773196 0.667
0.773507 0.667
0.773677 0.667
0.773821 0.667
0.774038 0.667
0.774235 0.666
0.774281 0.666
0.774282 0.666
0.774285 0.666
0.774288 0.666
0.774478 0.666
0.7747 0.666
0.775053 0.666
0.775344 0.666
0.77547 0.666
0.775883 0.665
0.775975 0.665
0.776033 0.665
0.776208 0.665
0.776479 0.665
0.776949 0.666
0.77723 0.666
0.777536 0.666
0.777604 0.666
0.777881 0.666
0.77806 0.667
0.778196 0.667
0.778429 0.666
0.778617 0.666
0.77867 0.665
0.778733 0.665
0.778783 0.665
0.778824 0.665
0.778836 0.665
0.779084 0.665
0.779138 0.665
0.779175 0.665
0.779311 0.665
0.779374 0.665
0.779752 0.665
0.779753 0.665
0.779839 0.665
0.780227 0.665
0.780268 0.665
0.78032 0.665
0.780575 0.665
0.780579 0.665
0.780841 0.666
0.781163 0.666
0.781615 0.666
0.781714 0.666
0.781781 0.666
0.782079 0.667
0.782095 0.667
0.782133 0.667
0.782287 0.667
0.782673 0.666
0.783113 0.667
0.78348 0.667
0.783651 0.667
0.783868 0.667
0.784032 0.667
0.784102 0.668
0.784351 0.668
0.784456 0.667
0.784736 0.667
0.785084 0.667
0.785179 0.667
0.78518 0.667
0.785469 0.667
0.785489 0.667
0.785757 0.666
0.785828 0.666
0.786056 0.666
0.786184 0.666
0.786374 0.666
0.786548 0.667
0.786586 0.667
0.786732 0.667
0.786858 0.667
0.787215 0.667
0.787356 0.667
0.787378 0.667
0.787412 0.667
0.787649 0.668
0.787939 0.668
0.787994 0.668
0.78809 0.668
0.788433 0.668
0.788597 0.669
0.788919 0.669
0.789068 0.67
0.789268 0.67
0.789306 0.67
0.78954 0.671
0.789543 0.671
0.789573 0.671
0.789752 0.671
0.789982 0.671
0.790058 0.671
0.790238 0.671
0.790407 0.671
0.790533 0.67
0.790642 0.669
0.79068 0.669
0.790774 0.669
0.790966 0.669
0.791275 0.668
0.791485 0.668
0.791681 0.668
0.791721 0.668
0.791881 0.668
0.792105 0.668
0.792491 0.669
0.792888 0.67
0.793184 0.671
0.79352 0.671
0.793635 0.671
0.79366 0.671
0.793663 0.671
0.793696 0.671
0.793771 0.671
0.793792 0.671
0.79401 0.671
0.794159 0.671
0.79423 0.671
0.794409 0.672
0.7945 0.672
0.794913 0.672
0.794914 0.672
0.795207 0.672
0.795495 0.671
0.79569 0.672
0.795901 0.671
0.795913 0.671
0.796364 0.671
0.796485 0.671
0.79673 0.671
0.797078 0.672
0.797323 0.672
0.797569 0.672
0.797587 0.672
0.797751 0.672
0.797786 0.672
0.7978 0.672
0.797918 0.672
0.797994 0.673
0.798036 0.673
0.798115 0.673
0.798326 0.673
0.7987 0.672
0.798832 0.672
0.798902 0.672
0.79938 0.672
0.799668 0.672
0.79989 0.672
0.800071 0.672
0.800242 0.672
0.800243 0.672
0.800727 0.672
0.800735 0.672
0.800908 0.671
0.801 0.671
0.801644 0.671
0.801688 0.671
0.802004 0.672
0.802237 0.674
0.802574 0.673
0.802668 0.672
0.802668 0.672
0.802781 0.672
0.803025 0.673
0.803272 0.673
0.80337 0.673
0.803579 0.673
0.803662 0.673
0.803733 0.673
0.803745 0.673
0.803945 0.673
0.803967 0.673
0.803975 0.673
0.804049 0.673
0.804335 0.673
0.804378 0.673
0.804411 0.673
0.804559 0.673
0.80456 0.673
0.804826 0.673
0.805189 0.673
0.805244 0.674
0.805326 0.674
0.805513 0.674
0.805693 0.675
0.805972 0.675
0.806047 0.675
0.806204 0.675
0.806205 0.675
0.806341 0.675
0.806341 0.675
0.806594 0.675
0.80709 0.676
0.807341 0.676
0.807438 0.676
0.807459 0.676
0.80766 0.674
0.807662 0.674
0.807997 0.674
0.80819 0.674
0.808284 0.674
0.808428 0.674
0.808586 0.674
0.808607 0.674
0.808846 0.675
0.809079 0.675
0.809169 0.675
0.809533 0.675
0.809696 0.675
0.809972 0.675
0.81009 0.675
0.810126 0.676
0.810771 0.675
0.811078 0.676
0.811281 0.676
0.811667 0.676
0.811739 0.676
0.811906 0.676
0.812014 0.677
0.812046 0.677
0.812079 0.677
0.812259 0.677
0.81237 0.677
0.812521 0.677
0.812646 0.677
0.812647 0.677
0.812668 0.677
0.813307 0.677
0.813461 0.677
0.813608 0.677
0.81365 0.677
0.813935 0.677
0.813968 0.677
0.814351 0.678
0.814382 0.678
0.814384 0.678
0.814385 0.678
0.814411 0.678
0.814605 0.679
0.814784 0.679
0.814973 0.679
0.815401 0.679
0.815488 0.679
0.815558 0.679
0.815577 0.678
0.815656 0.678
0.816044 0.679
0.816134 0.678
0.816254 0.678
0.816678 0.676
0.816769 0.676
0.816881 0.676
0.817094 0.676
0.817335 0.676
0.81759 0.676
0.817684 0.676
0.817802 0.676
0.817929 0.676
0.817965 0.676
0.818216 0.676
0.818453 0.676
0.8185 0.676
0.818574 0.676
0.818707 0.676
0.818707 0.676
0.819107 0.677
0.819382 0.676
0.819684 0.676
0.819879 0.676
0.820009 0.676
0.820031 0.676
0.820146 0.676
0.820398 0.676
0.820714 0.675
0.820778 0.675
0.821061 0.675
0.821178 0.675
0.821527 0.675
0.821535 0.675
0.821629 0.675
0.822038 0.675
0.822205 0.675
0.822339 0.675
0.822464 0.675
0.822939 0.675
0.823017 0.674
0.823197 0.674
0.823374 0.674
0.823616 0.674
0.823687 0.674
0.823823 0.674
0.824188 0.675
0.824369 0.675
0.824548 0.675
0.824665 0.675
0.82497 0.675
0.825113 0.675
0.825442 0.675
0.825491 0.675
0.8259 0.675
0.825955 0.675
0.825976 0.675
0.826184 0.675
0.826258 0.675
0.826259 0.675
0.826337 0.675
0.826352 0.675
0.82668 0.675
0.826916 0.674
0.826942 0.674
0.827062 0.674
0.827422 0.674
0.827538 0.674
0.827552 0.674
0.827636 0.674
0.827676 0.674
0.827902 0.674
0.828005 0.674
0.828158 0.674
0.828537 0.674
0.828787 0.675
0.82884 0.675
0.829179 0.675
0.829363 0.676
0.829536 0.676
0.829673 0.677
0.829747 0.677
0.830032 0.678
0.830111 0.678
0.830463 0.677
0.83049 0.677
0.830752 0.677
0.830898 0.677
0.831036 0.677
0.831249 0.677
0.831286 0.677
0.831286 0.677
0.831323 0.677
0.831324 0.677
0.831467 0.676
0.831785 0.676
0.831957 0.676
0.832075 0.676
0.832402 0.676
0.832549 0.677
0.832558 0.677
0.832893 0.678
0.833252 0.679
0.833269 0.679
0.833348 0.679
0.833834 0.68
0.833907 0.68
0.834181 0.68
0.834273 0.68
0.834416 0.679
0.834503 0.679
0.834606 0.679
0.834628 0.679
0.835258 0.679
0.835353 0.679
0.835573 0.679
0.835673 0.679
0.835827 0.679
0.835991 0.68
0.836076 0.68
0.83664 0.68
0.83681 0.68
0.837302 0.682
0.837393 0.682
0.837625 0.682
0.837766 0.682
0.838006 0.683
0.838297 0.684
0.838656 0.684
0.838729 0.684
0.838934 0.684
0.83894 0.684
0.838951 0.684
0.839012 0.684
0.83906 0.684
0.839251 0.684
0.83929 0.684
0.839292 0.684
0.83946 0.684
0.8397 0.684
0.839861 0.684
0.839908 0.684
0.839977 0.684
0.840327 0.684
0.840465 0.684
0.840552 0.684
0.840879 0.684
0.841243 0.685
0.84141 0.685
0.841723 0.685
0.841861 0.684
0.842034 0.684
0.842239 0.684
0.842503 0.684
0.842557 0.684
0.842866 0.683
0.843351 0.684
0.843599 0.684
0.843893 0.685
0.844529 0.685
0.844748 0.686
0.844798 0.686
0.845029 0.687
0.845138 0.687
0.845387 0.688
0.845535 0.688
0.845906 0.688
0.8464 0.688
0.846408 0.688
0.846462 0.688
0.846651 0.689
0.847246 0.689
0.847317 0.689
0.847563 0.689
0.847741 0.689
0.847835 0.688
0.847854 0.688
0.848029 0.688
0.848077 0.688
0.848081 0.688
0.848092 0.688
0.848246 0.688
0.848293 0.688
0.848494 0.688
0.848567 0.687
0.848703 0.687
0.849118 0.689
0.849119 0.689
0.849303 0.688
0.849448 0.688
0.849953 0.688
0.850096 0.688
0.850271 0.688
0.850351 0.688
0.850438 0.688
0.85047 0.688
0.850551 0.688
0.850774 0.688
0.851179 0.688
0.851616 0.688
0.851623 0.688
0.851652 0.688
0.851907 0.688
0.852369 0.687
0.852514 0.687
0.852556 0.687
0.852826 0.688
0.852988 0.688
0.853197 0.687
0.853411 0.687
0.853439 0.687
0.853536 0.687
0.853537 0.687
0.85362 0.687
0.854166 0.687
0.854255 0.687
0.854389 0.687
0.854432 0.687
0.854647 0.687
0.854794 0.687
0.85518 0.687
0.855351 0.687
0.855555 0.687
0.855796 0.687
0.855832 0.687
0.855844 0.687
0.855995 0.687
0.856296 0.688
0.856673 0.688
0.85676 0.688
0.856864 0.688
0.856913 0.688
0.85705 0.688
0.85729 0.688
0.857846 0.689
0.857898 0.689
0.857995 0.689
0.858067 0.689
0.858216 0.689
0.858591 0.689
0.858657 0.69
0.85896 0.69
0.859062 0.69
0.859177 0.69
0.85932 0.69
0.859542 0.69
0.859716 0.69
0.859884 0.69
0.860255 0.69
0.860561 0.69
0.860562 0.69
0.860713 0.69
0.860806 0.69
0.860904 0.69
0.861081 0.69
0.861289 0.69
0.861336 0.69
0.861473 0.69
0.861493 0.69
0.861865 0.689
0.861963 0.689
0.862011 0.689
0.862223 0.689
0.862363 0.689
0.862962 0.69
0.863258 0.69
0.863334 0.69
0.863368 0.689
0.863599 0.69
0.863675 0.691
0.863678 0.691
0.863755 0.691
0.863793 0.691
0.863963 0.691
0.863966 0.691
0.86429 0.691
0.864391 0.691
0.864788 0.691
0.86479 0.691
0.86496 0.691
0.86525 0.691
0.865294 0.691
0.865739 0.691
0.866009 0.691
0.866095 0.691
0.86635 0.691
0.866524 0.691
0.866888 0.691
0.867038 0.691
0.867493 0.692
0.867502 0.692
0.867616 0.692
0.867695 0.692
0.868171 0.692
0.868349 0.692
0.869065 0.693
0.869221 0.693
0.869441 0.693
0.869793 0.693
0.870235 0.693
0.870714 0.693
0.87076 0.693
0.870798 0.693
0.871153 0.693
0.871677 0.694
0.87184 0.694
0.871872 0.694
0.871929 0.694
0.871999 0.694
0.872252 0.694
0.87227 0.694
0.872632 0.694
0.872911 0.693
0.873088 0.693
0.873238 0.693
0.874005 0.694
0.874292 0.694
0.874441 0.694
0.874484 0.695
0.874608 0.695
0.874617 0.695
0.874672 0.696
0.874678 0.696
0.8748 0.696
0.875001 0.696
0.87525 0.696
0.875967 0.696
0.876401 0.697
0.876532 0.697
0.876571 0.697
0.876626 0.697
0.876878 0.698
0.877308 0.698
0.878122 0.698
0.87829 0.698
0.878579 0.698
0.878782 0.698
0.878783 0.698
0.879174 0.698
0.879204 0.698
0.87924 0.698
0.87926 0.698
0.87943 0.698
0.879503 0.698
0.879864 0.698
0.880165 0.698
0.880442 0.699
0.880473 0.699
0.880766 0.699
0.880811 0.699
0.880814 0.699
0.881164 0.698
0.881236 0.698
0.881385 0.698
0.881422 0.698
0.881614 0.698
0.881973 0.698
0.882036 0.698
0.88215 0.698
0.882482 0.698
0.882489 0.698
0.882916 0.698
0.882975 0.698
0.883129 0.698
0.883204 0.698
0.883432 0.698
0.883592 0.698
0.884026 0.698
0.884556 0.699
0.88459 0.699
0.885443 0.698
0.885915 0.699
0.886163 0.699
0.886163 0.699
0.886732 0.7
0.886842 0.7
0.887056 0.7
0.887205 0.699
0.887316 0.699
0.887381 0.699
0.887521 0.699
0.887755 0.699
0.887759 0.699
0.888088 0.699
0.888376 0.7
0.888661 0.701
0.888869 0.701
0.888888 0.701
0.889037 0.701
0.889607 0.703
0.889736 0.704
0.890097 0.704
0.89029 0.704
0.890386 0.703
0.890765 0.703
0.890972 0.703
0.891214 0.703
0.891277 0.703
0.891334 0.703
0.891658 0.703
0.891968 0.703
0.892247 0.704
0.892643 0.704
0.892643 0.704
0.892725 0.704
0.892826 0.704
0.892874 0.704
0.893032 0.704
0.893074 0.704
0.893527 0.703
0.893769 0.703
0.893786 0.703
0.894239 0.703
0.894498 0.702
0.894535 0.702
0.895 0.703
0.895199 0.703
0.895578 0.703
0.895827 0.703
0.896112 0.703
0.896271 0.703
0.896272 0.703
0.89643 0.703
0.896583 0.704
0.896683 0.704
0.896765 0.704
0.896906 0.703
0.897105 0.703
0.897566 0.703
0.898644 0.703
0.898673 0.703
0.89872 0.703
0.89885 0.702
0.899159 0.702
0.899513 0.702
0.899621 0.702
0.899714 0.702
0.899955 0.702
0.900011 0.702
0.900789 0.703
0.900985 0.703
0.901163 0.703
0.901165 0.703
0.901337 0.703
0.901337 0.703
0.901601 0.703
0.901677 0.703
0.901746 0.703
0.902012 0.703
0.902312 0.703
0.902449 0.703
0.902833 0.704
0.90323 0.705
0.90334 0.705
0.903893 0.705
0.903926 0.705
0.905452 0.706
0.905599 0.706
0.906015 0.706
0.906517 0.706
0.906641 0.706
0.906886 0.706
0.906886 0.706
0.907129 0.706
0.90724 0.706
0.90751 0.706
0.908304 0.707
0.908957 0.707
0.909354 0.707
0.909454 0.707
0.909472 0.707
0.909595 0.708
0.909628 0.708
0.909669 0.708
0.909736 0.708
0.909928 0.708
0.91013 0.708
0.910373 0.708
0.910914 0.707
0.910965 0.707
0.911336 0.708
0.911378 0.708
0.911493 0.708
0.91171 0.708
0.911764 0.708
0.911773 0.708
0.911986 0.708
0.912286 0.709
0.912649 0.709
0.91292 0.709
0.912923 0.709
0.913102 0.709
0.913403 0.709
0.913725 0.709
0.913776 0.71
0.913895 0.71
0.914 0.71
0.914033 0.71
0.914081 0.71
0.914155 0.71
0.914373 0.71
0.914376 0.71
0.914607 0.71
0.914711 0.71
0.915088 0.71
0.915327 0.71
0.915621 0.71
0.915782 0.71
0.915985 0.71
0.916563 0.711
0.916762 0.711
0.917046 0.711
0.917634 0.711
0.917704 0.711
0 nan
