0.0199788 0.526527
0.0211922 0.528529
0.0224694 0.536
0.0237132 0.538
0.0248994 0.532
0.0261484 0.523
0.0274573 0.530531
0.0288098 0.522
0.0301229 0.522523
0.0314559 0.525526
0.0328088 0.511512
0.0342029 0.511
0.0355324 0.508
0.0369266 0.505
0.038235 0.494
0.0396207 0.497
0.0411172 0.493
0.0426446 0.499
0.0439713 0.498498
0.0455135 0.502
0.0469615 0.501
0.0483944 0.498
0.0499263 0.511
0.0514398 0.52
0.0530266 0.526
0.0544861 0.53
0.0559996 0.527
0.0574729 0.539
0.059055 0.52
0.0606305 0.512
0.0623243 0.513
0.0639322 0.526
0.0655978 0.524
0.0672247 0.524
0.0688479 0.522
0.0704099 0.516
0.0721533 0.502503
0.0738944 0.511
0.0756138 0.507
0.0774732 0.493
0.0793562 0.5
0.0811716 0.501
0.0829471 0.507
0.0848802 0.506
0.0866781 0.503
0.0884368 0.502
0.0905758 0.5
0.0924857 0.503
0.0942655 0.502503
0.0963598 0.512
0.0982718 0.508
0.10015 0.507508
0.102387 0.509
0.104412 0.511
0.106069 0.505506
0.108123 0.494494
0.110255 0.495
0.112233 0.501
0.114271 0.507
0.11658 0.513
0.118669 0.519
0.120509 0.518519
0.122884 0.518519
0.125164 0.516
0.127186 0.521
0.129546 0.516
0.131706 0.509
0.134103 0.507
0.136668 0.512
0.139146 0.509
0.141531 0.511
0.143912 0.514515
0.146332 0.51
0.149044 0.514
0.151768 0.511
0.15481 0.513
0.157417 0.513
0.160056 0.514
0.162673 0.522
0.165067 0.528
0.167639 0.531
0.170292 0.522
0.172964 0.514
0.175677 0.517
0.17856 0.517
0.181344 0.517
0.184505 0.514
0.187003 0.508
0.189956 0.512
0.192985 0.517
0.195857 0.517
0.198533 0.517
0.201351 0.527
0.204453 0.518
0.207184 0.518
0.21037 0.515
0.21377 0.517
0.217593 0.52
0.220888 0.525
0.224449 0.528
0.228613 0.529
0.232487 0.533
0.23636 0.531
0.23926 0.532
0.242502 0.532
0.245824 0.532
0.249965 0.536
0.253617 0.529
0.257811 0.523
0.261678 0.528
0.265604 0.526
0.270261 0.522
0.274222 0.523
0.277742 0.526
0.281543 0.526
0.285596 0.516
0.289269 0.515
0.294109 0.513
0.298572 0.506
0.303699 0.507
0.30746 0.515
0.312371 0.519
0.317056 0.518
0.323453 0.515
0.329829 0.507
0.334198 0.502
0.339634 0.498
0.344959 0.497
0.348685 0.504
0.353347 0.5
0.358639 0.5
0.364091 0.499
0.369055 0.498
0.374901 0.493
0.380185 0.494
0.386025 0.489
0.393538 0.485
0.399679 0.488
0.405623 0.49
0.41234 0.49
0.419883 0.487
0.426565 0.492
0.435025 0.495
0.441609 0.489
0.448257 0.484
0.455159 0.485
0.462401 0.488
0.468738 0.491
0.475412 0.491
0.482933 0.494
0.489951 0.497
0.49758 0.497
0.505549 0.491
0.513102 0.491
0.521886 0.495
0.528814 0.493
0.537376 0.499
0.544578 0.497
0.551271 0.506
0.560815 0.506
0.568909 0.512
0.577559 0.512
0.586933 0.51
0.594873 0.509
0.604107 0.509
0.613672 0.515
0.621943 0.51
0.631721 0.511
0.641696 0.516
0.650747 0.52
0.659475 0.517
0.666907 0.518
0.672504 0.515
0.680901 0.512
0.689727 0.515
0.69712 0.517
0.705542 0.52
0.713227 0.523
0.724277 0.525
0.73342 0.526
0.741508 0.525
0.751188 0.523
0.760625 0.525
0.768237 0.522
0.776707 0.525
0.784701 0.526
0.79226 0.526
0.79969 0.527
0.806643 0.531
0.812957 0.53
0.82244 0.533
0.829139 0.535
0.835788 0.539
0.841621 0.538
0.845688 0.539
0.849971 0.539
0.854724 0.538
0.863539 0.538
0.870386 0.535
0.876332 0.537
0.882305 0.534
0.886186 0.534
0.892026 0.539
0.897933 0.542
0.907423 0.544
0.912157 0.545
0.916463 0.544
0.920299 0.543
0.924523 0.543
0.928322 0.547
0.932423 0.549
0.935446 0.551
0.939713 0.554
0.944474 0.552
0.949518 0.554
0.953458 0.555
0.954999 0.556557
0.958345 0.557
0.962496 0.559
0.967111 0.564
0.969731 0.566
0.973055 0.562
0.975715 0.562
0.979158 0.563
0.983274 0.57
0.985462 0.573
0.988586 0.574
0.990865 0.574
0.994507 0.574
0.996132 0.574
0.998568 0.57
1.00051 0.568
1.00342 0.567
1.00571 0.569
1.00903 0.571
1.01191 0.567
1.01407 0.566
1.01681 0.569
1.01834 0.573
1.02028 0.576
1.02235 0.576
1.02447 0.576
1.02582 0.578
1.0277 0.579
1.02988 0.577
1.03232 0.581
1.03425 0.579
1.03611 0.575
1.03829 0.575
1.03971 0.576
1.04157 0.574
1.04319 0.573
1.04445 0.572
1.04576 0.571
1.04689 0.57
1.04845 0.571
1.05011 0.573
1.05092 0.571572
1.05324 0.573
1.05509 0.575
1.05702 0.578
1.05803 0.578
1.05906 0.579
1.0595 0.582583
1.06162 0.584
1.0628 0.585
1.06377 0.586
1.06482 0.587
1.06599 0.585
1.06728 0.583
1.06857 0.582
1.06941 0.581
1.07082 0.581
1.07088 0.580581
1.07302 0.58
1.07406 0.579
1.07497 0.579
1.07647 0.577
1.07774 0.576
1.07858 0.577
1.07941 0.578
1.08026 0.578
1.08124 0.578
1.08287 0.576
1.08371 0.576
1.08533 0.575
1.08638 0.575
1.08768 0.572
1.0886 0.573
1.08952 0.574
1.09046 0.576
1.09132 0.578
1.09231 0.579
1.09344 0.582
1.09429 0.583
1.09521 0.585
1.09605 0.585
1.09685 0.585
1.09762 0.586
1.09851 0.587
1.09963 0.588
1.10085 0.59
1.10177 0.589
1.10291 0.589
1.10369 0.588
1.10455 0.588
1.10561 0.588
1.10662 0.588
1.10749 0.588
1.10835 0.589
1.10908 0.591
1.10997 0.592
1.11114 0.593
1.11237 0.596
1.11356 0.597
1.11452 0.598
1.11549 0.599
1.11648 0.599
1.11739 0.598
1.11823 0.597
1.11929 0.598
1.12078 0.598
1.12158 0.599
1.12248 0.598
1.12344 0.599
1.1242 0.601
1.12554 0.599
1.12629 0.602
1.12733 0.602
1.12822 0.601
1.12906 0.601
1.12998 0.601
1.13083 0.6
1.13171 0.601
1.13148 0.601602
1.1335 0.603
1.13442 0.604
1.13545 0.602
1.1364 0.601
1.13745 0.6
1.13816 0.6
1.13918 0.601
1.14001 0.602
1.14085 0.602
1.1418 0.599
1.14269 0.598
1.14353 0.6
1.14439 0.604
1.14526 0.604
1.14611 0.604
1.14711 0.604
1.14799 0.605
1.14892 0.604
1.14983 0.604
1.15061 0.606
1.15148 0.606
1.15225 0.606
1.15308 0.608
1.15389 0.607
1.15488 0.607
1.15583 0.606
1.15688 0.606
1.15775 0.606
1.15857 0.607
1.15947 0.606
1.1602 0.605
1.16105 0.607
1.16198 0.607
1.16284 0.605
1.16361 0.607
1.1645 0.608
1.1653 0.61
1.16611 0.609
1.16699 0.61
1.1678 0.61
1.16865 0.611
1.16937 0.612
1.17023 0.611
1.1711 0.611
1.17206 0.614
1.17296 0.613
1.17389 0.614
1.17473 0.614
1.17573 0.617
1.17673 0.618
1.17776 0.619
1.17856 0.618
1.17925 0.619
1.18006 0.618
1.18094 0.618
1.18184 0.619
1.18277 0.617
1.18371 0.618
1.18449 0.618
1.18533 0.619
1.18623 0.621
1.18707 0.621
1.18781 0.619
1.18871 0.618
1.18965 0.619
1.19076 0.62
1.19181 0.62
1.1926 0.622
1.19368 0.622
1.19463 0.621
1.19551 0.621
1.19629 0.621
1.19712 0.621
1.1981 0.622
1.19911 0.623
1.19996 0.623
1.20072 0.623
1.20139 0.623
1.20215 0.623
1.20314 0.624
1.20404 0.623
1.20492 0.622
1.20572 0.623
1.20658 0.623
1.20747 0.624
1.20847 0.625
1.20954 0.624
1.21054 0.624
1.21148 0.623
1.21235 0.623
1.21315 0.623
1.214 0.623
1.21478 0.624
1.21548 0.623
1.21644 0.622
1.2174 0.622
1.21832 0.623
1.21934 0.623
1.2202 0.623
1.22099 0.623
1.22183 0.622
1.22268 0.624
1.22343 0.627
1.22432 0.628
1.22511 0.628
1.22626 0.626
1.2273 0.625
1.22832 0.625
1.22947 0.623
1.23042 0.623
1.23141 0.624
1.23225 0.626
1.23312 0.627
1.23427 0.628
1.23537 0.628
1.23612 0.629
1.23709 0.628
1.23813 0.63
1.23925 0.633
1.24026 0.634
1.24134 0.635
1.24253 0.635
1.24345 0.635
1.24433 0.634
1.24539 0.635
1.24635 0.635
1.24734 0.636
1.24837 0.638
1.24922 0.638
1.25028 0.636
1.25106 0.637
1.25216 0.638
1.25297 0.638
1.25395 0.639
1.25498 0.639
1.2559 0.64
1.257 0.639
1.25798 0.64
1.25899 0.643
1.26005 0.642
1.26131 0.644
1.26219 0.643
1.26345 0.642
1.26443 0.642
1.26538 0.643
1.2665 0.644
1.26744 0.645
1.26856 0.644
1.26962 0.643
1.27045 0.645
1.27162 0.647
1.2727 0.647
1.27385 0.649
1.27466 0.647
1.2756 0.646
1.27659 0.647
1.27767 0.647
1.27857 0.647
1.27953 0.647
1.28052 0.647
1.28162 0.646
1.28266 0.646
1.28398 0.648
1.28498 0.648
1.28624 0.648
1.28732 0.648
1.28876 0.646
1.28993 0.647
1.29119 0.647
1.29274 0.647
1.29407 0.648
1.29519 0.648
1.29711 0.648
1.29836 0.65
1.29948 0.65
1.30086 0.65
1.30203 0.65
1.30333 0.651
1.3046 0.652
1.30681 0.653
1.30821 0.651
1.30938 0.65
1.31066 0.65
1.31196 0.65
1.31308 0.65
1.31441 0.65
1.31546 0.65
1.31674 0.654
1.31821 0.654
1.31964 0.655
1.32103 0.657
1.32228 0.657
1.32344 0.657
1.32497 0.659
1.32612 0.658
1.32786 0.66
1.32917 0.659
1.33069 0.658
1.33198 0.659
1.33373 0.66
1.33519 0.661
1.3369 0.661
1.33921 0.661
1.34072 0.661
1.34214 0.662
1.34355 0.662
1.34522 0.662
1.34728 0.662
1.34917 0.661
1.35089 0.66
1.35367 0.659
1.35558 0.661
1.3586 0.662
1.36022 0.662
1.36184 0.663
1.36415 0.663
1.36571 0.662
1.36751 0.663
1.36971 0.664
1.37225 0.663
1.37489 0.663
1.37748 0.664
1.37931 0.665
1.38157 0.666
1.38423 0.666
1.38769 0.667
1.39098 0.672
1.39382 0.675
1.39747 0.675
1.39978 0.676
1.4012 0.676
1.4035 0.675
1.4055 0.675
1.40859 0.676
1.41162 0.676
1.41643 0.678
1.41932 0.678
1.4242 0.681
1.42614 0.681
1.43048 0.682
1.43318 0.683
1.43736 0.685
1.44082 0.686
1.44366 0.686
1.4474 0.687
1.4541 0.688
1.45709 0.688
1.46275 0.689
1.4661 0.689
1.47097 0.691
1.47553 0.692
1.48071 0.695
1.48394 0.695
1.49007 0.696
1.49324 0.696
1.4971 0.697
1.50424 0.702
1.50938 0.703
1.51573 0.702
1.52129 0.704
1.52954 0.706
1.53755 0.709
1.5434 0.709
1.55159 0.711
1.55796 0.713
1.56247 0.714
1.57084 0.715
1.57616 0.715
1.58281 0.716
1.588 0.717
1.59653 0.718
1.60435 0.719
1.61363 0.721
1.62188 0.723724
1.62989 0.726727
1.6389 0.727728
1.64819 0.727728
1.65414 0.728729
1.66122 0.72973
1.66847 0.730731
1.67876 0.733467
1.68816 0.734469
1.69414 0.735471
1.70214 0.735471
1.70981 0.738215
1.72326 0.741224
1.73051 0.741968
1.73618 0.741968
1.74401 0.742714
1.74926 0.742714
1.7567 0.742714
1.76724 0.743719
1.76667 0.744209
1.7784 0.746224
1.78525 0.747984
1.79108 0.747984
1.8034 0.748739
1.815 0.749748
1.82485 0.750757
1.83294 0.751515
1.84518 0.751515
1.85057 0.751515
1.86277 0.753535
1.87283 0.753535
1.88339 0.753535
1.89531 0.754545
1.90777 0.755308
1.9189 0.755308
1.92939 0.755308
1.93584 0.756073
1.94224 0.756839
1.95578 0.756839
1.96213 0.757606
1.97426 0.757606
1.98484 0.757606
1.99477 0.758376
2.00309 0.75813
2.02266 0.760163
2.03402 0.760163
2.04008 0.760692
2.05281 0.760692
2.06282 0.760692
2.06856 0.760449
2.0715 0.759959
2.08722 0.760981
2.09871 0.760736
2.10271 0.760246
2.11322 0.760246
2.12309 0.76
2.14096 0.76
2.15809 0.76
2.17668 0.76
2.19359 0.76
2.20331 0.759754
2.20429 0.760288
2.22597 0.762101
2.24472 0.761856
2.26868 0.76161
2.2945 0.76161
2.32924 0.76161
2.35563 0.76161
2.38045 0.76161
2.42208 0.76161
2.45155 0.76161
2.48125 0.761364
2.52217 0.76294
2.56433 0.764523
2.58676 0.768509
2.59765 0.770681
2.61856 0.773684
2.6394 0.778132
2.66061 0.782888
2.66018 0.790899
2.68472 0.794311
2.65819 0.805369
