0.501178 0.510163
0.501221 0.507099
0.501248 0.508097
0.501291 0.506073
0.501308 0.513131
0.501328 0.509091
0.501366 0.494949
0.501406 0.494949
0.501433 0.49697
0.501483 0.50303
0.501498 0.507071
0.501524 0.512097
0.501579 0.514113
0.501609 0.516129
0.50164 0.516129
0.501672 0.520161
0.501688 0.524194
0.501709 0.519115
0.501744 0.517103
0.501769 0.51004
0.5018 0.516064
0.501819 0.514056
0.501847 0.512048
0.501862 0.512048
0.501916 0.514056
0.501944 0.514056
0.502005 0.516064
0.502055 0.52008
0.502077 0.522088
0.502127 0.522088
0.502183 0.516064
0.502231 0.52008
0.502283 0.518072
0.502322 0.517103
0.50239 0.50503
0.502416 0.50503
0.502448 0.503018
0.502463 0.503018
0.502479 0.502008
0.502577 0.504016
0.502648 0.506024
0.50272 0.502008
0.502782 0.498994
0.502875 0.503018
0.502917 0.50503
0.502954 0.513078
0.502983 0.508032
0.503079 0.508032
0.503173 0.509054
0.503227 0.514113
0.503366 0.517103
0.503401 0.514056
0.503444 0.514056
0.503557 0.517034
0.503594 0.517034
0.50363 0.51503
0.503656 0.519038
0.503762 0.516064
0.503838 0.51004
0.503868 0.509018
0.503949 0.5
0.503981 0.502008
0.504002 0.498998
0.504058 0.502008
0.50415 0.495984
0.504278 0.507042
0.504369 0.504016
0.504491 0.498998
0.504619 0.494
0.504667 0.492
0.504711 0.492
0.504827 0.492
0.504867 0.492
0.504974 0.492
0.505099 0.482
0.505176 0.484
0.505286 0.484
0.505317 0.486
0.505469 0.478
0.505574 0.488
0.505614 0.488
0.505677 0.482
0.505739 0.484
0.505786 0.486
0.505827 0.488
0.50589 0.498
0.505972 0.5
0.506061 0.502
0.506176 0.5
0.506214 0.498
0.506388 0.498
0.506425 0.5
0.506533 0.504
0.506623 0.508
0.506833 0.511022
0.506926 0.517034
0.507031 0.517034
0.507151 0.511022
0.507279 0.508
0.507401 0.502
0.507512 0.504
0.507672 0.51
0.507735 0.516
0.507987 0.512
0.508079 0.516
0.508349 0.518
0.508432 0.514
0.508518 0.514
0.508594 0.516
0.508805 0.512
0.508887 0.512
0.509064 0.516
0.509106 0.518
0.50923 0.516
0.509318 0.52
0.509601 0.524
0.509799 0.524
0.509954 0.52
0.5101 0.518
0.510176 0.518
0.51028 0.512
0.510408 0.514
0.510487 0.512
0.510621 0.514
0.510654 0.518
0.510762 0.524
0.510886 0.526
0.511146 0.528
0.51131 0.526
0.511399 0.528
0.511574 0.53
0.511816 0.534
0.512002 0.534
0.512094 0.534
0.512245 0.532
0.512505 0.53
0.512712 0.524
0.51295 0.52
0.513172 0.522
0.513329 0.52
0.513424 0.524
0.513511 0.528
0.513825 0.526
0.513907 0.526
0.514147 0.524
0.514373 0.532
0.514564 0.528
0.514646 0.53
0.514715 0.526
0.515003 0.524
0.515154 0.522
0.515545 0.53
0.515809 0.53
0.516103 0.532
0.516463 0.536
0.516618 0.532
0.516803 0.534
0.517012 0.528
0.517087 0.528
0.517427 0.524
0.517818 0.524
0.518069 0.528
0.518414 0.536
0.518698 0.534
0.519167 0.532
0.519277 0.534
0.519464 0.536
0.519864 0.538
0.519986 0.534
0.520279 0.532
0.520375 0.53
0.520542 0.534
0.520709 0.536
0.521195 0.528
0.521595 0.528
0.521863 0.532
0.522169 0.53
0.522453 0.534
0.522588 0.532
0.522707 0.532
0.523149 0.542
0.523687 0.54
0.523915 0.54
0.52413 0.538
0.524438 0.54
0.525112 0.544
0.525338 0.542
0.525768 0.542
0.526106 0.542
0.52629 0.542
0.526498 0.546
0.526792 0.548
0.527044 0.55
0.527073 0.546
0.527767 0.552
0.52817 0.55
0.528622 0.554
0.52905 0.552
0.529264 0.552
0.529628 0.552
0.530251 0.56
0.530319 0.556
0.530699 0.558
0.53103 0.562
0.531207 0.562
0.531329 0.564
0.531668 0.566
0.531785 0.566
0.532677 0.572
0.533236 0.572
0.533465 0.572
0.534151 0.568
0.534449 0.572
0.535027 0.566
0.53541 0.57
0.53568 0.57
0.536259 0.576
0.536845 0.572
0.537226 0.568
0.537265 0.568
0.537776 0.566
0.538321 0.57
0.538483 0.572
0.539358 0.568
0.539907 0.562
0.54043 0.562
0.540878 0.56
0.541548 0.562
0.542399 0.552
0.542938 0.546
0.543408 0.548
0.54373 0.548
0.544049 0.554
0.54462 0.552
0.54536 0.552
0.545815 0.558
0.546318 0.556
0.546861 0.562
0.547524 0.562
0.548086 0.568
0.548711 0.564
0.549145 0.562
0.549916 0.564
0.550714 0.566
0.551758 0.564
0.552197 0.566
0.552613 0.564
0.552848 0.564
0.553379 0.568
0.554025 0.574
0.554732 0.576
0.555198 0.578
0.55576 0.578
0.556212 0.578
0.556647 0.576
0.557256 0.574
0.557928 0.582
0.558205 0.582
0.559271 0.58
0.559937 0.584
0.560441 0.586
0.560881 0.588
0.562114 0.586
0.562253 0.584
0.562696 0.588
0.563226 0.586
0.564069 0.584
0.564683 0.586
0.565572 0.584
0.565753 0.588
0.566134 0.588
0.566596 0.588
0.567089 0.59
0.567726 0.586
0.568419 0.582
0.568947 0.58
0.569487 0.582
0.569972 0.586
0.570237 0.586
0.571483 0.59
0.571715 0.59
0.57253 0.59
0.572817 0.588
0.573858 0.59
0.574359 0.59
0.575272 0.588
0.575866 0.592
0.576039 0.588
0.576649 0.588
0.576905 0.59
0.577346 0.586
0.577917 0.594
0.578186 0.588
0.578622 0.586
0.579287 0.59
0.580199 0.59
0.580457 0.59
0.580955 0.59
0.581843 0.594
0.582041 0.594
0.582839 0.59
0.582995 0.59
0.583899 0.598
0.58462 0.596
0.585191 0.592
0.586197 0.586
0.586499 0.586
0.587096 0.586
0.587921 0.58
0.589372 0.584
0.589965 0.584
0.591115 0.584
0.591861 0.584
0.592486 0.586
0.59328 0.582
0.594263 0.582
0.594926 0.584
0.595853 0.582
0.596333 0.58
0.597965 0.576
0.599042 0.574
0.599981 0.574
0.60101 0.576
0.601757 0.576
0.602074 0.572
0.602115 0.572
0.602837 0.576
0.603197 0.576
0.604148 0.572
0.60447 0.572
0.604752 0.572
0.605608 0.578
0.607366 0.584
0.608853 0.588
0.609309 0.59
0.609729 0.588
0.610339 0.59
0.611265 0.59
0.612106 0.59
0.612841 0.59
0.613812 0.59
0.614185 0.59
0.615438 0.59
0.615849 0.592
0.616955 0.594
0.617355 0.594
0.618192 0.594
0.619101 0.592
0.619896 0.59
0.620072 0.59
0.621383 0.594
0.621956 0.588
0.622794 0.59
0.623676 0.594
0.624411 0.59
0.626775 0.588
0.628145 0.59
0.628771 0.588
0.6296 0.592
0.629832 0.592
0.630603 0.592
0.631644 0.59
0.632728 0.596
0.633012 0.596
0.633879 0.596
0.636037 0.592
0.636453 0.594
0.637135 0.598
0.637873 0.598
0.63832 0.6
0.639131 0.602
0.639412 0.603206
0.639858 0.603206
0.640328 0.60521
0.640772 0.603206
0.641795 0.602
0.642293 0.6
0.642745 0.6
0.643226 0.6
0.644046 0.602
0.644337 0.598
0.645374 0.598
0.645639 0.6
0.645929 0.6
0.64653 0.596
0.646718 0.598
0.647278 0.6
0.647969 0.6
0.648581 0.6
0.649517 0.602
0.649948 0.602
0.650089 0.604
0.65079 0.598
0.651238 0.6
0.651916 0.602
0.653062 0.6
0.653863 0.604
0.65457 0.606
0.654892 0.602
0.655878 0.608
0.656799 0.61
0.657341 0.612
0.659207 0.608
0.660763 0.612
0.661443 0.612
0.662278 0.61
0.66355 0.61
0.664353 0.608
0.66497 0.606
0.665928 0.61
0.666649 0.614
0.667256 0.616
0.668423 0.614
0.668797 0.616
0.670727 0.612
0.671643 0.612
0.671793 0.612
0.672217 0.61
0.673045 0.612
0.674122 0.612
0.67518 0.606
0.675824 0.61
0.676374 0.614
0.677165 0.616
0.677695 0.612
0.67901 0.612
0.679473 0.614
0.680374 0.614
0.681502 0.61
0.682262 0.608
0.683032 0.61
0.683698 0.612
0.684367 0.612
0.685048 0.61
0.686122 0.612
0.687083 0.61
0.68729 0.608
0.687444 0.61
0.688195 0.61
0.689173 0.61
0.690456 0.614
0.691309 0.614
0.69205 0.616
0.692893 0.614
0.69394 0.614
0.694248 0.614
0.694778 0.612
0.695291 0.61
0.695937 0.61
0.696835 0.614
0.697421 0.618
0.698278 0.616
0.699506 0.618
0.700316 0.616
0.701275 0.614
0.702372 0.618
0.703647 0.622
0.704319 0.622
0.705288 0.622
0.706166 0.624
0.706535 0.618
0.706791 0.618
0.707881 0.618
0.708529 0.618
0.709878 0.614
0.711361 0.614
0.712099 0.618
0.712686 0.618
0.713693 0.616
0.714489 0.616
0.714896 0.616
0.715532 0.622
0.71606 0.624
0.717034 0.624
0.717349 0.624
0.71897 0.624
0.720061 0.622
0.721328 0.624
0.721955 0.626
0.722953 0.628
0.723835 0.63
0.724746 0.63
0.725459 0.63
0.726373 0.63
0.726569 0.63
0.727202 0.628
0.728041 0.63
0.729109 0.63
0.729361 0.63
0.730279 0.632
0.731065 0.634
0.732722 0.638
0.734056 0.64
0.734773 0.642
0.735682 0.64
0.736497 0.64
0.736968 0.642
0.737589 0.642
0.738807 0.642
0.739562 0.64
0.740259 0.64
0.740852 0.64
0.74092 0.638
0.741704 0.638
0.742554 0.64
0.743504 0.642
0.744229 0.642
0.744414 0.64
0.744834 0.64
0.745398 0.642
0.746676 0.642
0.747838 0.64
0.748985 0.64
0.749687 0.642
0.750072 0.642
0.750549 0.642
0.75157 0.646
0.751859 0.646
-1.9364e-07 0.648
0.0327261 0.648
0.754146 0.65
0.754614 0.65
-1.9527e-07 0.65
0.0328448 0.65
2.50876e-07 0.65
0.0113814 0.652
2.51618e-07 0.652
0.0114074 0.652
0.757714 0.652
0.760255 0.652
0.749112 0.652
0.761693 0.652
0.75817 0.652
0.763158 0.654
0.763347 0.654
0.76514 0.652
0.765796 0.65
3.54115e-07 0.652
-1.98395e-07 0.654
0.0333809 0.652
0.767577 0.654
0.769546 0.652
0.770472 0.652
0.771124 0.65
0.771788 0.65
0.772733 0.648
0.77372 0.648
3.57937e-07 0.646
-2.00346e-07 0.642
0.0337187 0.64
-2.01143e-07 0.64
0.0337748 0.642
-2.01232e-07 0.642
0.0338675 0.642
0.780472 0.644
0.780678 0.644
0.781338 0.642
0.781359 0.646
2.59953e-07 0.646
0.0118021 0.648
0.786101 0.648
0.787648 0.65
2.61347e-07 0.65
0.0118578 0.65
2.62075e-07 0.65
0.0118911 0.65
2.62661e-07 0.652
0.0119326 0.654
0.79437 0.654
0.795366 0.654
2.63943e-07 0.654
0.0119718 0.654
0.797909 0.656
0.799523 0.656
0.800551 0.656
0.785877 0.656
0.802264 0.654
0.803469 0.658
0.789838 0.658
0.799818 0.658
0.803262 0.658
0.805822 0.656
0.807033 0.658
0.807702 0.66
0.806541 0.66
0.809362 0.662
0.810017 0.66
0.810821 0.662
0.811381 0.664
0.812242 0.664
0.812792 0.664
0.813571 0.666
0.814268 0.668
0.814475 0.668
0.815146 0.668
0.817248 0.67
0.817763 0.67
0.817686 0.67
-2.11859e-07 0.67
0.0356634 0.672
-2.11313e-07 0.672
0.0357469 0.674
2.73248e-07 0.674
0.0123924 0.672
-2.12088e-07 0.672
0.0358904 0.674
9.82758e-05 0.676
0.82716 0.676
0.827709 0.676
0.828252 0.676
0.828682 0.676
0.830051 0.678
0.831482 0.678
0.832341 0.678
0.832718 0.678
0.833998 0.678
0.834891 0.68
0.836953 0.682
0.837796 0.684
0.839339 0.684
0.840196 0.684
0.841053 0.682
0.842285 0.682
0.843033 0.682
0.843447 0.682
0.844473 0.684
0.845403 0.684
0.845828 0.686
0.846492 0.686
0.847176 0.686
0.847917 0.686
0.848644 0.686
0.848734 0.686
0.848964 0.686
0.849671 0.686
0.850503 0.686
0.426033 0.686
0.853414 0.686
0.854089 0.686
0.85465 0.686
0.855508 0.686
0.857532 0.686
0.858273 0.684
0.858936 0.684
-2.22341e-07 0.682
0.0373933 0.682
-2.2277e-07 0.684
0.0375173 0.688
0.863902 0.688
0.865556 0.69
0.00100901 0.69
0.867368 0.69
0.00164072 0.69
1.1006e-06 0.688
6.40681e-05 0.688
0.871768 0.688
0.873958 0.694
0.874105 0.694
2.90137e-07 0.694
0.0131581 0.692
0.876071 0.692
0.877726 0.69
0.878486 0.69
0.878861 0.69
0.880599 0.69
0.881779 0.69
-2.2692e-07 0.69
0.0383682 0.69
0.883443 0.69
0.886473 0.69
0.887916 0.692
0.888674 0.692
0.889935 0.688
0.890846 0.688
0.891282 0.688
0.891584 0.688
-2.30559e-07 0.688
0.0387801 0.688
0.887743 0.688
0.89507 0.688
0.896765 0.69
0.000218946 0.69
-2.30882e-07 0.69
0.0390237 0.69
0.897914 0.69
0.901555 0.69
-2.33598e-07 0.69
0.902756 0.688
2.99877e-07 0.692
0.0136263 0.696
0.9022 0.698
0.908461 0.698
3.01563e-07 0.698
0.0136843 0.698
0.9128 0.698
0.914606 0.7
3.03463e-07 0.698
0.0137566 0.698
0.916714 0.698
0.918596 0.696
0.918696 0.696
