0.0200898 0.518
0.0213788 0.498
0.0226346 0.486
0.0238522 0.49
0.0250384 0.482
0.0261904 0.480962
0.0274695 0.494
0.0287284 0.496
0.0299845 0.498998
0.0314242 0.5
0.0327737 0.498
0.0340814 0.486
0.035312 0.49499
0.0366036 0.488978
0.0380611 0.492
0.0394963 0.492
0.0409752 0.486
0.0424403 0.498
0.0438196 0.506024
0.0454612 0.506
0.0469002 0.51
0.0484954 0.508
0.0498521 0.509018
0.0512651 0.509018
0.0529239 0.504
0.0545528 0.506
0.0559722 0.49499
0.0576962 0.488
0.0594124 0.49
0.0611068 0.478
0.0625836 0.496994
0.0644746 0.508
0.0660581 0.504
0.067789 0.504
0.0692279 0.51
0.070828 0.514
0.0724761 0.528
0.0740876 0.53
0.0756659 0.53
0.0773193 0.528
0.0789254 0.523046
0.0809567 0.522
0.0825995 0.51
0.0842061 0.508
0.0862442 0.51
0.0882293 0.498
0.0902053 0.484
0.0919924 0.474
0.0938217 0.468
0.095661 0.484
0.0974886 0.496
0.099436 0.488
0.101266 0.504
0.103315 0.502
0.105195 0.5
0.107059 0.508
0.108852 0.508
0.110695 0.522
0.112861 0.532
0.114883 0.538
0.11704 0.53
0.119134 0.536
0.121025 0.526
0.123349 0.526
0.126044 0.522
0.12816 0.524
0.130501 0.514
0.133138 0.518
0.135458 0.514
0.137847 0.514
0.140482 0.522
0.143253 0.526
0.145729 0.538
0.148019 0.523046
0.150722 0.514
0.153316 0.516
0.155642 0.51
0.158409 0.51
0.160456 0.504
0.163113 0.502
0.165692 0.506
0.168418 0.5
0.170861 0.5
0.173856 0.504
0.176566 0.504
0.179215 0.512
0.18181 0.508
0.184897 0.506
0.187627 0.51
0.189952 0.514
0.193276 0.504
0.196433 0.514
0.200117 0.518
0.202875 0.522
0.206221 0.526
0.209494 0.534
0.213768 0.536
0.217119 0.526
0.219546 0.526
0.222905 0.524
0.226335 0.526
0.229357 0.52
0.233336 0.52
0.237045 0.522
0.240097 0.516
0.243378 0.518
0.247859 0.524
0.251412 0.528
0.256271 0.522
0.260158 0.518
0.264291 0.526
0.268295 0.52
0.273096 0.522
0.276695 0.518
0.280861 0.52
0.285253 0.52
0.289297 0.522
0.294552 0.532
0.299826 0.528
0.303841 0.53
0.307757 0.534
0.312283 0.528
0.316406 0.524
0.321737 0.516
0.328582 0.514
0.333503 0.508
0.338302 0.494
0.343016 0.496
0.347932 0.49
0.354537 0.494
0.35892 0.502
0.364948 0.51
0.371979 0.512
0.377013 0.516
0.383164 0.516
0.387328 0.512
0.392934 0.498
0.399747 0.494
0.409118 0.508
0.414903 0.504
0.42178 0.5
0.428896 0.504
0.435285 0.506
0.442054 0.508
0.447355 0.51
0.454549 0.516
0.461995 0.52
0.468189 0.52
0.474849 0.508
0.484357 0.506
0.492296 0.512
0.502731 0.51
0.508504 0.51
0.515645 0.51
0.522419 0.512
0.528871 0.512
0.53912 0.518
0.549823 0.526
0.557653 0.522
0.563901 0.524
0.577092 0.524
0.587156 0.526
0.595252 0.522
0.600431 0.518
0.612237 0.522
0.621934 0.52
0.630123 0.526
0.638176 0.534
0.645044 0.534
0.653176 0.538
0.659852 0.534
0.673587 0.526
0.682615 0.52
0.693132 0.528
0.700124 0.524
0.710127 0.518
0.718888 0.522
0.726359 0.528
0.732063 0.532
0.737427 0.53
0.744122 0.528
0.751688 0.526
0.758649 0.526
0.766004 0.53
0.775533 0.532
0.786015 0.528
0.797366 0.524
0.804253 0.526
0.81025 0.534
0.817928 0.538
0.822583 0.534
0.829875 0.536
0.834522 0.536
0.840657 0.534
0.847122 0.538
0.8532 0.534
0.856869 0.536
0.863959 0.538
0.873156 0.542
0.877431 0.544
0.884159 0.542
0.888994 0.544
0.892475 0.546
0.896496 0.548
0.900723 0.548
0.909159 0.55
0.91387 0.55
0.918606 0.552
0.921674 0.556
0.927011 0.554
0.931216 0.552
0.934143 0.558
0.93727 0.56
0.940125 0.558
0.944381 0.558
0.947514 0.556
0.950572 0.556
0.954341 0.562
0.958699 0.562
0.963786 0.564
0.966894 0.562
0.969602 0.56
0.971564 0.564
0.975714 0.568
0.979626 0.568
0.983147 0.566
0.984867 0.568
0.987552 0.568
0.990611 0.572
0.993617 0.572
0.997926 0.566
1.00023 0.564
1.0029 0.566
1.00514 0.568
1.00774 0.568
1.01014 0.568
1.01332 0.566
1.01636 0.562
1.01841 0.564
1.01984 0.556
1.02215 0.558
1.02329 0.56
1.02429 0.56
1.02606 0.558
1.02747 0.552
1.02905 0.554
1.03015 0.552
1.0306 0.553106
1.03469 0.554
1.03625 0.554
1.03835 0.554
1.04109 0.554
1.04219 0.556
1.04378 0.558
1.04492 0.558
1.04648 0.558
1.04741 0.56
1.04941 0.56
1.051 0.562
1.05391 0.564
1.05536 0.562
1.05644 0.562
1.0579 0.558
1.05967 0.564
1.06178 0.566
1.063 0.566
1.06511 0.566
1.0667 0.568
1.06831 0.568
1.06999 0.568
1.07167 0.566
1.07244 0.568
1.0732 0.568
1.07518 0.57
1.07598 0.57
1.07714 0.57
1.07808 0.576
1.07901 0.576
1.07989 0.574
1.08124 0.572
1.08315 0.572
1.08421 0.568
1.08499 0.568
1.086 0.57
1.08733 0.57
1.08854 0.568
1.08951 0.572
1.09078 0.568
1.09174 0.568
1.09274 0.568
1.0943 0.568
1.09566 0.57
1.09716 0.574
1.09804 0.572
1.09894 0.572
1.09991 0.572
1.10092 0.57
1.10172 0.57
1.10275 0.574
1.10392 0.576
1.10541 0.572
1.10656 0.574
1.10759 0.576
1.1085 0.574
1.10973 0.57
1.11054 0.568
1.11139 0.57
1.11239 0.574
1.11315 0.578
1.11383 0.578
1.11451 0.578
1.11558 0.582
1.11649 0.586
1.11742 0.584
1.1182 0.584
1.11893 0.584
1.11962 0.584
1.12027 0.58
1.12177 0.576
1.12279 0.576
1.1238 0.574
1.12528 0.57
1.1262 0.576
1.12704 0.576
1.12778 0.58
1.12874 0.578
1.12963 0.578
1.13059 0.578
1.1315 0.572
1.13235 0.572
1.1333 0.576
1.13405 0.576
1.13489 0.58
1.13546 0.58
1.13616 0.58
1.13695 0.58
1.13797 0.576
1.13914 0.578
1.14005 0.578
1.14085 0.576
1.1416 0.582
1.14239 0.586
1.14352 0.59
1.1443 0.586
1.14535 0.586
1.14609 0.586
1.14729 0.588
1.14806 0.588
1.14896 0.588
1.14963 0.588
1.15049 0.588
1.15152 0.584
1.15227 0.584
1.1529 0.584
1.15369 0.586
1.1548 0.586
1.15549 0.588
1.15635 0.594
1.15716 0.592
1.15776 0.594
1.15873 0.596
1.15958 0.596
1.16034 0.596
1.16112 0.596
1.16179 0.598
1.16248 0.6
1.16331 0.602
1.16405 0.604
1.16468 0.602
1.16551 0.602
1.16631 0.602
1.16699 0.602
1.16772 0.602
1.16851 0.598
1.1702 0.598
1.17141 0.598
1.17238 0.6
1.17363 0.6
1.17454 0.602
1.17543 0.604
1.1766 0.604
1.17729 0.604
1.17806 0.606
1.17913 0.606
1.1799 0.606
1.1805 0.608
1.18154 0.61
1.18229 0.608
1.18314 0.608
1.18433 0.608
1.18508 0.608
1.186 0.608
1.18705 0.608
1.18797 0.61
1.18888 0.61
1.18981 0.608
1.19093 0.608
1.19174 0.61
1.19253 0.608
1.19327 0.61
1.19407 0.61
1.195 0.608
1.19578 0.61
1.19662 0.608
1.19751 0.608
1.1984 0.606
1.19929 0.608
1.19997 0.608
1.20087 0.608
1.20163 0.61
1.2026 0.604
1.20334 0.606
1.20174 0.609218
1.20548 0.608
1.20624 0.608
1.20695 0.608
1.20797 0.608
1.20876 0.608
1.20972 0.61
1.21052 0.61
1.2115 0.608
1.21228 0.61
1.21299 0.61
1.21373 0.61
1.21469 0.61
1.21562 0.61
1.21651 0.61
1.21742 0.61
1.21834 0.612
1.2193 0.61
1.22018 0.61
1.22109 0.61
1.22201 0.61
1.22286 0.61
1.22361 0.61
1.22439 0.61
1.22527 0.61
1.2261 0.61
1.227 0.614
1.22776 0.614
1.22875 0.616
1.22952 0.616
1.23041 0.616
1.23162 0.618
1.23281 0.616
1.23388 0.614
1.23482 0.616
1.23583 0.618
1.23691 0.62
1.23809 0.62
1.23879 0.62
1.24014 0.62
1.24097 0.62
1.24199 0.622
1.24285 0.622
1.2438 0.626
1.24487 0.626
1.24642 0.626
1.24724 0.626
1.24833 0.628
1.24922 0.63
1.2499 0.63
1.25133 0.628
1.25258 0.632
1.25347 0.63
1.25465 0.63
1.25585 0.63
1.25725 0.628
1.25888 0.624
1.26018 0.626
1.26119 0.626
1.26216 0.626
1.26294 0.626
1.26359 0.626
1.26476 0.626
1.26587 0.626
1.26664 0.626
1.26753 0.628
1.26892 0.63
1.26976 0.63
1.27076 0.63
1.27172 0.63
1.27281 0.632
1.27374 0.63
1.27487 0.63
1.27581 0.63
1.27696 0.63
1.27838 0.63
1.2799 0.63
1.28101 0.632
1.28234 0.634
1.28329 0.634
1.28414 0.636
1.28539 0.636
1.2865 0.636
1.28769 0.636
1.28886 0.636
1.28996 0.636
1.29147 0.638
1.29265 0.638
1.29384 0.636
1.29528 0.64
1.29636 0.64
1.29802 0.64
1.29885 0.64
1.29985 0.64
1.30105 0.642
1.30199 0.642
1.30327 0.642
1.30418 0.64
1.3056 0.64
1.30674 0.64
1.30784 0.642
1.3095 0.642
1.31045 0.642
1.31192 0.64
1.31311 0.638
1.31585 0.64
1.31709 0.64
1.31818 0.64
1.31993 0.642
1.32101 0.642
1.32221 0.64
1.32369 0.642
1.32494 0.64
1.32624 0.64
1.3278 0.64
1.33103 0.644
1.33236 0.644
1.33428 0.644
1.33689 0.644
1.33798 0.644
1.3393 0.646
1.34057 0.648
1.34183 0.648
1.34342 0.648
1.3458 0.652
1.34757 0.654
1.34883 0.654
1.35016 0.654
1.35219 0.656
1.35418 0.656
1.35605 0.656
1.35807 0.654
1.35948 0.654
1.36091 0.656
1.36228 0.656
1.36355 0.656
1.36618 0.656
1.36799 0.658
1.36966 0.658
1.37112 0.658
1.37428 0.66
1.37619 0.66
1.37974 0.66
1.38287 0.662
1.3874 0.664
1.38961 0.664
1.39171 0.664
1.39312 0.664
1.39601 0.668
1.39834 0.666
1.40046 0.666
1.40462 0.668
1.40668 0.668
1.41023 0.67
1.41317 0.672
1.41624 0.672
1.41909 0.676
1.42219 0.676
1.42378 0.676
1.42564 0.676
1.43117 0.68
1.43453 0.682
1.43679 0.682
1.43932 0.684
1.44275 0.686
1.44657 0.686
1.45116 0.686
1.45491 0.684
1.45924 0.684
1.46417 0.686
1.46798 0.686
1.47362 0.686
1.47623 0.686
1.48095 0.688
1.48376 0.688
1.48676 0.69
1.49047 0.692
1.49241 0.692
1.49596 0.694
1.49861 0.694
1.5081 0.702
1.51666 0.704
1.52025 0.704
1.52252 0.704
1.52787 0.704
1.53025 0.704
1.53971 0.706
1.54326 0.706
1.54604 0.706
1.54959 0.706
1.55788 0.708
1.56107 0.708
1.56552 0.712
1.57493 0.714
1.58668 0.716
1.59673 0.72
1.60886 0.722
1.61286 0.722
1.61965 0.722
1.62792 0.724
1.64378 0.726
1.65097 0.728
1.65929 0.728
1.67045 0.73
1.68183 0.732
1.69336 0.734
1.70206 0.734
1.71631 0.736
1.72227 0.736
1.71885 0.735471
1.72261 0.735471
1.72994 0.735471
1.73786 0.735471
1.75748 0.739479
1.77776 0.743487
1.78992 0.745491
1.79363 0.745491
1.80012 0.745491
1.80588 0.745491
1.81675 0.745491
1.82967 0.747495
1.84065 0.747495
1.85092 0.749499
1.85975 0.751503
1.87963 0.753507
1.88541 0.753507
1.89298 0.753507
1.88891 0.753012
1.91181 0.757028
1.92353 0.757028
1.9327 0.757028
1.94053 0.757028
1.95051 0.762575
1.96817 0.764588
1.96549 0.764113
1.98193 0.764113
1.99089 0.764113
1.99004 0.763636
2.00495 0.767677
2.01647 0.767677
2.01226 0.767206
2.02721 0.767206
2.04125 0.767206
2.05874 0.767206
2.06016 0.766734
2.07256 0.766734
2.08872 0.766734
2.10241 0.766734
2.1155 0.766734
2.12848 0.766734
2.14983 0.766734
2.16459 0.766734
2.17913 0.766734
2.18477 0.76626
2.19977 0.76626
2.21685 0.76626
2.23604 0.76626
2.2434 0.765784
2.27557 0.765784
2.29781 0.765784
2.30372 0.765306
2.32826 0.765306
2.35624 0.765306
2.37949 0.765306
2.41025 0.765306
2.43112 0.765306
2.48078 0.765306
2.50444 0.764826
2.54393 0.764826
2.57838 0.766393
2.60234 0.76749
2.63852 0.76701
2.63632 0.769231
2.69283 0.770833
2.71636 0.776842
2.73315 0.781316
2.72341 0.790043
2.7657 0.793028
