0.502247 0.531532
0.502435 0.529973
0.502596 0.526384
0.502697 0.519903
0.502619 0.509518
0.502826 0.504158
0.503161 0.50439
0.503253 0.5
0.503426 0.496558
0.503595 0.494703
0.503776 0.495766
0.50408 0.496329
0.504326 0.501044
0.504451 0.496032
0.50461 0.496851
0.504897 0.4997
0.505058 0.504037
0.505283 0.496419
0.505551 0.495749
0.5059 0.498979
0.505998 0.499024
0.506164 0.498826
0.506436 0.50068
0.506628 0.496306
0.506879 0.497473
0.507077 0.49939
0.507217 0.502182
0.507523 0.499809
0.507846 0.500932
0.508124 0.499453
0.508427 0.498403
0.508885 0.5
0.5093 0.503208
0.509544 0.505599
0.50987 0.508075
0.510195 0.51051
0.510718 0.508248
0.511078 0.512679
0.511509 0.513839
0.511952 0.516539
0.512299 0.516662
0.512803 0.514944
0.513271 0.514677
0.513666 0.514451
0.514147 0.512486
0.514681 0.515013
0.515178 0.518675
0.515721 0.520376
0.516265 0.523637
0.516835 0.524649
0.517308 0.524375
0.517748 0.526145
0.518276 0.52784
0.518821 0.530233
0.519331 0.52907
0.519859 0.529426
0.520479 0.529651
0.521098 0.529986
0.521521 0.528146
0.52231 0.527439
0.522953 0.527049
0.523527 0.528015
0.524084 0.528954
0.524763 0.529813
0.525411 0.529638
0.526148 0.532689
0.526722 0.534972
0.527418 0.535246
0.528106 0.533776
0.528797 0.535202
0.52959 0.537448
0.530263 0.536575
0.53082 0.538143
0.531566 0.539648
0.532192 0.541225
0.533051 0.541199
0.533847 0.542205
0.534593 0.542918
0.535343 0.543837
0.536193 0.544212
0.53685 0.54559
0.537631 0.546825
0.538504 0.546763
0.539352 0.548081
0.540184 0.547594
0.541077 0.549319
0.542156 0.550909
0.542953 0.552005
0.543732 0.553307
0.544637 0.553426
0.545442 0.553705
0.546498 0.554217
0.547528 0.556132
0.548266 0.557692
0.549232 0.559504
0.550314 0.558884
0.551233 0.562087
0.552087 0.562513
0.553087 0.562821
0.553915 0.563551
0.554697 0.56446
0.555628 0.564853
0.556638 0.566292
0.557647 0.566319
0.558625 0.567109
0.559515 0.567225
0.560559 0.568747
0.561534 0.569303
0.562405 0.569741
0.563307 0.570847
0.564404 0.5714
0.565374 0.570325
0.566369 0.572415
0.567409 0.572821
0.568468 0.574416
0.569483 0.574792
0.570486 0.576323
0.571643 0.575653
0.572523 0.577157
0.573533 0.578723
0.574544 0.578479
0.575707 0.577778
0.576853 0.577576
0.577845 0.579532
0.578753 0.581785
0.579896 0.583098
0.580926 0.583367
0.581869 0.584292
0.582886 0.58483
0.584162 0.585149
0.585251 0.586847
0.586293 0.587785
0.587182 0.587062
0.588205 0.588366
0.589109 0.589279
0.590301 0.590048
0.591434 0.591266
0.59266 0.592757
0.593747 0.594491
0.59497 0.594736
0.596176 0.595018
0.597183 0.595262
0.598255 0.595061
0.599098 0.59703
0.600149 0.598073
0.60136 0.598114
0.602351 0.598195
0.603617 0.598596
0.60483 0.599077
0.605973 0.600161
0.60723 0.599639
0.608236 0.599759
0.60931 0.600683
0.610431 0.601685
0.611542 0.603092
0.612769 0.602006
0.613993 0.603811
0.615184 0.604693
0.616157 0.604455
0.617028 0.605173
0.618236 0.606012
0.61941 0.606541
0.620674 0.606255
0.622002 0.607623
0.623027 0.609707
0.624138 0.610832
0.625353 0.612314
0.626332 0.61247
0.6274 0.613039
0.628566 0.61412
0.629533 0.613919
0.630588 0.614429
0.631512 0.615153
0.632755 0.615554
0.633838 0.618113
0.634984 0.617665
0.636065 0.61836
0.637308 0.61648
0.638237 0.615601
0.639392 0.614567
0.640381 0.6152
0.641609 0.614397
0.642771 0.616186
0.644069 0.615431
0.645417 0.617358
0.646516 0.617234
0.647759 0.616727
0.648827 0.617512
0.649824 0.616386
0.651055 0.615939
0.652041 0.617482
0.653155 0.618083
0.654129 0.61921
0.655117 0.621042
0.656293 0.621595
0.657648 0.62167
0.658818 0.622721
0.659886 0.625876
0.66094 0.626127
0.662039 0.625601
0.663121 0.626653
0.664198 0.626627
0.665438 0.626251
0.666356 0.626251
0.667412 0.626176
0.668465 0.626827
0.669668 0.629058
0.670655 0.63006
0.671812 0.631589
0.673077 0.632064
0.674202 0.631779
0.675557 0.632886
0.676804 0.63487
0.677767 0.634689
0.678777 0.63549
0.679937 0.635563
0.680997 0.636436
0.682148 0.636273
0.683279 0.635308
0.684186 0.635508
0.685352 0.634689
0.686626 0.635216
0.687714 0.634908
0.688868 0.634635
0.689928 0.634381
0.690928 0.63398
0.692086 0.635308
0.693295 0.635927
0.694252 0.636182
0.695452 0.6366
0.696613 0.636727
0.697601 0.637127
0.698651 0.637182
0.699876 0.639039
0.700906 0.640184
0.701957 0.640697
0.703104 0.639912
0.704127 0.640584
0.705257 0.642457
0.70651 0.643986
0.707476 0.643457
0.708736 0.643729
0.709897 0.643986
0.710755 0.644587
0.711961 0.643586
0.713027 0.644187
0.713898 0.643786
0.71512 0.644658
0.716019 0.645187
0.717087 0.645387
0.718192 0.646659
0.719348 0.648118
0.720429 0.648319
0.721488 0.649119
0.722629 0.64992
0.723743 0.65073
0.724736 0.651521
0.725763 0.652452
0.726873 0.651991
0.728101 0.652452
0.729011 0.652583
0.730111 0.653315
0.731258 0.653453
0.732681 0.653923
0.733971 0.654393
0.734866 0.654193
0.736014 0.655062
0.737123 0.654531
0.738077 0.653854
0.739068 0.654786
0.740222 0.655193
0.741502 0.656463
0.742689 0.656994
0.743785 0.657326
0.745031 0.657126
0.746279 0.658458
0.747246 0.658663
0.748269 0.658595
0.749439 0.6586
0.750505 0.659064
0.751542 0.659396
0.752637 0.659196
0.75378 0.659132
0.754565 0.659664
0.755781 0.659728
0.756771 0.659728
0.757668 0.65986
0.758761 0.659664
0.759619 0.659596
0.760633 0.659796
0.762002 0.659396
0.763056 0.660264
0.764056 0.660864
0.765283 0.661732
0.766264 0.661665
0.767458 0.661397
0.768656 0.662197
0.769699 0.662733
0.77051 0.662533
0.771551 0.662533
0.7727 0.6632
0.773422 0.662665
0.774739 0.662933
0.775695 0.662865
0.776771 0.663866
0.777647 0.663598
0.778615 0.664331
0.779533 0.663265
0.780631 0.663798
0.781686 0.664599
0.782594 0.664266
0.783433 0.664066
0.784443 0.664399
0.785602 0.664333
0.786668 0.664533
0.787488 0.664599
0.788695 0.665399
0.78962 0.6664
0.79055 0.666333
0.791691 0.666867
0.792759 0.6664
0.793858 0.667
0.795013 0.667067
0.795981 0.667
0.797036 0.6678
0.798252 0.6684
0.799511 0.668334
0.80058 0.668267
0.801625 0.668735
0.802665 0.669602
0.803794 0.6702
0.804565 0.670468
0.805617 0.6714
0.806539 0.672935
0.807439 0.673269
0.808422 0.674405
0.809441 0.674135
0.810577 0.674405
0.811635 0.674735
0.812683 0.6752
0.813678 0.67587
0.814542 0.67567
0.815683 0.6752
0.816957 0.6756
0.818118 0.676135
0.819461 0.676735
0.820515 0.676935
0.82168 0.677471
0.82263 0.6774
0.823694 0.6778
0.824697 0.678536
0.825817 0.678071
0.826729 0.678271
0.827699 0.678071
0.828588 0.678336
0.829583 0.677936
0.830635 0.677936
0.831748 0.678271
0.832672 0.678807
0.833801 0.679336
0.835007 0.679136
0.835931 0.679272
0.83697 0.679072
0.83828 0.68
0.839212 0.680536
0.840264 0.681136
0.841404 0.6818
0.842549 0.682
0.843494 0.681736
0.844498 0.681673
0.845568 0.681136
0.846389 0.681273
0.847352 0.681273
0.848663 0.6822
0.849661 0.682937
0.8509 0.683
0.852063 0.683273
0.853008 0.683473
0.85407 0.683937
0.855193 0.684
0.856125 0.684537
0.857306 0.684337
0.85841 0.684674
0.859591 0.684737
0.860701 0.685274
0.86164 0.684937
0.862743 0.6852
0.863697 0.6854
0.864736 0.685537
0.865586 0.685337
0.866642 0.685674
0.867657 0.684874
0.868709 0.6854
0.869881 0.6856
0.871056 0.6858
0.872319 0.6864
0.873307 0.686937
0.874255 0.6874
0.875167 0.6872
0.876138 0.6866
0.877092 0.6864
0.878267 0.6864
0.879158 0.6862
0.880378 0.6864
0.88148 0.6868
0.88253 0.6872
0.883738 0.687337
0.884719 0.6872
0.885751 0.687275
0.886735 0.687675
0.887677 0.687938
0.888836 0.688738
0.890049 0.688338
0.891125 0.688738
0.892465 0.689138
0.893194 0.689214
0.894331 0.690014
0.895295 0.690014
0.896392 0.690338
0.897497 0.6906
0.898649 0.690538
0.899671 0.690876
0.900655 0.691538
0.902124 0.6912
0.903275 0.691138
0.904329 0.690738
0.905518 0.691277
0.906449 0.691138
0.907624 0.6906
0.908546 0.6908
0.909517 0.6912
0.91065 0.692
0.911744 0.692
0.913046 0.6922
0.914354 0.6922
0.915619 0.6926
0.916916 0.693
0.918052 0.6932
0.919203 0.6932
0.920456 0.694
0.921682 0.6944
0.922692 0.6952
0.923951 0.6958
0.925373 0.6964
0.9264 0.6964
0.927691 0.6972
0.928948 0.697479
0.93028 0.69774
0.931437 0.698079
0.932653 0.698079
0.934383 0.69834
0.935541 0.69834
0.93698 0.69814
0.938259 0.699
0.939605 0.6992
0.940597 0.6994
0.941794 0.6996
0.9431 0.6996
0.944336 0.6998
0.945449 0.7002
0.946723 0.7006
0.948138 0.7012
0.949393 0.7012
0.95053 0.701
0.951898 0.701
0.952994 0.70114
0.954185 0.70154
0.955169 0.701681
0.956802 0.70194
0.958148 0.70194
0.959329 0.70234
0.960681 0.702881
0.961626 0.703022
0.962853 0.703081
0.964164 0.703281
0.965294 0.703081
0.966684 0.703622
0.967778 0.704022
0.968974 0.704623
0.970252 0.704823
0.971791 0.704823
0.97305 0.705223
0.974521 0.705282
0.975708 0.705423
0.976938 0.705423
0.978638 0.705564
0.980186 0.705765
0.981646 0.706365
0.983199 0.706765
0.984492 0.707166
0.986024 0.707366
0.987424 0.707649
0.988786 0.707849
0.990093 0.70805
0.991567 0.70825
0.992829 0.70825
0.994205 0.70845
0.995402 0.708108
0.997111 0.708308
0.998618 0.70845
0.999771 0.70865
1.00135 0.708851
1.00269 0.708851
1.00397 0.708592
1.00526 0.708475
1.00702 0.708475
1.0084 0.708617
1.01027 0.708818
1.01171 0.708617
1.01314 0.708759
1.01448 0.709044
1.01606 0.709302
1.01757 0.709445
1.01949 0.709445
1.02098 0.709587
1.02244 0.709445
1.02409 0.709445
1.02589 0.709445
1.02728 0.709445
1.0285 0.709787
1.03033 0.710389
1.03208 0.710875
1.03363 0.711218
1.03512 0.711361
1.03659 0.711361
1.0381 0.711361
1.0398 0.711361
1.04148 0.711361
1.04307 0.711504
1.04522 0.711704
1.04676 0.711704
1.0484 0.711847
1.04975 0.712133
1.05147 0.712276
1.05286 0.712505
1.05513 0.712907
1.05684 0.712648
1.05874 0.71305
1.06083 0.712993
1.06232 0.713423
1.0642 0.713366
1.06607 0.71371
1.06859 0.713912
1.07075 0.714401
1.0726 0.714631
1.07471 0.715178
1.07693 0.714977
1.07866 0.715006
1.08013 0.71515
1.08177 0.715237
1.08391 0.715526
1.08645 0.715526
1.08784 0.716104
1.09022 0.715989
1.09236 0.716481
1.09477 0.716828
1.09747 0.717264
1.09994 0.717699
1.10192 0.71773
1.10439 0.717876
1.10659 0.718401
1.1088 0.718782
1.11102 0.719017
1.11279 0.719658
1.11463 0.719951
1.11709 0.720244
1.11922 0.720424
1.12144 0.720807
1.1235 0.721191
1.12634 0.721372
1.12855 0.722109
1.1305 0.72229
1.13257 0.722234
1.13495 0.72245
1.13647 0.723339
1.13931 0.723819
1.14168 0.724003
1.1441 0.724393
1.14708 0.724614
1.14929 0.725397
1.15167 0.725227
1.15473 0.72562
1.15698 0.725693
1.1592 0.725937
1.16195 0.726613
1.16442 0.726687
1.1673 0.726933
1.17004 0.727065
1.17315 0.727159
1.17618 0.727519
1.17881 0.72822
1.18164 0.728506
1.18486 0.728753
1.18795 0.728679
1.19127 0.728927
1.19421 0.729215
1.19731 0.729407
1.20074 0.729906
1.20407 0.729945
1.20632 0.730332
1.20943 0.730988
1.21259 0.731337
1.21587 0.731558
1.21937 0.731795
1.22223 0.732131
1.22539 0.73237
1.22863 0.733036
1.2316 0.733759
1.23546 0.734015
1.23939 0.734415
1.2438 0.734829
1.24771 0.735017
1.25167 0.735092
1.25561 0.734966
1.26083 0.735269
1.26569 0.73556
1.26951 0.73724
1.27324 0.737801
1.27719 0.73913
1.28166 0.739869
1.28612 0.739891
1.28986 0.740294
1.29447 0.741694
1.29879 0.742775
1.30294 0.744021
1.30821 0.74478
1.3128 0.745264
1.3181 0.745808
1.32297 0.746135
1.329 0.747584
1.33411 0.748984
1.34025 0.750567
1.34553 0.751309
1.35085 0.753089
1.35827 0.753963
1.36481 0.754382
1.37198 0.755968
1.37547 0.757654
1.3814 0.759294
1.38793 0.760473
1.39317 0.763441
1.40056 0.76567
1.40821 0.768557
1.41364 0.77133
1.41994 0.774362
1.42582 0.775827
1.4323 0.778256
1.44054 0.781506
1.44789 0.784106
1.45469 0.787895
