0.501982 0.508346
0.502167 0.506329
0.50222 0.5
0.502463 0.498775
0.502676 0.502851
0.50274 0.504752
0.502801 0.505462
0.502925 0.505576
0.503144 0.50393
0.503156 0.502871
0.503363 0.502728
0.503583 0.504818
0.503869 0.504916
0.504075 0.50567
0.504191 0.504127
0.504364 0.501214
0.504638 0.5
0.50491 0.503341
0.50514 0.502962
0.505381 0.501553
0.505681 0.500497
0.505722 0.500955
0.506092 0.500231
0.506474 0.504224
0.50677 0.50604
0.507054 0.505421
0.507292 0.506253
0.507466 0.50334
0.507908 0.507241
0.508213 0.509308
0.508479 0.508816
0.508807 0.511571
0.509286 0.511652
0.509566 0.51076
0.509875 0.509353
0.510035 0.509161
0.510459 0.511927
0.511023 0.512939
0.511464 0.512572
0.511928 0.512668
0.512289 0.512603
0.512647 0.516389
0.513059 0.515607
0.513696 0.517887
0.514088 0.519363
0.514494 0.521668
0.514852 0.520928
0.515236 0.521235
0.515784 0.520991
0.516288 0.523748
0.516823 0.524636
0.517424 0.526542
0.517995 0.523166
0.518408 0.523138
0.518981 0.523202
0.519452 0.522827
0.520048 0.524176
0.52069 0.525675
0.521205 0.526353
0.521948 0.52696
0.522562 0.526637
0.522968 0.527391
0.523474 0.528614
0.524045 0.530258
0.524723 0.531577
0.525308 0.535319
0.525907 0.538462
0.526686 0.538787
0.527275 0.540169
0.527986 0.539123
0.528747 0.539526
0.529416 0.53747
0.53014 0.535233
0.530926 0.537262
0.5317 0.53669
0.53239 0.535967
0.533269 0.537243
0.534 0.537179
0.53482 0.537202
0.53564 0.538478
0.536376 0.538625
0.537285 0.540466
0.538025 0.542706
0.538861 0.542194
0.539665 0.543446
0.540378 0.545455
0.541238 0.546254
0.542179 0.546937
0.543115 0.547634
0.543851 0.548045
0.544676 0.548755
0.545512 0.54999
0.5465 0.549948
0.547284 0.55186
0.548385 0.553446
0.549372 0.553472
0.550269 0.556105
0.551121 0.556286
0.551979 0.556856
0.552816 0.558273
0.553898 0.561256
0.554901 0.562641
0.555775 0.563357
0.556744 0.565706
0.557792 0.567115
0.558809 0.568108
0.559773 0.569711
0.560799 0.569713
0.561838 0.570324
0.56275 0.571923
0.563717 0.573747
0.564569 0.573517
0.565569 0.573054
0.566568 0.572183
0.567658 0.573371
0.568667 0.574269
0.56972 0.575193
0.570659 0.576113
0.571865 0.576861
0.572791 0.577094
0.573921 0.576573
0.574853 0.576168
0.575815 0.577211
0.576872 0.579309
0.577968 0.581649
0.578977 0.581903
0.580054 0.585134
0.581053 0.58574
0.582082 0.587154
0.583042 0.587523
0.58418 0.587558
0.585407 0.587558
0.586392 0.588223
0.587177 0.58725
0.588178 0.588437
0.589309 0.589077
0.590356 0.591294
0.591244 0.593309
0.592462 0.594361
0.593474 0.595492
0.59459 0.595852
0.595625 0.595492
0.596721 0.597222
0.597867 0.596177
0.598913 0.596456
0.599967 0.597706
0.601259 0.598672
0.60235 0.600443
0.603437 0.600724
0.604455 0.600482
0.605678 0.601567
0.606513 0.601768
0.607744 0.602047
0.608833 0.603614
0.610008 0.606103
0.611047 0.607422
0.612125 0.609272
0.613162 0.607859
0.614313 0.607544
0.615599 0.608146
0.616726 0.610275
0.617791 0.610989
0.618896 0.609585
0.619976 0.608983
0.62111 0.609864
0.622018 0.609575
0.623162 0.611423
0.624363 0.611623
0.625427 0.612347
0.626652 0.612948
0.627802 0.613582
0.628828 0.613673
0.629924 0.613349
0.631043 0.614629
0.63218 0.615986
0.63305 0.617883
0.634277 0.618054
0.635425 0.618484
0.636484 0.617989
0.637386 0.617836
0.638454 0.618189
0.639413 0.620317
0.640552 0.620793
0.641557 0.620821
0.642677 0.621173
0.643869 0.621021
0.645124 0.621995
0.646347 0.623273
0.647444 0.6252
0.648501 0.624925
0.649664 0.62495
0.650714 0.625401
0.65177 0.6252
0.652822 0.626026
0.653604 0.627679
0.654902 0.629103
0.656149 0.629882
0.657221 0.629778
0.658398 0.630631
0.659509 0.631684
0.660636 0.631031
0.661566 0.631179
0.662477 0.631632
0.663517 0.632212
0.665077 0.632485
0.666218 0.633614
0.667293 0.633961
0.66839 0.633761
0.669305 0.634962
0.670469 0.634161
0.671687 0.635362
0.67277 0.634908
0.673971 0.634781
0.675016 0.635162
0.676023 0.635362
0.677255 0.635654
0.678203 0.635563
0.679432 0.635108
0.680397 0.635982
0.681429 0.63731
0.682429 0.637182
0.683805 0.637783
0.684862 0.638055
0.68595 0.638455
0.687067 0.6388
0.688116 0.639328
0.689214 0.6392
0.690325 0.640584
0.691431 0.641328
0.692446 0.641385
0.693542 0.642314
0.69464 0.644173
0.695799 0.644573
0.696873 0.643973
0.697822 0.643973
0.698875 0.644761
0.700199 0.644302
0.701441 0.645374
0.702336 0.644974
0.70353 0.645445
0.704583 0.646105
0.705747 0.645975
0.706987 0.647789
0.708053 0.64873
0.709205 0.64853
0.71015 0.649049
0.711263 0.65019
0.712234 0.649119
0.713392 0.64965
0.714483 0.65045
0.715586 0.651321
0.716415 0.652322
0.717568 0.653122
0.718544 0.652992
0.719432 0.652992
0.720508 0.653862
0.721587 0.653923
0.722743 0.654393
0.723811 0.654254
0.724956 0.654931
0.725974 0.654724
0.727155 0.655725
0.72827 0.656731
0.729588 0.657063
0.730623 0.656994
0.731641 0.656794
0.732726 0.657457
0.733683 0.658058
0.734887 0.658654
0.736107 0.659396
0.737123 0.659532
0.738186 0.659132
0.739225 0.658864
0.740399 0.659132
0.741439 0.659596
0.742433 0.659264
0.743478 0.659528
0.744586 0.658932
0.745674 0.659196
0.746861 0.659864
0.747948 0.660664
0.748947 0.661064
0.749933 0.662065
0.750731 0.661932
0.751823 0.661732
0.753108 0.662533
0.754104 0.662533
0.755367 0.662865
0.756558 0.662533
0.757563 0.6626
0.75864 0.6632
0.759717 0.664066
0.760768 0.6642
0.761833 0.663733
0.762952 0.663866
0.764014 0.664066
0.765111 0.665066
0.766307 0.665933
0.767434 0.6662
0.768707 0.666867
0.76969 0.668001
0.771004 0.668667
0.772062 0.669001
0.772979 0.6696
0.774144 0.669934
0.775138 0.669534
0.776116 0.669868
0.777328 0.670602
0.778344 0.671203
0.779417 0.671068
0.780736 0.670934
0.781717 0.672
0.782648 0.672535
0.783916 0.6722
0.785006 0.671934
0.786043 0.671534
0.786988 0.671534
0.787955 0.672735
0.788841 0.672869
0.789798 0.672604
0.790824 0.672935
0.791882 0.673804
0.792936 0.673335
0.793912 0.673735
0.794916 0.674
0.795869 0.674
0.796901 0.673735
0.798005 0.673935
0.79901 0.67447
0.800171 0.674535
0.801205 0.674335
0.802228 0.674335
0.803209 0.674335
0.804348 0.674535
0.805223 0.674535
0.806313 0.674735
0.807294 0.675135
0.8084 0.67567
0.809308 0.676135
0.81016 0.6764
0.811263 0.6764
0.812214 0.677
0.813061 0.677736
0.813886 0.677335
0.81473 0.677335
0.81584 0.677936
0.816672 0.678407
0.817666 0.678607
0.818648 0.678407
0.819704 0.677942
0.820725 0.678136
0.821671 0.678
0.822766 0.678271
0.823645 0.6782
0.8248 0.6782
0.825927 0.679136
0.826974 0.680408
0.827828 0.680072
0.828922 0.680736
0.829697 0.680736
0.830613 0.680736
0.8315 0.680072
0.832837 0.680736
0.833819 0.680936
0.834656 0.6816
0.835609 0.6818
0.836594 0.6828
0.837516 0.6832
0.838457 0.683337
0.839573 0.6838
0.840852 0.6846
0.841933 0.684737
0.843048 0.684737
0.843972 0.684537
0.844883 0.684274
0.845858 0.685074
0.847054 0.684737
0.84809 0.685148
0.849067 0.685749
0.850293 0.685611
0.851222 0.685874
0.852194 0.686475
0.853343 0.686537
0.854375 0.686475
0.855584 0.686875
0.856684 0.686875
0.857698 0.687275
0.858775 0.68795
0.860023 0.687875
0.861102 0.687538
0.86216 0.687875
0.863144 0.687538
0.864216 0.687337
0.865309 0.687
0.866486 0.687738
0.867615 0.688138
0.868662 0.688538
0.870019 0.6886
0.870942 0.6888
0.872099 0.689138
0.873218 0.6896
0.874413 0.689938
0.875389 0.689938
0.876484 0.689938
0.877671 0.6906
0.878798 0.6912
0.879825 0.691738
0.880787 0.692
0.881951 0.692138
0.883211 0.692539
0.884173 0.692539
0.885417 0.692338
0.886392 0.6924
0.887601 0.692338
0.888738 0.692477
0.889862 0.692477
0.891107 0.692477
0.892147 0.692138
0.893278 0.692338
0.894501 0.692877
0.895649 0.692877
0.896754 0.693616
0.897962 0.693539
0.899036 0.6936
0.899973 0.693739
0.901219 0.6942
0.902273 0.6944
0.90326 0.6948
0.904327 0.695
0.90555 0.6948
0.906535 0.694939
0.907763 0.6952
0.908792 0.694939
0.910048 0.6952
0.911192 0.6958
0.912329 0.696339
0.913565 0.696739
0.914641 0.697339
0.91583 0.69754
0.917351 0.698079
0.918508 0.69834
0.919909 0.698
0.921125 0.6982
0.92236 0.6982
0.923371 0.6984
0.92461 0.6986
0.925734 0.6988
0.926845 0.6994
0.928171 0.699
0.929303 0.6992
0.930383 0.6996
0.931617 0.7002
0.932799 0.7004
0.934275 0.7006
0.935537 0.701
0.936591 0.70114
0.937863 0.70134
0.939214 0.70134
0.94064 0.70154
0.941952 0.7016
0.943009 0.70134
0.944223 0.7016
0.94564 0.70194
0.946885 0.70194
0.948291 0.70174
0.949443 0.70214
0.95061 0.7028
0.951787 0.702541
0.953091 0.7028
0.954318 0.702741
0.955656 0.703081
0.956971 0.703341
0.958365 0.703741
0.959669 0.704141
0.960854 0.704541
0.962168 0.704541
0.963407 0.704541
0.964739 0.704541
0.965895 0.704741
0.967203 0.704741
0.968535 0.704941
0.969961 0.704741
0.971205 0.704941
0.972775 0.705141
0.974306 0.705341
0.975726 0.705341
0.977198 0.705941
0.978606 0.706141
0.980093 0.706341
0.981503 0.706341
0.982992 0.706541
0.984477 0.706741
0.985812 0.706883
0.987094 0.706683
0.988357 0.707424
0.989926 0.707825
0.991359 0.708225
0.992698 0.708225
0.99404 0.708225
0.995403 0.708567
0.996731 0.709109
0.998477 0.70991
0.999816 0.710453
1.00129 0.710653
1.00282 0.710995
1.00441 0.711196
1.00565 0.711196
1.00699 0.711396
1.0083 0.711222
1.00986 0.711365
1.01149 0.711365
1.01303 0.711508
1.01441 0.711708
1.01572 0.712051
1.01725 0.712194
1.01878 0.712595
1.02023 0.712996
1.02177 0.713197
1.02323 0.71334
1.02512 0.713799
1.02667 0.713799
1.02859 0.713999
1.03019 0.714142
1.03133 0.714171
1.03382 0.714687
1.03548 0.71483
1.0376 0.715375
1.03934 0.715519
1.04105 0.716064
1.04279 0.716064
1.04445 0.71661
1.04595 0.716754
1.04741 0.716526
1.04922 0.717072
1.05108 0.716958
1.05292 0.717304
1.05484 0.718109
1.05688 0.718599
1.05915 0.7188
1.06067 0.718888
1.06254 0.719033
1.06403 0.719121
1.06613 0.719266
1.0682 0.719411
1.06997 0.719847
1.07209 0.720048
1.07432 0.720395
1.07553 0.720484
1.0773 0.720921
1.07884 0.720954
1.081 0.721302
1.08342 0.721885
1.08524 0.722323
1.08732 0.72256
1.08877 0.72274
1.09053 0.72283
1.09285 0.722921
1.09483 0.723011
1.09755 0.723305
1.09951 0.723543
1.10178 0.724446
1.10341 0.724573
1.10558 0.725015
1.10824 0.725311
1.11054 0.725902
1.11275 0.72629
1.11453 0.726531
1.11665 0.727124
1.11897 0.72783
1.12129 0.728072
1.12339 0.72837
1.12568 0.728501
1.12822 0.728446
1.13038 0.728689
1.1331 0.729026
1.13573 0.729214
1.13872 0.729458
1.14154 0.729852
1.14414 0.73111
1.14689 0.732069
1.14945 0.732976
1.15247 0.733168
1.15447 0.733706
1.15752 0.734618
1.16035 0.73502
1.16253 0.736033
1.1652 0.736229
1.16824 0.736524
1.17024 0.736765
1.17249 0.736952
1.17566 0.73715
1.17793 0.73671
1.17976 0.737261
1.18236 0.737915
1.18535 0.737795
1.18809 0.737829
1.19105 0.738186
1.19423 0.738855
1.19751 0.73937
1.20058 0.739886
1.20332 0.739868
1.20621 0.740749
1.20954 0.740954
1.21408 0.740993
1.2178 0.741033
1.22193 0.741446
1.22593 0.741597
1.2301 0.741701
1.23344 0.742649
1.23825 0.742532
1.24155 0.743319
1.2454 0.743734
1.2501 0.743562
1.25465 0.743601
1.25757 0.744237
1.26161 0.745209
1.26642 0.745633
1.27084 0.745295
1.27459 0.745562
1.27838 0.745882
1.28171 0.74642
1.28607 0.74779
1.29083 0.748007
1.29476 0.749388
1.29871 0.75039
1.30305 0.751007
1.30863 0.750842
1.31325 0.751915
1.31735 0.752773
1.32292 0.752949
1.32793 0.753927
1.33344 0.755489
1.3377 0.757415
1.34275 0.758955
1.34953 0.761087
1.35483 0.763398
1.3596 0.765066
1.36435 0.766572
1.37033 0.767237
1.37562 0.769286
1.38142 0.770512
1.38756 0.774099
1.39298 0.77579
1.39945 0.778739
1.40594 0.780743
1.41318 0.783342
1.42033 0.785351
1.42824 0.787824
1.43457 0.79031
1.44239 0.793885
