0.502142 0.489115
0.502311 0.497959
0.502433 0.501892
0.50254 0.504739
0.502609 0.501661
0.502774 0.503099
0.502891 0.497589
0.503138 0.500451
0.503322 0.502979
0.503439 0.506369
0.503618 0.503336
0.503824 0.507368
0.504051 0.507353
0.504155 0.508259
0.504342 0.504505
0.504468 0.506613
0.504841 0.507135
0.505057 0.510193
0.505308 0.508065
0.505573 0.50508
0.505874 0.505866
0.506113 0.503855
0.506361 0.506602
0.506721 0.506593
0.507084 0.509488
0.507299 0.505812
0.507766 0.50431
0.508165 0.50287
0.50853 0.503338
0.508894 0.501626
0.509371 0.500532
0.509663 0.504498
0.510007 0.506048
0.510439 0.506072
0.510873 0.508376
0.511272 0.507862
0.511614 0.50804
0.512088 0.50744
0.512555 0.507628
0.512916 0.510414
0.513335 0.507785
0.513746 0.508792
0.514075 0.508498
0.514683 0.510322
0.515263 0.51185
0.515924 0.514607
0.516446 0.517488
0.516795 0.517666
0.517278 0.518116
0.517733 0.51999
0.51825 0.52305
0.518641 0.524743
0.519262 0.527909
0.519764 0.528515
0.520401 0.526997
0.520962 0.52806
0.52167 0.529906
0.522388 0.531444
0.522898 0.532372
0.523404 0.533349
0.523973 0.531286
0.524604 0.530065
0.525384 0.531473
0.526098 0.532616
0.526758 0.533288
0.527513 0.535084
0.528155 0.537681
0.528873 0.537377
0.529512 0.536781
0.530249 0.537968
0.53103 0.541373
0.531648 0.541311
0.532292 0.542595
0.532932 0.543199
0.533664 0.546419
0.534553 0.550571
0.5352 0.550366
0.536045 0.549528
0.5368 0.550288
0.537627 0.554348
0.538407 0.555178
0.53925 0.554567
0.540062 0.555273
0.541009 0.556542
0.541814 0.556164
0.542606 0.559882
0.543506 0.561032
0.544477 0.56073
0.545398 0.562971
0.546203 0.56421
0.547102 0.56289
0.547996 0.561929
0.549041 0.564576
0.549935 0.565037
0.550782 0.565964
0.551606 0.567121
0.552644 0.565442
0.553604 0.566069
0.554564 0.565567
0.555477 0.565441
0.556376 0.56651
0.557244 0.567479
0.558247 0.567103
0.559281 0.56801
0.560458 0.568131
0.561378 0.5688
0.56239 0.569416
0.563166 0.568776
0.564183 0.569478
0.565065 0.569917
0.566088 0.571254
0.567042 0.5732
0.568111 0.572764
0.569161 0.571921
0.570241 0.571284
0.571076 0.571776
0.57202 0.572934
0.573125 0.574382
0.574081 0.57539
0.575038 0.57683
0.576013 0.577841
0.577073 0.578745
0.577905 0.579309
0.579003 0.578905
0.579992 0.579564
0.581123 0.579786
0.582051 0.580795
0.583042 0.581686
0.583943 0.583216
0.585116 0.584913
0.586286 0.586374
0.587472 0.58711
0.588558 0.587263
0.589552 0.58993
0.590593 0.59058
0.591785 0.590534
0.59301 0.590863
0.594137 0.590827
0.595238 0.591796
0.596185 0.591476
0.597384 0.591394
0.598452 0.591229
0.599331 0.591595
0.600336 0.591357
0.601442 0.591
0.602423 0.589641
0.603548 0.590763
0.604594 0.591812
0.605727 0.592526
0.606852 0.594057
0.607783 0.595467
0.608973 0.595224
0.609892 0.596227
0.611007 0.596952
0.612189 0.599319
0.613193 0.599719
0.614218 0.600361
0.615274 0.601525
0.616311 0.602245
0.617501 0.60397
0.618597 0.604171
0.61971 0.60397
0.620643 0.60473
0.621603 0.605411
0.622982 0.606291
0.624096 0.607615
0.625354 0.609018
0.626447 0.609663
0.627335 0.610197
0.62852 0.611078
0.629715 0.612392
0.630743 0.612994
0.631819 0.614197
0.632994 0.615724
0.634156 0.615369
0.635338 0.615832
0.636367 0.616403
0.637416 0.616927
0.638789 0.617854
0.639979 0.618207
0.640938 0.618207
0.642136 0.618637
0.643203 0.617912
0.644337 0.617606
0.645426 0.617712
0.646594 0.61879
0.647667 0.619267
0.648829 0.620641
0.649852 0.621346
0.650832 0.622071
0.651893 0.619916
0.653068 0.620344
0.654048 0.619792
0.655232 0.619792
0.656237 0.619391
0.65731 0.619868
0.658473 0.621394
0.659682 0.62212
0.660609 0.623522
0.661585 0.624574
0.662588 0.625175
0.663748 0.62495
0.664852 0.62535
0.665845 0.626151
0.667032 0.626928
0.668303 0.627027
0.669315 0.627679
0.670345 0.627278
0.671296 0.628806
0.672402 0.629303
0.673498 0.630652
0.674731 0.631305
0.675699 0.631157
0.677092 0.633013
0.678261 0.633814
0.679496 0.635544
0.680656 0.634908
0.681817 0.636091
0.682875 0.636218
0.683918 0.635744
0.685053 0.636418
0.686208 0.635963
0.68735 0.635654
0.688397 0.635982
0.689331 0.636218
0.690416 0.6364
0.691493 0.636746
0.692497 0.636874
0.693681 0.637402
0.694736 0.638421
0.695809 0.638438
0.696883 0.639367
0.697988 0.640969
0.699028 0.641698
0.700081 0.641313
0.701217 0.643114
0.702085 0.644044
0.703321 0.643457
0.704364 0.643257
0.705393 0.643515
0.706497 0.643329
0.707557 0.643186
0.708687 0.644444
0.709779 0.645329
0.710821 0.647059
0.711688 0.64773
0.712752 0.648259
0.713855 0.647789
0.714829 0.64773
0.715865 0.648649
0.71683 0.648319
0.717831 0.647659
0.718839 0.647318
0.719762 0.648519
0.720889 0.64952
0.721888 0.65006
0.722888 0.651861
0.723971 0.6516
0.724931 0.65053
0.726058 0.651521
0.727099 0.651591
0.728138 0.652992
0.729243 0.653661
0.73053 0.655062
0.731614 0.654193
0.732669 0.655124
0.733792 0.655593
0.735113 0.654454
0.736234 0.654323
0.737338 0.655524
0.738439 0.656125
0.739496 0.657194
0.740595 0.657732
0.741578 0.657732
0.742542 0.658195
0.743639 0.659196
0.74457 0.659996
0.745592 0.659459
0.746615 0.659264
0.748053 0.659332
0.748999 0.660532
0.750083 0.6604
0.751211 0.6616
0.752284 0.66193
0.753247 0.662462
0.75438 0.662665
0.755458 0.662865
0.756667 0.663198
0.757872 0.664266
0.758829 0.663933
0.759826 0.663733
0.760688 0.663733
0.7616 0.664666
0.762483 0.665466
0.763403 0.664266
0.764223 0.664533
0.765235 0.663866
0.766324 0.663733
0.767351 0.664133
0.768357 0.664533
0.769417 0.6642
0.770496 0.664732
0.771521 0.665066
0.772511 0.664932
0.773591 0.664865
0.774839 0.665332
0.775689 0.665199
0.776757 0.6664
0.777838 0.667334
0.778887 0.667667
0.779952 0.667467
0.7808 0.668067
0.781958 0.669001
0.782944 0.669069
0.783881 0.669602
0.784882 0.67
0.785951 0.670134
0.786954 0.670468
0.787913 0.670734
0.789185 0.670068
0.790266 0.670668
0.79136 0.6718
0.792425 0.6728
0.793642 0.673735
0.794687 0.6744
0.795597 0.67427
0.796983 0.674935
0.798192 0.6752
0.79927 0.67607
0.800114 0.675535
0.801042 0.676135
0.801947 0.67567
0.803041 0.675735
0.804015 0.676535
0.805014 0.677206
0.806064 0.678271
0.80708 0.678736
0.807963 0.678736
0.809025 0.6782
0.810136 0.678
0.81113 0.6782
0.812004 0.6784
0.813185 0.678336
0.814365 0.680136
0.815568 0.680336
0.816685 0.680936
0.817758 0.6818
0.81872 0.682336
0.819698 0.682009
0.820911 0.682073
0.821914 0.682546
0.822858 0.682873
0.823896 0.6832
0.824928 0.682673
0.826058 0.683273
0.827099 0.683537
0.827987 0.684674
0.828857 0.685337
0.829896 0.686
0.831156 0.6864
0.832385 0.6864
0.833555 0.686337
0.834557 0.686
0.83562 0.6864
0.836519 0.6868
0.837492 0.6874
0.838489 0.688138
0.839468 0.689
0.840673 0.689338
0.841653 0.689276
0.842814 0.6898
0.843832 0.6902
0.845029 0.689938
0.845984 0.6908
0.847198 0.691538
0.848242 0.692077
0.849249 0.692138
0.850003 0.691815
0.8511 0.691677
0.852181 0.6916
0.853038 0.6918
0.854249 0.692
0.855273 0.692138
0.856284 0.6934
0.857273 0.693339
0.858494 0.693539
0.859558 0.6934
0.860559 0.693539
0.861589 0.693739
0.86292 0.693539
0.86401 0.693739
0.865144 0.6938
0.866183 0.693539
0.867332 0.6938
0.868262 0.694078
0.86947 0.693739
0.870596 0.6934
0.871535 0.693677
0.872667 0.6938
0.873847 0.6934
0.874746 0.693339
0.875965 0.693939
0.877011 0.6938
0.877986 0.694278
0.878687 0.694678
0.880158 0.695139
0.881343 0.695678
0.882445 0.6964
0.883266 0.696279
0.884103 0.696078
0.88519 0.696339
0.886476 0.6966
0.887521 0.696139
0.888546 0.6964
0.889511 0.6964
0.890326 0.696618
0.891496 0.696939
0.892463 0.697018
0.893612 0.696679
0.894716 0.696139
0.895721 0.696479
0.897075 0.696679
0.89829 0.696479
0.899167 0.696939
0.900349 0.697139
0.901425 0.697339
0.902896 0.69834
0.903974 0.69854
0.90501 0.69908
0.906102 0.69928
0.907401 0.69914
0.908582 0.69934
0.90978 0.69934
0.910794 0.69948
0.912153 0.69928
0.913309 0.69948
0.914698 0.69988
0.915802 0.69994
0.916858 0.69994
0.917976 0.69994
0.919134 0.69954
0.920251 0.69974
0.921192 0.70002
0.922568 0.69974
0.923963 0.69928
0.925252 0.70008
0.926308 0.70028
0.927602 0.70054
0.928646 0.70082
0.929741 0.70094
0.930792 0.70094
0.932088 0.70068
0.933376 0.70074
0.934437 0.70048
0.935621 0.70028
0.936668 0.70042
0.937889 0.70028
0.939042 0.70068
0.940402 0.70068
0.941627 0.701281
0.942767 0.701281
0.944177 0.702281
0.945282 0.702281
0.946145 0.702421
0.947295 0.702421
0.948334 0.702622
0.949501 0.702822
0.950753 0.703022
0.952055 0.703022
0.953302 0.703163
0.954498 0.703504
0.956161 0.703303
0.957338 0.703363
0.958768 0.703763
0.959892 0.703763
0.960993 0.703822
0.962278 0.704022
0.963877 0.703763
0.965324 0.703704
0.966625 0.703303
0.967694 0.703763
0.968971 0.703563
0.970166 0.704104
0.971547 0.704304
0.97279 0.704705
0.974 0.704905
0.975145 0.705506
0.976514 0.705706
0.97785 0.706106
0.979376 0.706306
0.980496 0.706707
0.981899 0.707107
0.983214 0.707307
0.984602 0.707508
0.98619 0.707708
0.987571 0.70825
0.989377 0.708308
0.99108 0.70845
0.992556 0.708851
0.994115 0.709593
0.995276 0.709593
0.996678 0.709994
0.998188 0.710595
0.999999 0.710737
1.00155 0.710737
1.00281 0.710938
1.00497 0.710938
1.00658 0.710938
1.00835 0.711338
1.0103 0.711338
1.01174 0.711338
1.01394 0.711939
1.01572 0.712139
1.01737 0.71234
1.01878 0.71234
1.02077 0.713284
1.02257 0.713026
1.02452 0.713084
1.0262 0.713284
1.02786 0.713484
1.02979 0.713369
1.03124 0.713312
1.03299 0.713512
1.03433 0.713598
1.03621 0.713799
1.0381 0.713999
1.03939 0.714286
1.04117 0.714286
1.04291 0.714228
1.04453 0.714572
1.04637 0.715117
1.04819 0.715261
1.0497 0.715348
1.05148 0.715635
1.05304 0.715491
1.05504 0.715779
1.05727 0.716067
1.05951 0.717361
1.0613 0.717706
1.06309 0.718109
1.06489 0.718109
1.06656 0.718398
1.06839 0.718687
1.07061 0.718832
1.07298 0.719524
1.07444 0.720048
1.07578 0.720137
1.07787 0.721066
1.08059 0.721358
1.08226 0.721481
1.08412 0.72157
1.08684 0.721109
1.08892 0.720794
1.09108 0.721029
1.09361 0.721581
1.09596 0.72167
1.09823 0.722166
1.10098 0.722369
1.10322 0.723011
1.10505 0.723249
1.10647 0.723724
1.10888 0.723815
1.11107 0.724664
1.11253 0.725051
1.11497 0.725438
1.11684 0.72553
1.11896 0.725622
1.12178 0.726122
1.12385 0.726716
1.12703 0.72757
1.12986 0.7277
1.13287 0.727589
1.13505 0.72772
1.13763 0.727869
1.13954 0.728466
1.141 0.728431
1.1434 0.72918
1.14577 0.729012
1.14886 0.729707
1.15134 0.729635
1.15464 0.730031
1.15713 0.730674
1.15899 0.731112
1.16148 0.73108
1.16424 0.731176
1.16614 0.73156
1.1681 0.732251
1.17051 0.733014
1.17287 0.733041
1.17594 0.7335
1.17879 0.734156
1.18188 0.734241
1.18465 0.734437
1.18807 0.734578
1.19069 0.735084
1.19435 0.735702
1.19726 0.736266
1.19999 0.73682
1.20349 0.73682
1.20628 0.736964
1.2094 0.737844
1.21301 0.738201
1.21612 0.738762
1.21991 0.739066
1.22369 0.739315
1.22755 0.73914
1.23106 0.739714
1.2345 0.740021
1.23708 0.740535
1.23994 0.741479
1.24289 0.741624
1.24713 0.741887
1.25106 0.742728
1.25479 0.742715
1.25963 0.743623
1.2638 0.744367
1.26711 0.745977
1.27007 0.747051
1.27481 0.747428
1.27907 0.747754
1.28449 0.747969
1.28918 0.747635
1.29368 0.747408
1.29747 0.747678
1.3026 0.748173
1.30925 0.748669
1.31429 0.749889
1.31867 0.750727
1.32336 0.751178
1.32756 0.752649
1.33425 0.753505
1.33866 0.755232
1.34476 0.755819
1.35104 0.757395
1.35675 0.759575
1.36337 0.761242
1.3694 0.762992
1.37515 0.764554
1.38187 0.765983
1.38682 0.767094
1.39265 0.769084
1.39746 0.771236
1.40498 0.772794
1.41022 0.774551
1.41772 0.777723
1.42421 0.779342
1.43158 0.782322
1.44114 0.785769
1.44823 0.787467
1.45666 0.790796
