0.501689 0.523142
0.501652 0.526452
0.501948 0.528144
0.502164 0.529477
0.502315 0.533679
0.502504 0.527132
0.502612 0.522482
0.502728 0.516835
0.502983 0.5208
0.50306 0.514829
0.503072 0.50942
0.503302 0.515422
0.503436 0.519659
0.503612 0.52104
0.503879 0.518628
0.504083 0.517455
0.504343 0.521104
0.504872 0.528184
0.505189 0.527484
0.505367 0.522016
0.505628 0.520587
0.505918 0.517776
0.506214 0.520621
0.506654 0.51933
0.506942 0.513727
0.507269 0.511741
0.507593 0.510605
0.507859 0.504208
0.508254 0.505773
0.508664 0.507425
0.509017 0.505319
0.509324 0.501385
0.50958 0.505057
0.509956 0.506275
0.510357 0.504021
0.510612 0.506923
0.510842 0.508501
0.511278 0.509279
0.511716 0.511663
0.512111 0.50985
0.512514 0.511749
0.513009 0.509687
0.51354 0.512229
0.513934 0.513282
0.514496 0.513373
0.515034 0.515184
0.515465 0.516803
0.516068 0.515842
0.516669 0.516347
0.5171 0.513265
0.51749 0.515396
0.517969 0.515613
0.518453 0.515961
0.518967 0.516263
0.519509 0.516598
0.52007 0.516587
0.52064 0.515224
0.5213 0.518868
0.521932 0.519402
0.522326 0.522284
0.522981 0.523766
0.523553 0.524105
0.524208 0.525703
0.524873 0.527929
0.52548 0.528268
0.526056 0.531447
0.526843 0.531208
0.527452 0.530508
0.528067 0.531181
0.52885 0.534889
0.529573 0.535016
0.530368 0.533858
0.530939 0.53503
0.531697 0.538145
0.532526 0.53911
0.533321 0.540913
0.534097 0.540511
0.535035 0.54024
0.53594 0.542398
0.536659 0.541277
0.537545 0.543718
0.538414 0.545204
0.539361 0.545167
0.540327 0.544152
0.541154 0.545646
0.541849 0.546714
0.542616 0.546976
0.543338 0.548589
0.544322 0.549155
0.54527 0.549865
0.546207 0.552025
0.547005 0.551846
0.547726 0.55176
0.548669 0.550485
0.549666 0.553174
0.550652 0.554388
0.551562 0.557178
0.552542 0.557152
0.553316 0.559155
0.554304 0.559516
0.55504 0.560377
0.555945 0.559575
0.556958 0.561339
0.557911 0.562627
0.558894 0.563518
0.559822 0.562538
0.560727 0.562284
0.561538 0.562779
0.562647 0.564555
0.563476 0.565605
0.564452 0.568011
0.565485 0.565438
0.566344 0.566829
0.567364 0.567321
0.568242 0.568596
0.569392 0.571284
0.570519 0.572471
0.571672 0.573598
0.572597 0.57267
0.573626 0.57287
0.5746 0.574055
0.575627 0.574459
0.576717 0.575641
0.577666 0.578267
0.578599 0.578416
0.579718 0.57916
0.580671 0.579564
0.5818 0.580593
0.582892 0.583703
0.584148 0.586207
0.585079 0.586548
0.586234 0.586917
0.587341 0.586812
0.588509 0.588472
0.589583 0.589077
0.590622 0.58884
0.591631 0.588555
0.592918 0.588046
0.594107 0.587596
0.595102 0.586589
0.596347 0.58756
0.597513 0.588283
0.598531 0.58994
0.599607 0.59111
0.600684 0.59304
0.601838 0.594769
0.602981 0.596018
0.604073 0.596502
0.605244 0.597988
0.606357 0.597949
0.607369 0.599277
0.608351 0.598071
0.609389 0.598433
0.610296 0.599438
0.611537 0.600201
0.612638 0.599518
0.613611 0.601727
0.614733 0.603576
0.615773 0.602888
0.616746 0.603448
0.617858 0.604656
0.619011 0.604371
0.620122 0.605538
0.621189 0.606419
0.622032 0.605976
0.622932 0.60586
0.624081 0.60501
0.625108 0.604973
0.626239 0.606219
0.627427 0.607615
0.628496 0.608609
0.629512 0.609541
0.630555 0.609707
0.631699 0.610621
0.632866 0.611378
0.634137 0.611378
0.635333 0.611824
0.636691 0.613627
0.637843 0.614953
0.639138 0.616109
0.640161 0.615015
0.641224 0.614784
0.642204 0.615184
0.643325 0.616062
0.644663 0.617788
0.645904 0.617989
0.646814 0.619267
0.647743 0.620192
0.649091 0.620994
0.650233 0.622422
0.651439 0.623023
0.652476 0.624149
0.653691 0.624549
0.654886 0.625401
0.656111 0.626352
0.65731 0.626127
0.658474 0.627251
0.659626 0.627478
0.660698 0.627828
0.662091 0.628177
0.66322 0.628079
0.664341 0.62868
0.665309 0.629081
0.666577 0.629481
0.66772 0.629555
0.66897 0.63121
0.670228 0.631958
0.671499 0.63316
0.672531 0.633634
0.673567 0.634288
0.674852 0.633961
0.675854 0.634107
0.676878 0.633834
0.678186 0.634234
0.67916 0.634307
0.680243 0.632853
0.681096 0.632126
0.68219 0.632379
0.683188 0.633253
0.684418 0.633433
0.685388 0.634635
0.686599 0.635763
0.687854 0.636436
0.68887 0.636509
0.689895 0.636782
0.690964 0.636727
0.692232 0.638455
0.693272 0.639
0.69434 0.639128
0.695257 0.639311
0.696381 0.639456
0.697487 0.64024
0.698663 0.641241
0.699495 0.640384
0.700659 0.640784
0.701563 0.641128
0.702636 0.640928
0.703698 0.641
0.70478 0.642385
0.706054 0.642457
0.707363 0.643773
0.708605 0.644115
0.709673 0.644716
0.71091 0.646046
0.711993 0.645316
0.713022 0.645245
0.713993 0.645917
0.714877 0.646705
0.715986 0.646918
0.717112 0.647589
0.718423 0.648919
0.719455 0.648319
0.720378 0.64919
0.721748 0.651051
0.722789 0.65005
0.724055 0.64985
0.724989 0.64972
0.725979 0.649379
0.727067 0.65038
0.728056 0.652113
0.728973 0.652853
0.730028 0.653192
0.731169 0.654385
0.732125 0.654724
0.733094 0.655393
0.734168 0.655862
0.735362 0.656456
0.736243 0.656994
0.737339 0.657658
0.738323 0.657526
0.73933 0.657863
0.740348 0.657995
0.74125 0.658864
0.742351 0.659796
0.743435 0.659532
0.744299 0.659264
0.745316 0.660064
0.746402 0.659928
0.747737 0.660861
0.748684 0.661332
0.74984 0.662197
0.751008 0.662998
0.752334 0.662397
0.75319 0.66233
0.754108 0.662663
0.755461 0.662462
0.756477 0.663
0.757527 0.6634
0.758552 0.664333
0.759689 0.665
0.760689 0.665
0.761802 0.664666
0.762901 0.666267
0.763838 0.666733
0.764735 0.666533
0.765706 0.6672
0.766982 0.668067
0.768095 0.6674
0.769194 0.667467
0.770245 0.667868
0.771304 0.667801
0.772009 0.668534
0.772904 0.668535
0.773883 0.668869
0.775016 0.669602
0.775936 0.67047
0.776896 0.671003
0.778242 0.671003
0.779309 0.670802
0.780378 0.671469
0.781329 0.671403
0.78239 0.671938
0.783407 0.672069
0.784373 0.673404
0.785377 0.67407
0.786356 0.674605
0.787581 0.67467
0.788907 0.67547
0.789776 0.676135
0.790923 0.676471
0.79201 0.676271
0.793009 0.675935
0.794028 0.676471
0.795134 0.676271
0.796076 0.677
0.797129 0.677142
0.798197 0.677942
0.799104 0.678207
0.800051 0.677542
0.800944 0.677807
0.802253 0.678407
0.803472 0.678807
0.80454 0.679208
0.805463 0.680072
0.806503 0.680881
0.807505 0.680745
0.808445 0.680672
0.809714 0.6812
0.810766 0.681009
0.811834 0.681345
0.812937 0.681345
0.814221 0.681209
0.815459 0.681673
0.816488 0.681609
0.817352 0.681336
0.818297 0.681209
0.819487 0.681409
0.82052 0.682073
0.821332 0.682073
0.822357 0.682737
0.823527 0.683137
0.824475 0.682673
0.825506 0.6832
0.826393 0.683273
0.82739 0.6834
0.8284 0.683537
0.829475 0.683273
0.830538 0.683537
0.831469 0.683874
0.832337 0.683947
0.833379 0.684084
0.83443 0.68401
0.835552 0.685137
0.836447 0.684674
0.837373 0.68401
0.838365 0.684337
0.839402 0.6856
0.8405 0.6856
0.84136 0.685537
0.842516 0.686537
0.84354 0.6864
0.844725 0.687
0.845801 0.687137
0.846811 0.687412
0.847876 0.6872
0.848955 0.686737
0.849996 0.687137
0.851089 0.687938
0.852151 0.688275
0.853167 0.688538
0.854211 0.6884
0.855345 0.688213
0.85649 0.6878
0.857429 0.687137
0.858518 0.6872
0.859705 0.6874
0.860701 0.687
0.861881 0.687337
0.862816 0.687538
0.864025 0.6876
0.865018 0.6876
0.866293 0.688
0.867403 0.688538
0.868617 0.6884
0.869684 0.688538
0.870796 0.6896
0.871811 0.6902
0.873183 0.6902
0.874143 0.6904
0.875109 0.6906
0.876064 0.6906
0.877209 0.6908
0.878322 0.6906
0.87933 0.6906
0.880214 0.6906
0.881133 0.6908
0.882287 0.6908
0.883266 0.6908
0.884248 0.6912
0.885551 0.6918
0.886569 0.6916
0.887372 0.691877
0.888397 0.691538
0.889426 0.691877
0.890486 0.691877
0.891847 0.6922
0.892832 0.692939
0.894116 0.693539
0.895222 0.694539
0.896533 0.694539
0.897546 0.694939
0.898687 0.695539
0.899704 0.695278
0.900682 0.695278
0.901702 0.695339
0.902763 0.695739
0.903811 0.695539
0.905129 0.695339
0.905972 0.695339
0.907224 0.6956
0.908202 0.6956
0.909294 0.6958
0.910509 0.696539
0.911789 0.696679
0.912989 0.697279
0.913795 0.697279
0.915014 0.698079
0.916081 0.69794
0.917206 0.697679
0.918321 0.697139
0.919373 0.69774
0.920506 0.697339
0.92147 0.69754
0.922889 0.697139
0.924027 0.69794
0.924974 0.69754
0.926091 0.69794
0.92724 0.69814
0.928369 0.69854
0.929529 0.69854
0.930807 0.69874
0.932113 0.69874
0.93327 0.69888
0.934471 0.698679
0.935408 0.69908
0.936905 0.69888
0.938208 0.69874
0.939568 0.69954
0.940915 0.69994
0.942454 0.70014
0.943703 0.70008
0.945124 0.70034
0.946251 0.70054
0.94759 0.70074
0.948783 0.70014
0.950061 0.70014
0.951351 0.70034
0.952464 0.70054
0.953696 0.70014
0.95476 0.70034
0.955676 0.70014
0.956779 0.70014
0.958315 0.70074
0.960053 0.70094
0.961126 0.701281
0.962336 0.701221
0.963447 0.701361
0.964884 0.701821
0.966219 0.701821
0.967286 0.701821
0.968406 0.701962
0.969656 0.701761
0.970754 0.702302
0.972102 0.702562
0.973447 0.702562
0.974617 0.702762
0.976157 0.702562
0.977475 0.703303
0.978864 0.703303
0.980117 0.703444
0.981346 0.703644
0.982836 0.704104
0.984453 0.704104
0.985948 0.704505
0.987599 0.704505
0.989087 0.704505
0.990457 0.704646
0.99262 0.704905
0.994113 0.704705
0.995434 0.704846
0.997067 0.705788
0.998721 0.706389
0.999943 0.706589
1.00112 0.706672
1.003 0.706814
1.00455 0.706613
1.00645 0.706472
1.00823 0.706472
1.0099 0.706672
1.01144 0.706814
1.01286 0.707273
1.01412 0.707498
1.01576 0.707298
1.01788 0.7083
1.02003 0.708642
1.02171 0.709386
1.02301 0.709328
1.02495 0.710616
1.02665 0.710558
1.02841 0.711102
1.03018 0.71116
1.03179 0.711102
1.03267 0.712276
1.03474 0.713281
1.03652 0.713482
1.03778 0.714171
1.03892 0.714257
1.04048 0.714803
1.04231 0.714832
1.04404 0.714832
1.04586 0.714832
1.04753 0.714775
1.04964 0.714717
1.05183 0.714717
1.0535 0.714861
1.05558 0.714861
1.05741 0.715005
1.05972 0.715149
1.06189 0.71584
1.06319 0.716072
1.06507 0.716821
1.06622 0.717053
1.06807 0.718409
1.07 0.718845
1.07179 0.718845
1.07422 0.71899
1.07608 0.718876
1.07775 0.718763
1.0804 0.719312
1.08263 0.719717
1.0843 0.720154
1.08676 0.720445
1.0894 0.720186
1.0911 0.720275
1.09291 0.721006
1.09522 0.721355
1.09728 0.721242
1.09937 0.721511
1.10148 0.721895
1.10384 0.722539
1.10583 0.723478
1.10811 0.724033
1.11051 0.724384
1.1127 0.724827
1.11486 0.724918
1.11695 0.724898
1.11994 0.725102
1.122 0.725194
1.1244 0.725638
1.12675 0.726492
1.12886 0.726529
1.13078 0.726863
1.13418 0.727161
1.13683 0.72731
1.1391 0.727403
1.14151 0.727385
1.14408 0.727683
1.14638 0.72802
1.14942 0.728225
1.15226 0.728618
1.15414 0.729969
1.15655 0.730404
1.15908 0.730841
1.1611 0.731637
1.16381 0.731414
1.16569 0.731798
1.16835 0.732391
1.16999 0.732362
1.17279 0.732917
1.17552 0.733361
1.17865 0.733709
1.1813 0.734408
1.18373 0.734437
1.18664 0.734732
1.18918 0.735028
1.19174 0.735269
1.19463 0.7353
1.1976 0.736331
1.20038 0.736364
1.20349 0.736619
1.2068 0.736708
1.21046 0.736999
1.21374 0.737088
1.21721 0.737593
1.22002 0.737729
1.223 0.737877
1.2263 0.738544
1.22924 0.739224
1.23269 0.739523
1.2359 0.739664
1.23917 0.739909
1.24275 0.740645
1.2457 0.741914
1.24941 0.742216
1.25324 0.742421
1.25737 0.743494
1.26195 0.744466
1.26644 0.745115
1.27003 0.746091
1.27414 0.746628
1.27834 0.747338
1.2841 0.748053
1.28875 0.748662
1.29412 0.749106
1.30011 0.749496
1.30398 0.750394
1.30887 0.751185
1.31389 0.753005
1.31903 0.753759
1.32425 0.754106
1.33064 0.755505
1.33543 0.758072
1.34139 0.7595
1.34601 0.760363
1.35214 0.761627
1.3592 0.762362
1.36382 0.763915
1.36949 0.765947
1.37511 0.76879
1.38211 0.770189
1.38717 0.772222
1.39526 0.775152
1.40064 0.777969
1.40706 0.779488
1.41432 0.780531
1.42097 0.782576
1.42765 0.78535
1.4339 0.78784
1.44159 0.791874
1.44953 0.793323
