0.501997 0.509346
0.502124 0.507937
0.502226 0.50266
0.502301 0.498786
0.502431 0.512651
0.502594 0.513292
0.502803 0.515414
0.502947 0.519784
0.502986 0.517065
0.503108 0.521251
0.503401 0.522762
0.503604 0.521186
0.503768 0.519621
0.503974 0.521823
0.504261 0.523576
0.504414 0.522248
0.504552 0.522931
0.504692 0.525668
0.504949 0.528841
0.505181 0.526212
0.505372 0.527161
0.505691 0.528302
0.5058 0.52988
0.50608 0.532479
0.506415 0.531924
0.506775 0.532718
0.507006 0.533047
0.507436 0.53341
0.507667 0.538262
0.507948 0.536789
0.508145 0.536247
0.508429 0.53585
0.508804 0.533537
0.509119 0.531549
0.509426 0.531008
0.509839 0.535545
0.510345 0.538438
0.510848 0.536874
0.511237 0.535789
0.511639 0.534054
0.51207 0.536621
0.512507 0.534791
0.513003 0.531092
0.513506 0.533241
0.513996 0.538106
0.514452 0.538916
0.51492 0.539317
0.515455 0.540824
0.516047 0.543258
0.516427 0.542791
0.516949 0.542356
0.517494 0.542044
0.518042 0.541656
0.518658 0.54176
0.519163 0.541779
0.51968 0.539937
0.520207 0.540053
0.520843 0.54339
0.52146 0.544808
0.521967 0.545561
0.522699 0.54537
0.523416 0.545875
0.524164 0.546041
0.524955 0.547559
0.525756 0.550103
0.526442 0.549149
0.527189 0.551638
0.527887 0.553105
0.528579 0.55272
0.529156 0.552392
0.529898 0.552259
0.530637 0.55161
0.531326 0.553387
0.531842 0.552229
0.532798 0.554464
0.533672 0.552928
0.534421 0.554475
0.535293 0.555843
0.536038 0.556462
0.536716 0.559031
0.537582 0.558259
0.538338 0.558961
0.539121 0.557631
0.539742 0.561852
0.54047 0.561459
0.541428 0.560555
0.542212 0.561963
0.543231 0.564763
0.544178 0.565372
0.545027 0.56616
0.546086 0.566556
0.546912 0.568668
0.547827 0.569531
0.548631 0.568769
0.549599 0.567328
0.550252 0.567835
0.551263 0.56987
0.55221 0.569607
0.553103 0.570813
0.554012 0.570404
0.554961 0.571341
0.555796 0.572335
0.556712 0.572627
0.557574 0.573034
0.558514 0.573878
0.559559 0.573673
0.560383 0.574338
0.561319 0.57532
0.562202 0.575641
0.563135 0.575641
0.564236 0.57529
0.565292 0.575
0.566205 0.577322
0.567284 0.577165
0.568191 0.579684
0.569114 0.580815
0.570034 0.581881
0.571118 0.583468
0.572137 0.582389
0.573243 0.581631
0.574232 0.583738
0.5752 0.584681
0.576164 0.585425
0.577148 0.585775
0.578262 0.586834
0.579201 0.586694
0.580154 0.588745
0.581127 0.590157
0.582226 0.589444
0.583359 0.589744
0.584534 0.590369
0.585549 0.592071
0.586453 0.592034
0.587385 0.591275
0.588616 0.594127
0.589666 0.593926
0.590875 0.594573
0.591985 0.595497
0.592874 0.593844
0.594075 0.595984
0.595037 0.595937
0.595952 0.597669
0.596818 0.598593
0.598135 0.601286
0.599194 0.603978
0.600123 0.606426
0.601163 0.604819
0.602276 0.606067
0.603328 0.606146
0.604577 0.604978
0.605606 0.60791
0.606833 0.607623
0.607746 0.608268
0.608658 0.60846
0.609617 0.609986
0.610652 0.61071
0.611725 0.611958
0.61289 0.612806
0.613982 0.613641
0.615363 0.615848
0.616557 0.616295
0.617902 0.615925
0.619101 0.615801
0.620255 0.617158
0.621184 0.61878
0.622472 0.618828
0.623619 0.618408
0.624621 0.620738
0.625782 0.620489
0.626943 0.619812
0.627951 0.620289
0.629063 0.621643
0.630097 0.621817
0.63128 0.622744
0.632347 0.622819
0.633574 0.623345
0.63467 0.623046
0.635775 0.622445
0.636968 0.623746
0.638298 0.624699
0.639358 0.625827
0.640499 0.627156
0.641541 0.626704
0.642594 0.626704
0.643805 0.626378
0.644865 0.626504
0.646146 0.627255
0.647312 0.628732
0.64825 0.629934
0.649269 0.630609
0.65029 0.630082
0.651282 0.629882
0.652241 0.629281
0.6534 0.630483
0.654505 0.630134
0.655548 0.63003
0.656588 0.631031
0.65767 0.632011
0.658728 0.631558
0.659714 0.632285
0.660867 0.633287
0.661957 0.633233
0.663016 0.633834
0.66393 0.633907
0.664827 0.633814
0.665767 0.633507
0.666992 0.633761
0.66837 0.634908
0.66944 0.634981
0.670575 0.636637
0.671898 0.637855
0.672779 0.637365
0.67377 0.63751
0.674941 0.638511
0.676038 0.639095
0.67732 0.639039
0.678249 0.639167
0.67953 0.640312
0.680464 0.641113
0.681624 0.642314
0.682741 0.641914
0.683989 0.641785
0.685069 0.642442
0.686149 0.6429
0.687223 0.644044
0.688229 0.642771
0.689143 0.643429
0.69018 0.644329
0.691163 0.644832
0.692347 0.645032
0.693282 0.645717
0.694373 0.645775
0.695626 0.646505
0.696628 0.646505
0.697824 0.647106
0.698971 0.647918
0.700105 0.648649
0.701214 0.648519
0.702486 0.648779
0.703461 0.649449
0.70463 0.650641
0.705841 0.651442
0.707122 0.651321
0.708082 0.652052
0.709338 0.652853
0.710585 0.653392
0.7116 0.654123
0.712479 0.654393
0.713694 0.654046
0.714622 0.654524
0.71556 0.655124
0.716629 0.655324
0.718168 0.655331
0.719255 0.657663
0.720344 0.657194
0.72125 0.657394
0.722281 0.657795
0.723396 0.658532
0.724619 0.658332
0.725867 0.658932
0.727213 0.661332
0.728214 0.661329
0.729325 0.661329
0.730306 0.662265
0.731509 0.662397
0.732629 0.663265
0.73386 0.663131
0.735017 0.663933
0.736046 0.664799
0.737221 0.664066
0.738186 0.663465
0.738908 0.663933
0.739711 0.663598
0.740826 0.663866
0.741915 0.663465
0.743221 0.6636
0.744334 0.663065
0.745383 0.663198
0.746524 0.663598
0.747607 0.663933
0.748893 0.665599
0.750337 0.665999
0.751178 0.665533
0.752214 0.666933
0.753148 0.6668
0.754128 0.667133
0.755295 0.668334
0.756328 0.668667
0.757199 0.669468
0.758456 0.670868
0.759623 0.670468
0.760766 0.671003
0.761812 0.670334
0.762842 0.670402
0.763899 0.670402
0.765121 0.670737
0.765944 0.671669
0.767029 0.6714
0.768185 0.672469
0.769618 0.672873
0.770559 0.673473
0.771642 0.673604
0.772759 0.67427
0.773563 0.673804
0.774395 0.67407
0.775415 0.6732
0.776608 0.67387
0.777905 0.674935
0.778877 0.6752
0.779681 0.676335
0.780655 0.677135
0.781722 0.677135
0.782661 0.677607
0.783812 0.677942
0.784729 0.677006
0.785607 0.677871
0.786702 0.679136
0.787651 0.678736
0.788759 0.678736
0.789745 0.678936
0.790725 0.679672
0.791998 0.680536
0.792923 0.680208
0.794082 0.680736
0.795102 0.681745
0.796386 0.6822
0.797603 0.6832
0.798894 0.683737
0.799982 0.6838
0.800879 0.684074
0.801865 0.683537
0.802931 0.683673
0.803964 0.684548
0.804984 0.685337
0.805832 0.685337
0.806775 0.686
0.807981 0.686537
0.809046 0.686537
0.810058 0.687475
0.811114 0.687337
0.812197 0.688013
0.813424 0.688
0.814412 0.68775
0.815265 0.6876
0.816295 0.6876
0.817286 0.688138
0.818406 0.688213
0.819538 0.687825
0.820562 0.687675
0.821579 0.688475
0.822737 0.689076
0.823851 0.689138
0.825071 0.688075
0.826108 0.688475
0.826966 0.689351
0.828027 0.689414
0.829108 0.689076
0.83022 0.688738
0.831343 0.689414
0.832378 0.6896
0.833338 0.69
0.834336 0.690076
0.83533 0.690276
0.836418 0.689938
0.837429 0.689938
0.838381 0.690138
0.839524 0.6908
0.840448 0.690876
0.841609 0.691
0.8425 0.6916
0.843477 0.691815
0.844567 0.691677
0.845666 0.691338
0.846604 0.6918
0.847342 0.691477
0.848202 0.690938
0.849161 0.691538
0.850498 0.691938
0.85169 0.692539
0.852815 0.692338
0.853686 0.693077
0.854848 0.693139
0.85615 0.693939
0.857117 0.694016
0.857955 0.693939
0.859038 0.694539
0.860304 0.695278
0.861683 0.696739
0.862948 0.696739
0.864102 0.697339
0.865267 0.69754
0.866195 0.69794
0.867192 0.6984
0.868204 0.69854
0.869033 0.69874
0.869932 0.6992
0.871051 0.699
0.872192 0.69994
0.872985 0.6998
0.87421 0.7004
0.875279 0.701
0.876323 0.70174
0.877265 0.70154
0.878258 0.7016
0.879255 0.702
0.880296 0.7014
0.881503 0.7014
0.882648 0.70234
0.883719 0.7022
0.884622 0.7024
0.88582 0.702941
0.887066 0.703341
0.88793 0.703941
0.889092 0.703941
0.890283 0.704741
0.891244 0.705
0.892334 0.705
0.893505 0.705341
0.89448 0.7058
0.895473 0.7062
0.896605 0.7062
0.897678 0.7062
0.898721 0.7066
0.899829 0.7066
0.900773 0.706341
0.90186 0.706341
0.903072 0.706141
0.904148 0.706141
0.905648 0.7066
0.90679 0.7074
0.907793 0.7076
0.908838 0.7078
0.910062 0.708283
0.911374 0.708342
0.912364 0.709084
0.913343 0.709226
0.914381 0.709484
0.915534 0.709884
0.916595 0.710542
0.917724 0.710684
0.918836 0.710684
0.919992 0.7112
0.921067 0.711342
0.922388 0.7114
0.923411 0.711542
0.924562 0.7114
0.925782 0.7116
0.926961 0.7116
0.928253 0.7122
0.929278 0.7124
0.930408 0.7124
0.931678 0.7122
0.933242 0.7124
0.934521 0.712543
0.935797 0.7128
0.937187 0.713485
0.938289 0.7136
0.939855 0.714143
0.941202 0.714143
0.942591 0.713943
0.943799 0.713943
0.945173 0.714143
0.946509 0.714143
0.948035 0.714343
0.949287 0.713943
0.950409 0.714143
0.951601 0.714143
0.953245 0.714486
0.954805 0.714943
0.955784 0.714686
0.956736 0.714829
0.95808 0.715029
0.959211 0.714829
0.960408 0.715172
0.961566 0.714429
0.962962 0.714629
0.964367 0.714629
0.965609 0.714572
0.96721 0.714572
0.968525 0.714972
0.969912 0.714772
0.971221 0.714772
0.972357 0.714772
0.973578 0.714915
0.975043 0.715258
0.976456 0.715659
0.978307 0.715459
0.97988 0.715258
0.981814 0.716116
0.983283 0.716517
0.984616 0.71686
0.986215 0.717204
0.987606 0.717491
0.988924 0.717234
0.990504 0.717949
0.991945 0.718005
0.993302 0.71895
0.994878 0.719295
0.996286 0.719695
0.997672 0.719984
0.999367 0.72004
1.001 0.720641
1.00295 0.720898
1.00443 0.721387
1.00602 0.721187
1.00726 0.721788
1.00866 0.721676
1.01039 0.721877
1.01198 0.722077
1.01354 0.722623
1.01499 0.72337
1.01683 0.72337
1.01842 0.72317
1.01998 0.723315
1.02154 0.724117
1.0235 0.724463
1.02526 0.724262
1.02716 0.724463
1.02942 0.725266
1.03156 0.725065
1.0336 0.725211
1.03552 0.725211
1.037 0.725356
1.03872 0.725557
1.04044 0.726049
1.04238 0.726451
1.04383 0.726743
1.04558 0.726889
1.04724 0.726889
1.04884 0.72773
1.05019 0.727821
1.05186 0.727712
1.05396 0.728261
1.05576 0.728701
1.05759 0.728957
1.05936 0.728848
1.06112 0.728793
1.06295 0.728885
1.0649 0.72949
1.0665 0.729435
1.06816 0.729566
1.06974 0.729806
1.07132 0.72979
1.07315 0.72979
1.07549 0.72979
1.0773 0.730583
1.07861 0.730917
1.07981 0.731159
1.08197 0.731307
1.08439 0.731307
1.08665 0.731455
1.08852 0.731806
1.09078 0.7324
1.09247 0.73355
1.09459 0.733645
1.09634 0.733632
1.09845 0.734337
1.1006 0.734337
1.10341 0.734893
1.10598 0.734839
1.10835 0.735384
1.10989 0.735576
1.11169 0.735618
1.11417 0.736122
1.11634 0.736466
1.11884 0.736659
1.12096 0.736853
1.12245 0.737554
1.12492 0.737705
1.12726 0.737846
1.12999 0.738452
1.13199 0.738952
1.13402 0.739148
1.13637 0.739712
1.13878 0.740268
1.1416 0.740466
1.14368 0.740664
1.14575 0.741123
1.14795 0.742196
1.15038 0.742449
1.15384 0.743017
1.15667 0.743271
1.15898 0.743372
1.16161 0.743521
1.16411 0.743824
1.16653 0.744075
1.16906 0.744743
1.1723 0.745417
1.17479 0.745667
1.17663 0.74639
1.17934 0.746491
1.18264 0.746331
1.18601 0.746798
1.18855 0.747373
1.19068 0.747473
1.19281 0.746942
1.19579 0.747517
1.19852 0.747885
1.20155 0.748517
1.2049 0.748833
1.20788 0.749522
1.21155 0.750533
1.21409 0.751282
1.21771 0.751498
1.22236 0.751822
1.22559 0.752363
1.22935 0.75285
1.23273 0.753177
1.23656 0.753883
1.23929 0.754049
1.24301 0.754056
1.2461 0.754717
1.24957 0.755053
1.25355 0.755657
1.25759 0.755885
1.26151 0.75622
1.26693 0.756449
1.27109 0.756899
1.27505 0.757675
1.27919 0.758355
1.2827 0.760274
1.28731 0.761525
1.2916 0.762719
1.29593 0.763932
1.30134 0.76418
1.30703 0.765233
1.31197 0.766547
1.3167 0.767458
1.32172 0.768514
1.32712 0.769441
1.33177 0.770094
1.33755 0.771087
1.34264 0.771804
1.34676 0.774239
1.35211 0.774615
1.35721 0.776606
1.36152 0.777961
1.36821 0.779252
1.37529 0.781563
1.38186 0.78289
1.38959 0.784012
1.39675 0.786476
1.40293 0.787857
1.4081 0.791144
1.41563 0.791976
1.42049 0.794287
1.42829 0.795743
1.43368 0.797741
1.44012 0.800885
1.44703 0.80444
