0.501993 0.488994
0.502129 0.494236
0.502155 0.486911
0.50234 0.488861
0.502457 0.497712
0.502622 0.500537
0.502671 0.49802
0.502943 0.500472
0.5031 0.500883
0.503276 0.498747
0.503472 0.496426
0.503752 0.493633
0.503884 0.489377
0.503985 0.48583
0.504222 0.488789
0.504473 0.483516
0.504721 0.485748
0.504992 0.488385
0.505307 0.496555
0.505502 0.498725
0.505694 0.500736
0.505959 0.505899
0.506321 0.505489
0.506705 0.505338
0.507177 0.508169
0.507319 0.507054
0.507598 0.510229
0.507877 0.507579
0.508196 0.507955
0.508374 0.508487
0.508713 0.507143
0.508875 0.506112
0.509295 0.507677
0.509626 0.50983
0.509995 0.510652
0.510383 0.507302
0.51072 0.507323
0.511214 0.507004
0.511717 0.508703
0.51216 0.50838
0.512593 0.509991
0.513057 0.512996
0.513447 0.514574
0.513874 0.514641
0.514325 0.515135
0.514957 0.517334
0.515345 0.517607
0.515681 0.519613
0.516149 0.520566
0.516783 0.519857
0.51737 0.518984
0.517921 0.523027
0.518427 0.524186
0.519051 0.524462
0.519637 0.524399
0.520217 0.525126
0.520914 0.522516
0.521506 0.523663
0.522073 0.523351
0.522625 0.524609
0.523281 0.52678
0.523795 0.528775
0.524467 0.530678
0.525166 0.532225
0.525848 0.533605
0.526513 0.534653
0.527166 0.533735
0.527813 0.536374
0.528515 0.537611
0.529216 0.537359
0.529957 0.537804
0.5307 0.538931
0.531402 0.539614
0.532158 0.539542
0.53284 0.539737
0.533762 0.538412
0.53456 0.539203
0.535492 0.538839
0.536356 0.539117
0.537106 0.540552
0.537839 0.540855
0.538618 0.54363
0.539436 0.544266
0.540454 0.54444
0.54147 0.546257
0.542424 0.54694
0.543299 0.546215
0.544204 0.547331
0.544991 0.547877
0.545788 0.547476
0.546692 0.548568
0.547584 0.549523
0.548602 0.549348
0.549384 0.550826
0.550274 0.550907
0.551145 0.550154
0.552137 0.552355
0.553304 0.553982
0.554471 0.553957
0.555415 0.554165
0.556251 0.555533
0.55709 0.557169
0.557991 0.557897
0.55899 0.557555
0.560086 0.559502
0.561209 0.56022
0.562157 0.560782
0.563206 0.562424
0.564295 0.563681
0.565348 0.565509
0.566492 0.56832
0.567613 0.568265
0.568574 0.568675
0.569741 0.570357
0.57068 0.571892
0.571668 0.57322
0.572714 0.57464
0.57379 0.575966
0.574745 0.577661
0.575877 0.577374
0.577004 0.576387
0.5782 0.578172
0.579122 0.578862
0.58014 0.579637
0.581159 0.580697
0.582111 0.5806
0.583302 0.582847
0.584326 0.582931
0.585225 0.585214
0.586296 0.587241
0.587299 0.588413
0.588372 0.586519
0.589259 0.587477
0.59032 0.58801
0.59147 0.589702
0.592557 0.590635
0.59363 0.590161
0.594659 0.591484
0.595845 0.590562
0.596828 0.590772
0.597905 0.591611
0.598944 0.592652
0.600256 0.593336
0.601214 0.592414
0.602306 0.594101
0.603115 0.595104
0.604028 0.594985
0.605173 0.593938
0.606473 0.595229
0.607572 0.598436
0.60875 0.599759
0.609659 0.598596
0.610794 0.598114
0.612075 0.599158
0.613233 0.601205
0.61442 0.601846
0.615459 0.602649
0.616479 0.603611
0.617634 0.60321
0.61868 0.604054
0.619929 0.604698
0.621008 0.60405
0.622281 0.605854
0.623355 0.60617
0.624441 0.607537
0.625368 0.607859
0.626611 0.609497
0.627802 0.609419
0.628774 0.608739
0.629797 0.608495
0.630776 0.609096
0.63198 0.609697
0.633061 0.609942
0.634231 0.612024
0.635339 0.613181
0.636445 0.613782
0.637487 0.614661
0.638586 0.61503
0.639609 0.616293
0.640743 0.616186
0.641756 0.616834
0.642999 0.617205
0.644185 0.617759
0.645392 0.61816
0.646592 0.61816
0.647775 0.619487
0.648876 0.619744
0.649967 0.620869
0.651041 0.621746
0.652056 0.622672
0.653037 0.624074
0.654092 0.624599
0.655151 0.625701
0.656228 0.627651
0.657443 0.624975
0.658581 0.626101
0.65975 0.627078
0.660815 0.629132
0.662019 0.629607
0.66324 0.631084
0.66425 0.631379
0.665389 0.631358
0.666588 0.631864
0.667632 0.630483
0.668669 0.630156
0.669761 0.631705
0.67079 0.632485
0.672132 0.632706
0.673269 0.632886
0.674412 0.632253
0.675631 0.63316
0.676782 0.633761
0.677796 0.635108
0.678931 0.635636
0.680012 0.637237
0.681018 0.637983
0.68217 0.638311
0.683196 0.638455
0.684234 0.639311
0.685308 0.639584
0.686461 0.640841
0.687555 0.641785
0.688568 0.641728
0.689617 0.642514
0.69058 0.6429
0.691779 0.642972
0.692838 0.643243
0.693832 0.64436
0.694991 0.645103
0.696364 0.645975
0.697721 0.645587
0.698624 0.646188
0.69975 0.646459
0.700885 0.646388
0.7019 0.647129
0.703204 0.64833
0.70433 0.648989
0.705418 0.65019
0.706465 0.650721
0.707603 0.6516
0.708749 0.652931
0.709722 0.652531
0.710735 0.652061
0.711787 0.65093
0.712739 0.651191
0.713888 0.651922
0.714857 0.651451
0.715805 0.652722
0.716785 0.652252
0.71777 0.652592
0.718723 0.652722
0.719813 0.653461
0.72103 0.654655
0.722411 0.655055
0.723425 0.655787
0.724699 0.655262
0.725685 0.655862
0.726846 0.655862
0.728071 0.655931
0.729083 0.656531
0.729969 0.656594
0.731092 0.657194
0.732327 0.657795
0.733307 0.658595
0.734426 0.658932
0.735498 0.659728
0.736574 0.660861
0.737666 0.660861
0.738738 0.660997
0.739735 0.66193
0.740759 0.662327
0.741858 0.662397
0.742645 0.662996
0.743604 0.663131
0.744772 0.664266
0.745933 0.664998
0.746996 0.664932
0.748251 0.664599
0.749288 0.664866
0.750485 0.665266
0.751589 0.666333
0.752696 0.667333
0.753714 0.668001
0.754836 0.669269
0.755918 0.669468
0.757068 0.669001
0.758224 0.669936
0.759237 0.670202
0.760224 0.670737
0.761193 0.670668
0.76227 0.670268
0.76356 0.670468
0.764541 0.670402
0.765437 0.6706
0.766378 0.670602
0.767566 0.669668
0.768588 0.669936
0.769396 0.670002
0.770646 0.670602
0.77191 0.671203
0.772778 0.672069
0.773868 0.672
0.775101 0.672735
0.776216 0.672604
0.777085 0.672735
0.77808 0.673535
0.779209 0.674535
0.780071 0.67487
0.781385 0.6754
0.782523 0.67547
0.783539 0.675135
0.784592 0.6754
0.785773 0.676206
0.786873 0.676135
0.787712 0.676406
0.788722 0.677671
0.78976 0.678471
0.790678 0.678536
0.791631 0.677936
0.792698 0.677936
0.793618 0.6782
0.79439 0.678207
0.795384 0.678136
0.796423 0.678
0.797509 0.6782
0.798659 0.678136
0.799801 0.678736
0.800721 0.679472
0.801758 0.679408
0.802732 0.679808
0.803602 0.680008
0.804656 0.680936
0.805743 0.681136
0.806563 0.681946
0.807737 0.682009
0.808814 0.681536
0.809882 0.6816
0.810774 0.6824
0.811796 0.6824
0.812903 0.6824
0.814026 0.6822
0.815211 0.6828
0.815968 0.682336
0.817175 0.6824
0.818459 0.682
0.819439 0.682473
0.820453 0.683473
0.821492 0.683073
0.822516 0.6842
0.823554 0.6844
0.824557 0.684537
0.825477 0.684674
0.826868 0.684748
0.827846 0.684274
0.828893 0.6852
0.830077 0.6852
0.830844 0.6856
0.8318 0.6858
0.832853 0.6864
0.83383 0.6868
0.834766 0.6876
0.835778 0.687938
0.836899 0.687875
0.838138 0.687738
0.839356 0.687613
0.840506 0.688013
0.841726 0.688213
0.842661 0.687938
0.843884 0.688538
0.844875 0.689
0.845818 0.6892
0.846863 0.689676
0.847836 0.689938
0.848897 0.690152
0.849972 0.6902
0.850864 0.6908
0.852043 0.691677
0.853177 0.691738
0.854375 0.6922
0.855331 0.692338
0.856381 0.6924
0.85738 0.6926
0.858481 0.692939
0.859508 0.6928
0.860483 0.6928
0.86178 0.6928
0.862706 0.693878
0.863773 0.693477
0.864799 0.693539
0.865609 0.692739
0.866638 0.692616
0.867951 0.6932
0.868878 0.6934
0.869925 0.6938
0.871137 0.694
0.872155 0.6936
0.873162 0.6938
0.87436 0.6946
0.875627 0.694
0.876674 0.6944
0.877733 0.6946
0.878679 0.6948
0.879877 0.694739
0.88087 0.6942
0.881971 0.694739
0.882997 0.695139
0.884122 0.695139
0.885096 0.695139
0.886354 0.696078
0.887567 0.696739
0.88882 0.696739
0.889896 0.696539
0.891041 0.69754
0.891892 0.697479
0.892932 0.698079
0.894121 0.69754
0.895189 0.697679
0.8961 0.69774
0.897032 0.6982
0.898093 0.6978
0.899272 0.698
0.900517 0.698
0.901924 0.69874
0.903098 0.699
0.904245 0.7002
0.90541 0.7006
0.906504 0.70094
0.907632 0.7012
0.908702 0.7012
0.909989 0.7016
0.911343 0.7024
0.912555 0.7022
0.913804 0.7024
0.915274 0.703
0.916314 0.702941
0.917447 0.702941
0.918638 0.703141
0.919836 0.703741
0.921021 0.703941
0.922385 0.7038
0.923507 0.704541
0.924465 0.704682
0.925482 0.705082
0.926762 0.705023
0.927989 0.705223
0.929262 0.705423
0.930284 0.705423
0.931364 0.7056
0.932516 0.706141
0.933623 0.7064
0.934619 0.7066
0.935753 0.7066
0.936785 0.7066
0.938327 0.7076
0.939543 0.708
0.940552 0.708
0.941774 0.7078
0.943168 0.7078
0.944161 0.7078
0.9453 0.708
0.946602 0.708542
0.947625 0.709084
0.948782 0.709084
0.950057 0.709484
0.950968 0.709284
0.952093 0.709284
0.953187 0.709484
0.95442 0.709826
0.955866 0.709826
0.957147 0.709626
0.958297 0.709826
0.959693 0.709626
0.960993 0.709626
0.962156 0.709367
0.96326 0.70991
0.9645 0.71031
0.965757 0.710568
0.967298 0.710969
0.968579 0.711369
0.96979 0.711169
0.97095 0.711769
0.972364 0.711769
0.973614 0.71197
0.974988 0.712513
0.976376 0.713514
0.978221 0.714114
0.979834 0.713914
0.981129 0.713857
0.982524 0.713456
0.983813 0.713456
0.985083 0.714057
0.986476 0.714457
0.987834 0.715201
0.989724 0.715459
0.991413 0.715659
0.992788 0.715659
0.994358 0.715659
0.995993 0.715459
0.997454 0.715659
0.99875 0.715659
0.999958 0.715659
1.00131 0.715802
1.00303 0.715802
1.00458 0.715602
1.00579 0.715745
1.00741 0.715946
1.00897 0.716346
1.01045 0.71649
1.01188 0.71649
1.01317 0.716633
1.01442 0.716777
1.016 0.716663
1.01776 0.716807
1.01922 0.716894
1.0209 0.717182
1.02221 0.717212
1.02411 0.717815
1.02576 0.718763
1.02735 0.718763
1.02901 0.718763
1.03151 0.719711
1.03301 0.720169
1.03486 0.720659
1.03687 0.720804
1.03874 0.720402
1.04022 0.720402
1.04178 0.720201
1.04342 0.720346
1.0454 0.720636
1.04746 0.721239
1.04921 0.721585
1.05119 0.722043
1.05285 0.722043
1.05484 0.721842
1.05697 0.722043
1.05888 0.722535
1.06099 0.722424
1.06296 0.722513
1.06431 0.722603
1.06575 0.723331
1.06737 0.723276
1.06892 0.724061
1.07094 0.724465
1.0729 0.724813
1.07495 0.72551
1.0767 0.725748
1.07856 0.726097
1.08075 0.726501
1.08286 0.726997
1.08446 0.727236
1.08636 0.727328
1.08828 0.727623
1.08995 0.727199
1.09171 0.727531
1.09404 0.727734
1.09671 0.728545
1.09869 0.728896
1.10093 0.72945
1.10299 0.72984
1.10469 0.729972
1.1067 0.729713
1.10861 0.730159
1.11086 0.730252
1.11313 0.730291
1.11527 0.730534
1.11753 0.73124
1.11965 0.731633
1.12245 0.731931
1.12445 0.732271
1.12687 0.73287
1.12886 0.733101
1.13186 0.733251
1.13412 0.734058
1.13662 0.73451
1.13908 0.734442
1.1415 0.734539
1.14355 0.734979
1.14612 0.735639
1.14889 0.736094
1.15166 0.736343
1.15384 0.736733
1.1573 0.737092
1.15945 0.737441
1.16196 0.737169
1.16438 0.737725
1.16735 0.738021
1.16984 0.738219
1.17251 0.738516
1.17433 0.738442
1.17663 0.739103
1.17936 0.739194
1.18244 0.739548
1.18443 0.740461
1.18748 0.740873
1.19055 0.741184
1.1937 0.7418
1.19659 0.742262
1.19913 0.742092
1.20249 0.742447
1.2051 0.742912
1.20818 0.743275
1.21205 0.743584
1.21519 0.743889
1.219 0.744463
1.2214 0.74429
1.22477 0.744713
1.22819 0.745505
1.23165 0.746409
1.23599 0.746675
1.23989 0.747206
1.24288 0.74747
1.24618 0.747734
1.24995 0.748648
1.2541 0.748538
1.2576 0.748969
1.26165 0.749674
1.26642 0.750218
1.27148 0.750436
1.27568 0.751147
1.27945 0.752358
1.28381 0.753027
1.28843 0.754138
1.29406 0.754642
1.29847 0.754989
1.30419 0.755946
1.3094 0.757752
1.31494 0.757942
1.31947 0.758528
1.32386 0.759009
1.32918 0.760398
1.33331 0.761245
1.33859 0.76197
1.34419 0.763291
1.35133 0.765193
1.35705 0.765987
1.36243 0.766457
1.36848 0.767306
1.37473 0.769376
1.38092 0.770161
1.38765 0.772923
1.39491 0.774357
1.40202 0.775866
1.40887 0.77794
1.41643 0.780103
1.42131 0.781787
1.42595 0.785696
1.43339 0.789353
1.43947 0.793692
1.44535 0.79618
1.45223 0.800636
