0.501574 0.496172
0.501697 0.489971
0.501825 0.486056
0.501916 0.485958
0.502038 0.492135
0.502247 0.488889
0.502373 0.49004
0.502672 0.492958
0.502819 0.498671
0.503092 0.497517
0.503334 0.498042
0.503522 0.505891
0.503922 0.511111
0.504114 0.512854
0.504182 0.515625
0.50442 0.509512
0.504714 0.510227
0.504925 0.506753
0.505101 0.506494
0.505289 0.507523
0.505546 0.505314
0.505677 0.507449
0.505829 0.502476
0.506153 0.503472
0.506507 0.503782
0.506854 0.503281
0.507271 0.509337
0.507647 0.511646
0.507973 0.514889
0.508464 0.51156
0.50886 0.510722
0.509195 0.513947
0.509396 0.515911
0.50967 0.51438
0.510026 0.513461
0.510415 0.516508
0.510889 0.517607
0.51122 0.518643
0.511735 0.522352
0.512234 0.525679
0.512562 0.525296
0.513038 0.524637
0.513468 0.526331
0.513927 0.524649
0.514409 0.524354
0.514794 0.527673
0.515261 0.529412
0.515776 0.529335
0.516215 0.5322
0.516659 0.531504
0.517247 0.530638
0.517737 0.532555
0.518306 0.533909
0.518852 0.535854
0.519406 0.537718
0.519985 0.537188
0.520621 0.538352
0.521283 0.538171
0.521863 0.538101
0.522525 0.535382
0.523054 0.535449
0.523749 0.535829
0.524405 0.537075
0.525163 0.535285
0.525773 0.536206
0.526493 0.536482
0.527135 0.540823
0.527827 0.54199
0.528612 0.541096
0.529291 0.541896
0.530017 0.544121
0.530905 0.545831
0.531841 0.54796
0.532529 0.547321
0.533131 0.547393
0.534025 0.546664
0.534646 0.547863
0.535533 0.5492
0.536383 0.548669
0.537093 0.548799
0.537892 0.546669
0.538772 0.546839
0.539646 0.549958
0.540478 0.551188
0.541285 0.551847
0.542051 0.553
0.542862 0.554952
0.543597 0.55588
0.544367 0.556619
0.545285 0.558995
0.546101 0.560182
0.547132 0.559413
0.547963 0.562074
0.548948 0.565244
0.549844 0.565405
0.550853 0.567173
0.551626 0.565449
0.552538 0.565485
0.553487 0.565957
0.554525 0.569675
0.555643 0.569998
0.556818 0.570641
0.557686 0.571166
0.558596 0.571545
0.559588 0.572301
0.560581 0.572796
0.561495 0.571748
0.562374 0.573143
0.563336 0.573577
0.564426 0.573837
0.565437 0.572095
0.566454 0.571458
0.567507 0.572182
0.568398 0.573079
0.569472 0.572961
0.570468 0.572934
0.571329 0.574033
0.572158 0.575647
0.573224 0.578043
0.574393 0.579947
0.57544 0.578926
0.576454 0.579786
0.577507 0.582189
0.578433 0.583955
0.579284 0.583266
0.580415 0.584057
0.581393 0.58451
0.582636 0.585636
0.583826 0.587334
0.584677 0.588555
0.585936 0.58852
0.587247 0.589361
0.588345 0.591385
0.589316 0.592913
0.590488 0.594077
0.591568 0.595612
0.592674 0.597024
0.593726 0.596781
0.594786 0.596541
0.595769 0.596502
0.596883 0.597105
0.598001 0.596382
0.598989 0.595937
0.600114 0.597264
0.601063 0.597108
0.602197 0.597951
0.603419 0.59783
0.604551 0.598031
0.605694 0.599598
0.606969 0.601406
0.607925 0.602127
0.609064 0.602929
0.610237 0.604572
0.611339 0.606377
0.612357 0.606942
0.613549 0.606498
0.61456 0.606377
0.615831 0.606176
0.616981 0.606176
0.617841 0.606577
0.618906 0.606942
0.619899 0.608748
0.621037 0.609629
0.622218 0.61022
0.623381 0.610343
0.624527 0.610577
0.625699 0.611824
0.626932 0.612024
0.628161 0.612871
0.629254 0.6154
0.630433 0.615184
0.63151 0.616156
0.632687 0.616804
0.633766 0.61648
0.634736 0.61773
0.635841 0.618083
0.636886 0.617358
0.637987 0.618189
0.63903 0.620068
0.640137 0.620517
0.641389 0.621394
0.642516 0.621421
0.643698 0.622521
0.644832 0.621318
0.646156 0.622244
0.647692 0.623072
0.648736 0.624224
0.649886 0.625701
0.651089 0.628177
0.652052 0.628651
0.65306 0.628377
0.654313 0.629429
0.655441 0.631062
0.656628 0.632559
0.657603 0.632506
0.658555 0.632432
0.659751 0.632053
0.660865 0.63356
0.662158 0.635089
0.663336 0.635289
0.66457 0.634288
0.665607 0.634342
0.666754 0.634014
0.667895 0.633761
0.668905 0.635235
0.670017 0.636236
0.671311 0.635763
0.672466 0.635381
0.67364 0.637182
0.674924 0.63791
0.67606 0.637437
0.677149 0.637983
0.678342 0.638383
0.679389 0.639384
0.680554 0.640584
0.681846 0.641257
0.683024 0.640913
0.684003 0.64024
0.684983 0.641283
0.686297 0.642027
0.687224 0.642299
0.688237 0.643229
0.689457 0.643029
0.690434 0.6429
0.691571 0.6429
0.692719 0.642786
0.693774 0.643186
0.694747 0.644173
0.696087 0.643529
0.697294 0.644387
0.698338 0.643515
0.699552 0.645387
0.700743 0.645587
0.701706 0.644787
0.702935 0.645116
0.704041 0.645058
0.704947 0.644716
0.706121 0.645658
0.707424 0.646317
0.708509 0.647447
0.709468 0.648459
0.710458 0.648578
0.711584 0.649249
0.712626 0.64992
0.713784 0.650581
0.714846 0.650711
0.715882 0.651163
0.716938 0.651843
0.718129 0.652783
0.719176 0.653323
0.720189 0.653923
0.721549 0.654855
0.722422 0.655386
0.723634 0.654924
0.724666 0.654855
0.725642 0.654454
0.726857 0.654655
0.727823 0.655124
0.729058 0.655324
0.730256 0.654924
0.731116 0.654323
0.731944 0.654724
0.733027 0.655524
0.734033 0.655524
0.735081 0.655186
0.736023 0.655925
0.737069 0.656863
0.738012 0.658058
0.739023 0.659064
0.740115 0.659464
0.741292 0.659932
0.742399 0.660264
0.74353 0.660196
0.744491 0.659992
0.745513 0.659728
0.746494 0.660864
0.747656 0.661732
0.748671 0.66233
0.749768 0.662863
0.750726 0.663133
0.751863 0.663465
0.752862 0.663465
0.753957 0.663329
0.755283 0.663664
0.75642 0.664532
0.757521 0.665332
0.75855 0.664466
0.759539 0.664799
0.760662 0.665599
0.7616 0.666867
0.762726 0.666733
0.763657 0.666533
0.76469 0.666066
0.765834 0.666333
0.766491 0.666467
0.767733 0.6672
0.768668 0.667868
0.76969 0.669069
0.770769 0.668868
0.771826 0.668535
0.77299 0.669868
0.773799 0.670268
0.774923 0.670002
0.775924 0.670734
0.776903 0.671334
0.777821 0.671803
0.778812 0.672334
0.779763 0.672869
0.780823 0.672269
0.78178 0.671934
0.782734 0.6712
0.783708 0.672134
0.784657 0.672535
0.785685 0.672735
0.786548 0.673535
0.787454 0.674135
0.788313 0.67407
0.78933 0.67447
0.790371 0.6742
0.791463 0.67487
0.792577 0.675205
0.793478 0.67494
0.794462 0.67427
0.795444 0.67447
0.796537 0.674335
0.797708 0.674735
0.798694 0.6744
0.799688 0.674735
0.800819 0.674735
0.801793 0.674535
0.802928 0.6746
0.804034 0.674535
0.805223 0.67407
0.80628 0.673935
0.807277 0.6742
0.808257 0.674935
0.809123 0.675335
0.810264 0.675735
0.81137 0.676271
0.812373 0.676871
0.813309 0.677206
0.814326 0.677335
0.815544 0.677071
0.816473 0.678136
0.81764 0.678807
0.818728 0.6794
0.819664 0.679736
0.820668 0.679472
0.821635 0.679736
0.822944 0.680336
0.824058 0.680336
0.825308 0.680736
0.826421 0.6808
0.827504 0.6812
0.828772 0.6822
0.829672 0.682537
0.83073 0.6832
0.831824 0.683
0.832799 0.6834
0.833798 0.683874
0.834977 0.684537
0.835866 0.6848
0.836704 0.685537
0.837718 0.685474
0.838808 0.6866
0.839745 0.687337
0.840745 0.687738
0.841778 0.688275
0.842764 0.688475
0.843683 0.689276
0.844505 0.689151
0.845509 0.688938
0.846668 0.689076
0.848003 0.689476
0.848991 0.688876
0.85007 0.689538
0.850977 0.689538
0.851739 0.6894
0.85282 0.689676
0.853932 0.690276
0.855046 0.690738
0.856108 0.690938
0.856974 0.6912
0.857988 0.6912
0.858951 0.691338
0.860032 0.691738
0.861035 0.691338
0.862075 0.690876
0.863181 0.690876
0.864465 0.691738
0.865432 0.691938
0.866488 0.692277
0.867288 0.692277
0.86825 0.692677
0.869627 0.692939
0.870687 0.6928
0.871931 0.6934
0.872985 0.693339
0.87395 0.692539
0.875104 0.6928
0.876322 0.6928
0.877535 0.6934
0.878633 0.6942
0.879759 0.693539
0.880788 0.693739
0.881787 0.6938
0.882841 0.6944
0.884032 0.693939
0.885334 0.6946
0.886263 0.6942
0.887372 0.6946
0.888594 0.6948
0.889738 0.6952
0.890966 0.695739
0.892097 0.696078
0.89313 0.6962
0.894057 0.696539
0.895021 0.6964
0.896009 0.6964
0.897234 0.6966
0.898348 0.6966
0.899419 0.6966
0.900479 0.6966
0.901552 0.6972
0.902924 0.6972
0.90395 0.69814
0.905176 0.69834
0.906454 0.69854
0.907366 0.69814
0.908596 0.6978
0.909659 0.698079
0.910705 0.69854
0.911891 0.69874
0.912961 0.6988
0.914196 0.6996
0.915256 0.6998
0.916476 0.7008
0.91791 0.7014
0.919035 0.7014
0.92017 0.7016
0.921193 0.7018
0.922285 0.7018
0.923824 0.7022
0.924779 0.7026
0.925985 0.7028
0.927498 0.7032
0.928605 0.703
0.929635 0.703
0.930622 0.7028
0.931852 0.703
0.933065 0.7032
0.934249 0.7032
0.935411 0.7034
0.936747 0.703941
0.938123 0.704
0.93942 0.7044
0.940683 0.704341
0.941763 0.7048
0.942977 0.7048
0.944052 0.7052
0.945419 0.7056
0.946697 0.705741
0.94794 0.705941
0.949095 0.705741
0.950392 0.7062
0.951717 0.706341
0.952982 0.706283
0.954404 0.7062
0.955927 0.705941
0.957055 0.706283
0.95862 0.707683
0.959902 0.707942
0.960923 0.708142
0.96211 0.708342
0.963356 0.708683
0.964751 0.708942
0.966267 0.708942
0.967876 0.7094
0.96921 0.709142
0.970624 0.7098
0.971938 0.709884
0.973058 0.709884
0.974261 0.710284
0.975714 0.709826
0.977096 0.709742
0.978456 0.709884
0.979812 0.709884
0.981108 0.710142
0.982523 0.710142
0.983568 0.709942
0.98461 0.709942
0.985964 0.710342
0.987045 0.710542
0.98838 0.710484
0.98958 0.710684
0.990862 0.711084
0.992244 0.711285
0.993904 0.711685
0.99575 0.712085
0.997601 0.712485
0.999272 0.712685
1.00091 0.713085
1.0022 0.713685
1.00356 0.713628
1.00496 0.713886
1.00634 0.714086
1.00789 0.714286
1.00953 0.715029
1.0107 0.715115
1.01277 0.715572
1.01413 0.715572
1.01593 0.715916
1.01764 0.716116
1.01893 0.716603
1.0205 0.717004
1.02194 0.717491
1.0239 0.717548
1.02573 0.717748
1.02718 0.717635
1.02868 0.717579
1.0303 0.717779
1.03172 0.717779
1.03356 0.717635
1.03514 0.717836
1.03683 0.718036
1.03843 0.717923
1.04016 0.718267
1.04197 0.718957
1.04363 0.718788
1.04547 0.718788
1.04706 0.719076
1.04877 0.719277
1.05061 0.719823
1.05253 0.720458
1.05498 0.721206
1.05678 0.721641
1.05894 0.722189
1.06125 0.723139
1.06282 0.72343
1.0646 0.724124
1.0667 0.724527
1.06846 0.724763
1.07059 0.724854
1.07281 0.725055
1.07459 0.725348
1.0767 0.725898
1.07877 0.725842
1.08042 0.725989
1.08243 0.72608
1.08423 0.726428
1.0858 0.726409
1.08798 0.726703
1.09 0.726739
1.09231 0.727291
1.09444 0.727383
1.0966 0.727475
1.09894 0.727475
1.10083 0.727457
1.10237 0.727383
1.10446 0.727679
1.10607 0.727605
1.10829 0.728049
1.11071 0.728789
1.11231 0.729031
1.11441 0.72968
1.1161 0.73011
1.11823 0.730557
1.12051 0.731005
1.12302 0.731453
1.1256 0.731697
1.12773 0.731792
1.13024 0.731982
1.13228 0.732267
1.13486 0.732663
1.13687 0.732704
1.13879 0.733046
1.14036 0.733731
1.14315 0.734433
1.14569 0.734778
1.14861 0.73493
1.15208 0.734723
1.15401 0.735057
1.15687 0.735513
1.15911 0.736264
1.16147 0.736809
1.16407 0.737521
1.16706 0.737565
1.16881 0.738577
1.17203 0.738677
1.17519 0.738722
1.17772 0.739749
1.18076 0.739795
1.18354 0.739778
1.18629 0.740391
1.18928 0.741372
1.19211 0.741521
1.19471 0.74135
1.19761 0.741867
1.20138 0.742597
1.20525 0.742748
1.20814 0.742948
1.21227 0.742942
1.21485 0.743557
1.21875 0.744191
1.22301 0.744454
1.22642 0.744608
1.22985 0.744763
1.23425 0.744968
1.23798 0.745283
1.2415 0.745865
1.24517 0.746819
1.24983 0.747084
1.25358 0.747457
1.25741 0.748047
1.26151 0.748588
1.26607 0.749183
1.27023 0.749345
1.27391 0.749563
1.27827 0.749452
1.28233 0.750384
1.28646 0.75088
1.29122 0.751432
1.29636 0.7526
1.30174 0.753549
1.30653 0.754055
1.31148 0.754566
1.31623 0.755134
1.32153 0.755819
1.32707 0.756909
1.33257 0.758239
1.33821 0.75855
1.34569 0.7596
1.35012 0.761296
1.35638 0.762363
1.36179 0.763394
1.3675 0.764747
1.37325 0.766007
1.37925 0.767861
1.38584 0.769866
1.39229 0.772468
1.40005 0.77326
1.4064 0.77438
1.41438 0.775703
1.41976 0.778295
1.42551 0.782156
1.4331 0.78482
1.44053 0.786761
1.44968 0.788815
1.45458 0.792952
1.4605 0.797785
