0.501876 0.484115
0.501884 0.496561
0.501977 0.497416
0.502328 0.504182
0.502359 0.497817
0.502541 0.501016
0.502686 0.501425
0.503016 0.500896
0.503397 0.497869
0.503639 0.50282
0.503906 0.50686
0.504085 0.502523
0.504227 0.506529
0.504399 0.502947
0.5045 0.506807
0.504761 0.503509
0.50498 0.508141
0.505113 0.511075
0.505469 0.50963
0.505672 0.505776
0.505967 0.504108
0.506176 0.501852
0.506384 0.504937
0.506626 0.506772
0.506956 0.504896
0.507249 0.509068
0.507471 0.507797
0.507764 0.508514
0.508069 0.509413
0.508351 0.511585
0.508672 0.512719
0.509099 0.509941
0.50952 0.510246
0.509861 0.509377
0.510229 0.507223
0.510495 0.50783
0.510901 0.510924
0.511276 0.512382
0.511724 0.507946
0.512182 0.50824
0.512673 0.509297
0.513122 0.512021
0.513601 0.512943
0.51376 0.512566
0.514225 0.513896
0.514811 0.514278
0.515279 0.514118
0.515761 0.515016
0.516296 0.519086
0.516863 0.521694
0.517484 0.520987
0.517993 0.520413
0.518671 0.518111
0.519185 0.520347
0.519732 0.520265
0.520345 0.522384
0.520967 0.520116
0.52177 0.521594
0.522284 0.520265
0.522943 0.521974
0.52366 0.524143
0.524327 0.525173
0.525042 0.525626
0.525574 0.527613
0.526297 0.526638
0.5269 0.528097
0.527591 0.527971
0.52826 0.529097
0.52893 0.528916
0.529622 0.528319
0.530367 0.529308
0.531098 0.528095
0.531831 0.529785
0.532615 0.529001
0.533298 0.529757
0.534051 0.530418
0.534705 0.530264
0.535411 0.532529
0.536227 0.533119
0.537101 0.534387
0.537952 0.537871
0.538746 0.539393
0.53963 0.538755
0.540363 0.539193
0.541461 0.53997
0.542311 0.542587
0.543155 0.543547
0.543835 0.544751
0.544669 0.544028
0.545697 0.545682
0.546648 0.544982
0.547663 0.547076
0.548537 0.546733
0.549348 0.54968
0.55009 0.547388
0.550956 0.549711
0.551832 0.548414
0.55286 0.549125
0.553663 0.550391
0.554586 0.55038
0.555472 0.552508
0.556472 0.554715
0.557269 0.556282
0.558243 0.555828
0.559101 0.556394
0.560049 0.555646
0.5611 0.555125
0.562074 0.557728
0.562965 0.558722
0.563951 0.560098
0.564951 0.561357
0.566012 0.563197
0.566952 0.562906
0.567904 0.562538
0.568983 0.563386
0.569887 0.563375
0.570988 0.564653
0.572363 0.564601
0.573565 0.562842
0.574544 0.563449
0.575518 0.566377
0.576734 0.566956
0.57763 0.569293
0.578736 0.5714
0.579815 0.573304
0.580876 0.574223
0.581845 0.574309
0.582881 0.57503
0.583844 0.577357
0.585017 0.577411
0.585985 0.577039
0.586848 0.57594
0.588054 0.577921
0.589128 0.576166
0.590152 0.577318
0.591393 0.579095
0.592425 0.580989
0.593623 0.582546
0.594603 0.582245
0.595765 0.583065
0.596567 0.584489
0.597668 0.586262
0.598734 0.58807
0.599767 0.588105
0.600706 0.588271
0.601638 0.590361
0.602689 0.590644
0.603672 0.591493
0.60486 0.592622
0.605927 0.593455
0.607017 0.595056
0.607996 0.593775
0.609152 0.594497
0.610171 0.595706
0.61136 0.596671
0.612299 0.597153
0.613466 0.595949
0.614656 0.595672
0.615785 0.596192
0.6168 0.596034
0.618018 0.597197
0.618984 0.598277
0.62025 0.599279
0.621403 0.59884
0.622399 0.59968
0.623381 0.601161
0.6247 0.602043
0.625782 0.604083
0.626961 0.604167
0.628195 0.606377
0.629281 0.607207
0.630151 0.606649
0.631316 0.60745
0.632426 0.608452
0.633723 0.609131
0.634745 0.61021
0.635673 0.611501
0.636847 0.613891
0.63793 0.615662
0.639061 0.616416
0.640177 0.617818
0.641277 0.619267
0.642525 0.618714
0.643482 0.619964
0.644676 0.62127
0.645986 0.621394
0.647045 0.621822
0.648069 0.621746
0.649072 0.622672
0.650092 0.62147
0.651393 0.624074
0.652606 0.624074
0.653696 0.624074
0.654748 0.622971
0.656078 0.622672
0.657193 0.623023
0.658398 0.622849
0.659485 0.623824
0.660274 0.624175
0.661508 0.624299
0.662629 0.625175
0.663818 0.6255
0.665264 0.625901
0.666329 0.626176
0.667328 0.626752
0.668343 0.627376
0.669482 0.627553
0.670711 0.628182
0.671887 0.628606
0.673011 0.63006
0.674016 0.630134
0.675008 0.630557
0.67616 0.630504
0.677101 0.631031
0.678086 0.630104
0.679395 0.630778
0.680325 0.6322
0.681387 0.632559
0.682232 0.63298
0.683354 0.633707
0.684182 0.633507
0.6852 0.635089
0.686311 0.634889
0.687563 0.634762
0.688715 0.636364
0.690057 0.636036
0.691339 0.637838
0.692345 0.636982
0.693354 0.637237
0.694458 0.637655
0.695468 0.637783
0.696439 0.637655
0.697436 0.637528
0.698438 0.638655
0.699501 0.638728
0.700806 0.640328
0.701801 0.640384
0.702876 0.640856
0.704073 0.642057
0.705181 0.64197
0.706173 0.642356
0.707282 0.6427
0.708366 0.643844
0.709505 0.643114
0.710708 0.643372
0.711728 0.643515
0.71279 0.644658
0.713771 0.646317
0.714994 0.647129
0.715988 0.64753
0.717059 0.646918
0.718251 0.646588
0.719055 0.646788
0.720083 0.647247
0.721139 0.646446
0.721984 0.647777
0.723072 0.64919
0.724165 0.649049
0.725023 0.648979
0.725946 0.648508
0.727106 0.64926
0.72814 0.64959
0.729357 0.65052
0.730374 0.65059
0.731628 0.64939
0.732611 0.64959
0.733732 0.64833
0.734856 0.65013
0.735745 0.65052
0.73666 0.651191
0.737593 0.651251
0.738658 0.652
0.739588 0.652931
0.740514 0.652461
0.741457 0.652931
0.742867 0.652531
0.74383 0.653
0.744948 0.653131
0.745965 0.653723
0.746942 0.653053
0.74828 0.654593
0.749414 0.654393
0.750386 0.654862
0.75145 0.655193
0.752529 0.654731
0.753621 0.655531
0.754656 0.6556
0.755825 0.655931
0.756893 0.6562
0.757885 0.657463
0.759178 0.657663
0.760113 0.658195
0.761221 0.659
0.762333 0.659532
0.763237 0.660064
0.764384 0.6594
0.765585 0.660328
0.76657 0.660332
0.767695 0.660396
0.7689 0.661197
0.770111 0.661332
0.770991 0.661265
0.772109 0.662598
0.773088 0.662197
0.774317 0.663065
0.77572 0.662865
0.776693 0.663665
0.777728 0.664666
0.778675 0.665066
0.779526 0.664599
0.780739 0.664466
0.781819 0.664933
0.783028 0.666467
0.784059 0.666533
0.785122 0.666667
0.786329 0.667267
0.787342 0.667734
0.788386 0.667734
0.789302 0.667067
0.790327 0.6674
0.791599 0.668
0.79262 0.668868
0.793628 0.669468
0.794525 0.670334
0.795563 0.670334
0.796536 0.672069
0.7978 0.672804
0.798717 0.6732
0.79961 0.672935
0.800533 0.67467
0.801527 0.6742
0.802431 0.675335
0.803573 0.674335
0.804615 0.67427
0.805582 0.67387
0.806526 0.674205
0.807576 0.67494
0.808819 0.674339
0.809959 0.674805
0.810986 0.67507
0.811976 0.67547
0.812967 0.67547
0.813926 0.67567
0.814811 0.67567
0.815734 0.6754
0.816668 0.67587
0.817665 0.676535
0.818847 0.677671
0.820013 0.6784
0.820886 0.6786
0.821918 0.6794
0.822921 0.6798
0.823932 0.6804
0.825091 0.6804
0.826196 0.680936
0.827283 0.681736
0.828434 0.681936
0.82958 0.681736
0.830591 0.6816
0.831497 0.681536
0.832664 0.681473
0.833691 0.6812
0.834669 0.682537
0.835702 0.6822
0.836627 0.681936
0.837574 0.681736
0.838547 0.6816
0.839561 0.6818
0.840456 0.6818
0.841492 0.6824
0.842578 0.6828
0.843717 0.6828
0.844779 0.683
0.845737 0.6834
0.846807 0.683937
0.847815 0.684674
0.848957 0.686074
0.849891 0.686675
0.850883 0.686537
0.851861 0.686937
0.852955 0.6866
0.854249 0.687
0.855632 0.687412
0.856583 0.687275
0.857665 0.687875
0.858481 0.687212
0.859491 0.68755
0.860473 0.688013
0.861476 0.688475
0.862848 0.688751
0.863982 0.689214
0.865005 0.688675
0.866207 0.688538
0.867158 0.688338
0.868142 0.688938
0.86923 0.688938
0.870343 0.688876
0.87135 0.689276
0.872508 0.689276
0.873632 0.690614
0.874754 0.690414
0.875767 0.690676
0.876686 0.690876
0.877682 0.691138
0.87874 0.691538
0.879884 0.691877
0.881028 0.691877
0.882141 0.692277
0.883126 0.692677
0.884251 0.693216
0.885384 0.693816
0.886717 0.694756
0.887843 0.695217
0.888913 0.695278
0.889952 0.695139
0.891071 0.695339
0.89212 0.695139
0.893253 0.694939
0.89408 0.694478
0.895183 0.694678
0.89616 0.694678
0.897182 0.695278
0.898316 0.695339
0.89939 0.696279
0.900473 0.696739
0.901264 0.697139
0.9024 0.697418
0.903481 0.697339
0.904574 0.697339
0.905644 0.697879
0.906899 0.69814
0.908152 0.698559
0.9093 0.69834
0.910481 0.69834
0.911512 0.698679
0.912807 0.69888
0.913971 0.698679
0.91498 0.699299
0.916223 0.699359
0.917462 0.6997
0.918653 0.700501
0.91971 0.700501
0.920952 0.70056
0.92216 0.70082
0.923512 0.701221
0.924571 0.701421
0.925684 0.701821
0.92687 0.701821
0.928025 0.701221
0.929244 0.701621
0.930239 0.701821
0.931392 0.701821
0.932893 0.702021
0.934092 0.702221
0.935494 0.702622
0.936912 0.702221
0.93818 0.702221
0.939432 0.702221
0.940885 0.702622
0.941985 0.702762
0.9435 0.702962
0.944649 0.702762
0.945767 0.702162
0.946942 0.702362
0.948029 0.702362
0.949332 0.702762
0.950429 0.703222
0.95197 0.703363
0.95348 0.703822
0.954699 0.703822
0.956197 0.704223
0.957383 0.704363
0.958972 0.704823
0.960124 0.704623
0.961421 0.704623
0.962714 0.705023
0.963802 0.705023
0.965242 0.704964
0.966354 0.704823
0.967536 0.705423
0.969041 0.705364
0.970419 0.705647
0.97155 0.705164
0.973103 0.705305
0.974481 0.705305
0.975652 0.705447
0.977158 0.705847
0.978524 0.705847
0.980339 0.705906
0.981709 0.705847
0.983159 0.705447
0.984588 0.705447
0.986119 0.706247
0.987666 0.706448
0.989525 0.70699
0.990724 0.707131
0.992164 0.707674
0.993728 0.707674
0.995059 0.707874
0.996396 0.708275
0.997901 0.709218
0.999461 0.709761
1.00082 0.710162
1.00204 0.710363
1.00369 0.710764
1.00528 0.711107
1.00666 0.711249
1.00807 0.711535
1.0099 0.711392
1.01141 0.711592
1.0129 0.711793
1.01488 0.712538
1.01645 0.712738
1.01829 0.712939
1.01962 0.713139
1.02113 0.713139
1.02312 0.71334
1.02465 0.713283
1.026 0.713167
1.02768 0.713167
1.02996 0.713167
1.03164 0.71377
1.03324 0.71377
1.03551 0.71377
1.03737 0.714056
1.03918 0.714601
1.04071 0.714544
1.04265 0.715089
1.04461 0.715578
1.0464 0.716181
1.04843 0.716439
1.0501 0.716928
1.05163 0.717072
1.0532 0.716613
1.05515 0.717015
1.05726 0.717216
1.05877 0.717304
1.06064 0.717737
1.06235 0.717825
1.06432 0.718316
1.06632 0.718259
1.06789 0.718548
1.06951 0.718983
1.07136 0.719128
1.07248 0.719596
1.07449 0.719394
1.07618 0.719685
1.07799 0.719919
1.07997 0.720121
1.08187 0.720526
1.08391 0.720526
1.08594 0.720672
1.08793 0.721076
1.0902 0.721311
1.0924 0.721401
1.09462 0.72184
1.09634 0.722312
1.09834 0.722696
1.10085 0.723046
1.10266 0.723227
1.10413 0.723352
1.1066 0.723296
1.10862 0.723885
1.11059 0.72418
1.1125 0.724363
1.11472 0.72425
1.11643 0.724525
1.1182 0.724652
1.12042 0.724893
1.12309 0.725189
1.12515 0.72502
1.12773 0.725466
1.12958 0.725595
1.13189 0.72578
1.13416 0.726227
1.13713 0.727067
1.13946 0.727104
1.14169 0.727647
1.14406 0.727535
1.14583 0.728005
1.14762 0.728025
1.15042 0.72861
1.15308 0.729197
1.1556 0.73005
1.15838 0.730601
1.16131 0.730849
1.16422 0.731098
1.16716 0.731194
1.17046 0.731138
1.17301 0.731443
1.17628 0.731565
1.1781 0.73209
1.18064 0.732536
1.18463 0.732829
1.18795 0.732702
1.19093 0.732996
1.1932 0.733235
1.19466 0.733757
1.1978 0.734421
1.20193 0.735144
1.20548 0.7354
1.20874 0.735544
1.21239 0.736416
1.21602 0.737089
1.22033 0.737134
1.22345 0.737382
1.22755 0.737529
1.23167 0.737835
1.23562 0.738458
1.239 0.73972
1.24236 0.739862
1.24601 0.741294
1.24973 0.74246
1.25339 0.743634
1.2567 0.743724
1.26058 0.743926
1.26473 0.744466
1.26956 0.745003
1.27403 0.744831
1.27802 0.74515
1.28243 0.74586
1.28722 0.746847
1.29206 0.74706
1.29677 0.74783
1.30107 0.748883
1.30715 0.750561
1.3134 0.750956
1.31731 0.752089
1.32258 0.752834
1.32732 0.753692
1.33182 0.754967
1.33728 0.756534
1.34251 0.757485
1.34924 0.7578
1.35631 0.758877
1.36311 0.760084
1.36833 0.761023
1.37474 0.763443
1.3824 0.765055
1.38873 0.76677
1.39577 0.768179
1.40287 0.770551
1.40903 0.772417
1.41479 0.775591
1.42204 0.777226
1.42848 0.78017
1.43226 0.783722
1.43876 0.786353
1.4463 0.789583
1.45294 0.792433
